69,14,2,
1,0.0448245723560994,0.0317068539965825,0.5,0.692307692307692,0.375,0.000277488727020465,0,0,0,0,0.5,0.06,5e-005,0,
0,0.338244474965664,0.00110119612682742,0.5,0.461538461538462,0.875,0.00867152271938952,0,1,0.0149253731343284,1,0.5,0.136,0.00108,0,
1,0.256086902234986,0.0157584962977027,0.5,0.538461538461538,0.375,0.00867152271938952,0,0,0,0,0.5,0,0.00044,0,
0,0.354850792858035,0.0632238465919878,0.5,0.769230769230769,0.375,0.167533818938606,1,0,0,1,0.5,0.22,0,0,
0,0.337245598701461,0.00474653502942852,0.5,0,0,0,0,1,0.0149253731343284,0,0.5,0.046,0.003,0,
1,0.000499438132101386,0.000265805961647997,0.5,0.538461538461538,0.375,0.000346860908775581,0,0,0,0,0.5,0,0,0,
1,0.224872018978649,0.00934118093791532,0.5,0.538461538461538,0.75,0.00665972944849116,0,1,0.0298507462686567,1,0.5,0.08,0.00587,0,
1,0.932326133100262,0.000721473324473135,0,0,0,0.000277488727020465,0,1,0.0298507462686567,0,0.5,0,0.00351,0,
0,0.464102884255213,0.000949307005885703,0.5,0.153846153846154,0.875,0.00145681581685744,0,0,0,0,0.5,0.13,0.00246,0,
0,0.349731552003996,0.0222137839377255,0.5,0.384615384615385,0.375,0.000277488727020465,0,0,0,0,0.5,0.13,0.01004,0,
1,0.000374578599076039,0.00664514904119992,0,0.538461538461538,0.375,0.161984044398196,0,0,0,1,0.5,0.056,6e-005,0,
1,0.256086902234986,0.0317068539965825,0,0.538461538461538,0.375,0.000138744363510232,0,0,0,1,0,0.12,0,0,
1,0.423523536021975,0.000949307005885703,0.5,0.538461538461538,0.375,6.93721817551162e-005,0,0,0,0,0.5,0.23,0.00016,0,
1,1,0.00208847541294855,0.5,0.538461538461538,0.375,0.00374609781477627,1,0,0,0,0.5,0,0.0034,0,
1,0.326757397927332,0.000493639643060566,0.5,0.692307692307692,0.125,0,0,0,0,1,0.5,0.07,0.0111,0,
1,0.432888000998876,0.000151889120941713,0.5,0.0769230769230769,0.5,0.00867152271938952,1,0,0,1,0.5,0.092,0,0,
1,0.0260956424022974,0.00436681222707424,0,0.461538461538462,0.375,0.00104058272632674,0,0,0,1,0.5,0,0.04,0,
1,0.354850792858035,0.137649515853427,0.5,0.384615384615385,0.375,0.00173430454387791,0,0,0,1,0.5,0.05,0,0,
1,0.274815832188788,0.460413897854566,0.5,0.538461538461538,0.375,0.231356226153313,0,1,0.0298507462686567,1,0.5,0.09,0.00173,0,
1,0.0186040704207766,0.00474653502942852,0.5,0.538461538461538,0.375,0.0114464099895942,0,0,0,0,0.5,0.066,0,0,
0,0.501560744162817,0.308524776912854,0,0.230769230769231,0.375,0.0114464099895942,0,1,0.0298507462686567,0,0.5,0.092,0.00018,0,
1,0.508927456611312,0.0317068539965825,0.5,0,0,0,1,0,0,0,0.5,0.065,1e-005,0,
1,0.242477213135223,0.0222137839377255,0.5,0,0,0,0,1,0.0447761194029851,0,0.5,0.175,0.00769,0,
1,0.729429391934074,0.010290487943801,0.5,0.538461538461538,0.375,0.167533818938606,0,0,0,1,0.5,0.16,0,0,
1,0.363216381570733,0.000493639643060566,0.5,0.0769230769230769,0.875,0.000346860908775581,0,0,0,0,0.5,0.114,0,0,
1,0.531776751154951,0.000113916840706284,0.5,0.153846153846154,0.5,6.93721817551162e-005,1,0,0,0,0.5,0,0.002,0,
1,0.508927456611312,0.00854376305297133,0,1,0.875,0.000693721817551162,1,0,0,1,0.5,0.088,0,0,
1,0.211262329878886,0.00322764382001139,0,0.538461538461538,0.375,0.000277488727020465,0,0,0,0,0.5,0.07,0.00722,0,
1,0.27581470845299,0.000341750522118853,0.5,0.384615384615385,0.375,0.00589663544918488,0,0,0,0,0.5,0,0,0,
1,0.284180297165689,0.000645528764002278,0.5,0.461538461538462,0.375,0.00589663544918488,0,0,0,0,0,0,0,0,
1,0.302909227119491,7.59445604708563e-005,0.5,0.692307692307692,0.125,0.0114464099895942,0,1,0.0298507462686567,0,0.5,0.16,0.013,0,
0,0.257085778499188,0.0362255553445984,0.5,0.153846153846154,0.375,0.000277488727020465,0,0,0,0,0.5,0.1,0.01,0,
1,0.392183793232613,0.000151889120941713,0,0.0769230769230769,0.375,0.0294831772459244,0,0,0,1,0.5,0.23,0,0,
1,0.284180297165689,0.12018226694513,0,0.538461538461538,0.375,0.0114464099895942,0,0,0,0,0.5,0.08,0.01058,0,
1,0.398551629416906,0.000151889120941713,0,0.923076923076923,0.375,0.00104058272632674,0,0,0,1,0.5,0.06,0,0,
1,0.381945311524535,0.0601860641731536,0.5,0.0769230769230769,0.375,0.040582726326743,0,0,0,1,0,0,0,0,
1,0.645149207141965,0.00774634516802734,0,0,0,0.00104058272632674,0,0,0,0,0.5,0.06,1e-005,0,
1,0.0348358097140717,0.00220239225365483,0.5,0.615384615384615,0.375,0.00201179327089837,0,1,0.0149253731343284,0,0.5,0.17,0.02803,0,
1,0.262329878886253,0.0332257452059996,0,0.538461538461538,0.875,0.00173430454387791,0,0,0,0,0.5,0.14,0.00204,0,
1,0.521413409913847,0.00159483576988798,0.5,0.538461538461538,0.875,0.00145681581685744,1,1,0.0895522388059701,0,0.5,0.11,0.00948,1,
1,0.263328755150456,0.000569584203531422,0.5,0.615384615384615,0.375,0.00104058272632674,0,0,0,0,0.5,0.075,8e-005,1,
0,0.754401298539144,0.00626542623884564,0.5,0.769230769230769,0.375,0.000763093999306278,1,0,0,1,0.5,0.0105,0.10561,1,
1,0.281058808840055,0.00626542623884564,0.5,0.538461538461538,0.25,0.0156087408949011,0,0,0,1,0,0,0,1,
0,0.319515545011862,0.000189861401177141,0.5,0.538461538461538,0.875,0.0607006590357267,1,0,0,1,0.5,0.2455,0,1,
1,0.423523536021975,0.000303778241883425,0,0.461538461538462,0.5,0.000277488727020465,1,1,0.0149253731343284,1,0.5,0.14,0.02,1,
1,0.281058808840055,0.0601860641731536,0,0.615384615384615,0.375,0.214013180714533,1,1,0.0895522388059701,0,0.5,0.04,0,1,
1,0.288300661755525,0.000151889120941713,0.5,0.538461538461538,0.5,0.00173430454387791,1,0,0,1,0.5,0.08,0,1,
1,0.318516668747659,0.00474653502942852,0.5,0.923076923076923,0.375,0.00839403399236906,1,1,1,1,0.5,0.07,0.00258,1,
1,0.704457485329005,0.00702487184355421,0.5,0.0769230769230769,0.5,0.00104058272632674,1,1,0.253731343283582,1,0.5,0,0,1,
0,0.0273442377325509,0.000341750522118853,0.5,0.769230769230769,0.375,0.00589663544918488,1,1,0.0746268656716418,1,0.5,0.06,0,1,
0,0.323635909601698,0.329029808239985,0.5,0.384615384615385,0.375,0.0981616371834894,1,0,0,0,0.5,0.08,0.0015,1,
0,0.00374578599076039,0.000151889120941713,0.5,0.307692307692308,0.25,0,1,0,0,0,0.5,0.05,0.0096,1,
1,0.286178049694094,0.00436681222707424,0.5,0.615384615384615,0.875,0.147415886229622,1,1,0.164179104477612,1,0.5,0.145,0.00284,1,
0,0.355974528655263,0.00394911714448453,0.5,0.538461538461538,0.375,0.00173430454387791,1,1,0.0746268656716418,1,0.5,0.15,0.0143,1,
1,0.00112373579722812,0.00474653502942852,0.5,0.384615384615385,0.375,0.000208116545265349,1,0,0,1,0,0.01,0,1,
1,0.50468223248845,0.000189861401177141,0.5,0.538461538461538,0.375,0.000346860908775581,1,1,0.104477611940299,0,0.5,0,0.03065,1,
1,0.237357972281184,0,0,0.461538461538462,0.5,0,0,0,0,1,0,0.25,1e-005,1,
0,0.590086153077787,0.000303778241883425,0.5,0.692307692307692,0.5,0.00450919181408255,1,1,0.0895522388059701,0,0.5,0.1875,0.511,1,
1,0.00124859533025346,3.79722802354281e-005,0.5,0.769230769230769,0.375,0.0121401318071453,1,0,0,1,0.5,0.14,0,1,
1,0.288300661755525,3.79722802354281e-005,0.5,0.538461538461538,0.375,0.057925771765522,1,0,0,0,0,0.15,0,1,
1,0.382944187788738,0,0.5,0.615384615384615,0.375,0.00867152271938952,1,1,0.0149253731343284,0,0.5,0.101,0,1,
1,0.474591085029342,0.38446933738371,0.5,1,0.375,0.00173430454387791,1,1,0.0895522388059701,0,0.5,0.26,0.00196,1,
0,0.587963541016357,0.00284792101765711,0.5,0.769230769230769,0.875,0.019077349982657,1,1,0.0149253731343284,0,0.5,0.1665,0.00892,1,
0,0.440254713447372,0.000455667362825138,0.5,0.769230769230769,0.875,0.000971210544571627,1,1,0.119402985074627,0,0.5,0,0.0659,1,
1,0.359096016980896,0.000569584203531422,0.5,0.538461538461538,0.875,0.370100589663545,1,1,0.164179104477612,0,0.5,0,0.02283,1,
1,0.332001498314396,0.0427188152648567,0.5,1,0.875,0.00867152271938952,1,0,0,0,0.5,0,0.05298,1,
1,0.532775627419153,0.175621796088855,0.5,0.769230769230769,0.375,0.0317724592438432,1,0,0,0,0,0,0,1,
1,0.312273692096392,0.00132902980823998,0.5,0.923076923076923,0.375,0.0433576135969476,1,1,0.104477611940299,0,0.5,0,0.07059,1,
1,0.714945686103134,0.00322764382001139,0.5,0.692307692307692,0.875,0.000485605272285813,1,1,0.0447761194029851,0,0.5,0,0,1,
