0.8599033816425121
0.8776167471819646
0.8663446054750402
0.8599033816425121
0.8743961352657005
0.8534621578099839
0.8599033816425121
0.856682769726248
0.8615136876006442
0.8760064412238325
0.8679549114331723
0.856682769726248
0.8599033816425121
0.8582930756843801
0.8663446054750402
0.8534621578099839
0.8711755233494364
0.8808373590982287
0.8534621578099839
0.8631239935587761
0.8599033816425121
0.8679549114331723
0.8599033816425121
0.8711755233494364
0.8679549114331723
0.8631239935587761
0.8582930756843801
0.855072463768116
0.8695652173913043
0.8711755233494364
0.8615136876006442
0.8582930756843801
0.8711755233494364
0.8599033816425121
0.856682769726248
0.856682769726248
0.8534621578099839
0.8582930756843801
0.8582930756843801
0.8647342995169082
0.8631239935587761
0.856682769726248
0.8679549114331723
0.8760064412238325
0.855072463768116
0.8615136876006442
0.8647342995169082
0.8679549114331723
0.8679549114331723
0.8582930756843801
