0.7467438494934877
0.7231884057971014
0.6517341040462428
0.6801736613603473
0.6743849493487699
0.6517341040462428
0.658465991316932
0.6560693641618497
0.703328509406657
0.6729377713458755
0.6642547033285094
0.6960926193921853
0.6714905933429812
0.6989869753979739
0.7134587554269175
0.6960926193921853
0.6512301013024602
0.7192474674384949
0.7052023121387283
0.653179190751445
0.6931982633863966
0.6555716353111433
0.6903039073806078
0.7178002894356006
0.6555716353111433
0.7409551374819102
0.6642547033285094
0.658465991316932
0.7384393063583815
0.7225433526011561
0.658465991316932
0.6685962373371924
0.6613603473227206
0.662807525325615
0.6599131693198264
0.6613603473227206
0.678726483357453
0.6975397973950795
0.6777456647398844
0.6763005780346821
0.6671490593342981
0.6671490593342981
0.6859623733719248
0.683068017366136
0.6541244573082489
0.6714905933429812
0.7105643994211288
0.6816208393632417
0.6719653179190751
0.7167630057803468
