0.5282522996057819
0.5269382391590013
0.5440210249671484
0.5124835742444153
0.4914586070959264
0.557161629434954
0.5905511811023622
0.5170603674540682
0.5144356955380578
0.5748031496062992
0.4559789750328515
0.5558475689881734
0.5847568988173456
0.5203679369250985
0.5361366622864652
0.5716162943495401
0.5879265091863517
0.5656167979002624
0.5695538057742782
0.5774278215223098
0.5229960578186597
0.5151116951379764
0.5597897503285151
0.6149802890932983
0.5992115637319316
0.48620236530880423
0.5183727034120735
0.6115485564304461
0.4448818897637795
0.6076115485564304
0.5032851511169514
0.4730617608409987
0.48226018396846254
0.5676741130091985
0.5256241787122208
0.5781865965834428
0.5433070866141733
0.48293963254593175
0.489501312335958
0.5091863517060368
0.5519053876478318
0.5466491458607096
0.6176084099868594
0.4743758212877792
0.519053876478318
0.580814717477004
0.47244094488188976
0.5341207349081365
0.5669291338582677
0.5013123359580053
