85,18,4,
0.673913043478261,0.653846153846154,0.916666666666667,0.458515283842795,0.208791208791209,0.150943396226415,0.620915032679739,0.171428571428571,0.5,0.571428571428571,0.489473684210526,0.540767386091127,0.69811320754717,0.184210526315789,0.636363636363636,0.219512195121951,0.4,0.5,1,
0.608695652173913,0.884615384615385,0.833333333333333,0.48471615720524,0.241758241758242,0.150943396226415,0.627450980392157,0.171428571428571,0.583333333333333,0.728571428571429,0.510526315789474,0.559952038369305,0.716981132075472,0.197368421052632,0.272727272727273,0.121951219512195,0.333333333333333,0.4,3,
0.630434782608696,0.461538461538462,0.625,0.388646288209607,0.186813186813187,0.0754716981132075,0.522875816993464,0.2,0.416666666666667,0.4,0.457894736842105,0.462829736211031,0.339622641509434,0.223684210526316,0.272727272727273,0.170731707317073,0.633333333333333,0.4,2,
0.152173913043478,0.192307692307692,0.319444444444444,0.109170305676856,0.0879120879120879,0.0943396226415094,0.222222222222222,0.571428571428571,0.166666666666667,0.171428571428571,0.2,0.155875299760192,0.308176100628931,0.315789473684211,0.409090909090909,0.48780487804878,0.133333333333333,0.133333333333333,1,
0.304347826086957,0.192307692307692,0.625,0.318777292576419,0.153846153846154,0.113207547169811,0.339869281045752,0.4,0.25,0.157142857142857,0.294736842105263,0.261390887290168,0.132075471698113,0.0526315789473684,0.0454545454545455,0.609756097560976,0.733333333333333,0.8,3,
0.521739130434783,1,0.944444444444444,0.537117903930131,0.252747252747253,0.169811320754717,0.73202614379085,0.114285714285714,0.666666666666667,0.971428571428571,0.5,0.657074340527578,0.685534591194969,0.144736842105263,0.454545454545455,0.609756097560976,0.333333333333333,0.566666666666667,3,
0.0869565217391304,0.192307692307692,0.486111111111111,0.174672489082969,0.131868131868132,0.0754716981132075,0.228758169934641,0.571428571428571,0.166666666666667,0.2,0.194736842105263,0.157074340527578,0.169811320754717,0.276315789473684,0.727272727272727,0.48780487804878,0.166666666666667,0.2,3,
0.782608695652174,0.769230769230769,0.958333333333333,0.510917030567686,0.241758241758242,0.188679245283019,0.712418300653595,0.142857142857143,0.666666666666667,0.728571428571429,0.505263157894737,0.633093525179856,0.647798742138365,0.171052631578947,0.590909090909091,0.682926829268293,0.4,0.666666666666667,1,
0.260869565217391,0.384615384615385,0.333333333333333,0.104803493449782,0.0989010989010989,0.113207547169811,0.248366013071895,0.571428571428571,0.166666666666667,0.371428571428571,0.2,0.167865707434053,0.40251572327044,0.302631578947368,0.409090909090909,0.341463414634146,0.133333333333333,0.1,2,
0.347826086956522,0.153846153846154,0.194444444444444,0.0655021834061135,0.0659340659340659,0.0566037735849057,0.143790849673203,0.685714285714286,0.0833333333333333,0.128571428571429,0.110526315789474,0.0983213429256595,0.232704402515723,0.263157894736842,0.727272727272727,0.341463414634146,0.266666666666667,0.133333333333333,1,
0.543478260869565,0.230769230769231,0.388888888888889,0.074235807860262,0.021978021978022,0.0943396226415094,0.143790849673203,0.714285714285714,0.0833333333333333,0.342857142857143,0.178947368421053,0.092326139088729,0.157232704402516,0.210526315789474,0.181818181818182,0.024390243902439,0.333333333333333,0.166666666666667,0,
0.326086956521739,0.153846153846154,0.319444444444444,0.11353711790393,0.120879120879121,0.0566037735849057,0.0849673202614379,0.8,0.0833333333333333,0.171428571428571,0.0578947368421053,0.0551558752997602,0.226415094339623,0.197368421052632,0.636363636363636,0.48780487804878,0.266666666666667,0.233333333333333,1,
0.434782608695652,0.346153846153846,0.416666666666667,0.117903930131004,0.0989010989010989,0.0943396226415094,0.0980392156862745,0.771428571428571,0.0833333333333333,0.385714285714286,0.136842105263158,0.0671462829736211,0.270440251572327,0.197368421052632,0.227272727272727,0.0975609756097561,0.433333333333333,0.3,0,
0.391304347826087,0.461538461538462,0.486111111111111,0.218340611353712,0.10989010989011,0.0754716981132075,0.248366013071895,0.514285714285714,0.166666666666667,0.4,0.210526315789474,0.1810551558753,0.446540880503145,0.0921052631578947,0.727272727272727,0.0487804878048781,0.566666666666667,0.566666666666667,3,
0.543478260869565,0.807692307692308,0.888888888888889,0.358078602620087,0.131868131868132,0.150943396226415,0.660130718954248,0.171428571428571,0.583333333333333,0.771428571428571,0.489473684210526,0.57673860911271,0.679245283018868,0.184210526315789,0.0454545454545455,0.634146341463415,0.333333333333333,0.466666666666667,3,
0.326086956521739,0.269230769230769,0.527777777777778,0.358078602620087,0.285714285714286,0.0754716981132075,0.300653594771242,0.428571428571429,0.25,0.228571428571429,0.289473684210526,0.233812949640288,0.245283018867925,0.184210526315789,0.0454545454545455,0.268292682926829,0.566666666666667,0.533333333333333,2,
0.282608695652174,0.384615384615385,0.361111111111111,0.11353711790393,0.0989010989010989,0.0943396226415094,0.261437908496732,0.514285714285714,0.166666666666667,0.342857142857143,0.247368421052632,0.18705035971223,0.40251572327044,0.289473684210526,0.272727272727273,0.341463414634146,0.166666666666667,0.133333333333333,2,
0.608695652173913,0.884615384615385,0.833333333333333,0.279475982532751,0.0879120879120879,0.169811320754717,0.666666666666667,0.142857142857143,0.583333333333333,0.814285714285714,0.468421052631579,0.595923261390887,0.723270440251572,0.197368421052632,0.0909090909090909,0.0731707317073171,0.3,0.366666666666667,3,
0.456521739130435,0.230769230769231,0.680555555555556,0.393013100436681,0.164835164835165,0.132075471698113,0.392156862745098,0.342857142857143,0.333333333333333,0.242857142857143,0.321052631578947,0.311750599520384,0.0754716981132075,0.0526315789473684,0.181818181818182,0.560975609756098,0.833333333333333,0.933333333333333,3,
0.369565217391304,0.307692307692308,0.430555555555556,0.283842794759825,0.230769230769231,0.0943396226415094,0.248366013071895,0.514285714285714,0.166666666666667,0.285714285714286,0.236842105263158,0.182254196642686,0.30188679245283,0.157894736842105,0.136363636363636,0.439024390243902,0.533333333333333,0.533333333333333,2,
0.326086956521739,0.423076923076923,0.625,0.152838427947598,0.0989010989010989,0.169811320754717,0.294117647058824,0.485714285714286,0.25,0.528571428571429,0.242105263157895,0.21462829736211,0.415094339622642,0.223684210526316,0.227272727272727,0.390243902439024,0.266666666666667,0.466666666666667,0,
0.58695652173913,0.846153846153846,0.847222222222222,0.37117903930131,0.10989010989011,0.150943396226415,0.718954248366013,0.114285714285714,0.666666666666667,0.842857142857143,0.5,0.655875299760192,0.641509433962264,0.157894736842105,0.318181818181818,0.414634146341463,0.4,0.533333333333333,3,
0.434782608695652,0.538461538461538,0.625,0.248908296943231,0.197802197802198,0.188679245283019,0.281045751633987,0.485714285714286,0.166666666666667,0.557142857142857,0.257894736842105,0.203836930455636,0.433962264150943,0.223684210526316,0.0909090909090909,0.219512195121951,0.266666666666667,0.5,0,
0.391304347826087,0.115384615384615,0.513888888888889,0.231441048034935,0.0989010989010989,0.0943396226415094,0.281045751633987,0.457142857142857,0.166666666666667,0.114285714285714,0.247368421052632,0.212230215827338,0.0880503144654088,0.0789473684210526,0.363636363636364,0.365853658536585,0.633333333333333,0.666666666666667,1,
0.717391304347826,0.769230769230769,0.805555555555556,0.388646288209607,0.142857142857143,0.150943396226415,0.673202614379085,0.142857142857143,0.583333333333333,0.728571428571429,0.494736842105263,0.595923261390887,0.685534591194969,0.184210526315789,0.363636363636364,0.51219512195122,0.4,0.533333333333333,1,
0.369565217391304,0.653846153846154,0.694444444444444,0.366812227074236,0.153846153846154,0.150943396226415,0.450980392156863,0.285714285714286,0.333333333333333,0.571428571428571,0.426315789473684,0.369304556354916,0.69811320754717,0.131578947368421,0.272727272727273,0.463414634146341,0.5,0.6,1,
0.195652173913043,0.307692307692308,0.416666666666667,0.222707423580786,0.186813186813187,0.0943396226415094,0.235294117647059,0.542857142857143,0.166666666666667,0.285714285714286,0.221052631578947,0.172661870503597,0.270440251572327,0.171052631578947,0.227272727272727,0.414634146341463,0.366666666666667,0.466666666666667,2,
0.695652173913043,0.807692307692308,0.833333333333333,0.506550218340611,0.241758241758242,0.150943396226415,0.712418300653595,0.114285714285714,0.666666666666667,0.742857142857143,0.536842105263158,0.640287769784173,0.584905660377358,0.184210526315789,0,0.317073170731707,0.366666666666667,0.6,1,
0.304347826086957,0.384615384615385,0.347222222222222,0.100436681222707,0.0989010989010989,0.113207547169811,0.241830065359477,0.571428571428571,0.166666666666667,0.357142857142857,0.205263157894737,0.165467625899281,0.389937106918239,0.342105263157895,0.272727272727273,0.0731707317073171,0.133333333333333,0.0333333333333333,2,
0.717391304347826,0.615384615384615,0.777777777777778,0.423580786026201,0.153846153846154,0.150943396226415,0.450980392156863,0.285714285714286,0.333333333333333,0.571428571428571,0.352631578947368,0.371702637889688,0.446540880503145,0.0394736842105263,0.863636363636364,0.365853658536585,0.866666666666667,0.933333333333333,3,
0.347826086956522,0.423076923076923,0.5,0.091703056768559,0.0769230769230769,0.150943396226415,0.287581699346405,0.514285714285714,0.25,0.471428571428571,0.173684210526316,0.201438848920863,0.421383647798742,0.223684210526316,0.545454545454545,0.292682926829268,0.266666666666667,0.4,0,
0.630434782608696,0.807692307692308,0.847222222222222,0.375545851528384,0.120879120879121,0.150943396226415,0.718954248366013,0.114285714285714,0.666666666666667,0.757142857142857,0.494736842105263,0.652278177458034,0.591194968553459,0.157894736842105,0.590909090909091,0.146341463414634,0.433333333333333,0.566666666666667,3,
0.326086956521739,0.192307692307692,0.25,0.14410480349345,0.142857142857143,0.0566037735849057,0.235294117647059,0.571428571428571,0.166666666666667,0.185714285714286,0.173684210526316,0.161870503597122,0.30188679245283,0.355263157894737,0.545454545454545,0,0.133333333333333,0.0666666666666667,1,
0.304347826086957,0.461538461538462,0.583333333333333,0.262008733624454,0.142857142857143,0.113207547169811,0.287581699346405,0.457142857142857,0.166666666666667,0.371428571428571,0.268421052631579,0.218225419664269,0.408805031446541,0.144736842105263,0.0909090909090909,0.0487804878048781,0.466666666666667,0.5,3,
0.478260869565217,0.538461538461538,0.569444444444444,0.314410480349345,0.131868131868132,0.0943396226415094,0.366013071895425,0.371428571428571,0.25,0.485714285714286,0.347368421052632,0.288968824940048,0.477987421383648,0.105263157894737,0.181818181818182,0.0975609756097561,0.5,0.566666666666667,1,
0.239130434782609,0.461538461538462,0.388888888888889,0.192139737991266,0.186813186813187,0.0754716981132075,0.222222222222222,0.571428571428571,0.166666666666667,0.342857142857143,0.2,0.15947242206235,0.446540880503145,0.210526315789474,0.227272727272727,0.024390243902439,0.233333333333333,0.2,2,
0.673913043478261,0.692307692307692,0.944444444444444,0.388646288209607,0.131868131868132,0.169811320754717,0.686274509803922,0.142857142857143,0.583333333333333,0.642857142857143,0.536842105263158,0.611510791366906,0.591194968553459,0.171052631578947,0.681818181818182,0.536585365853659,0.466666666666667,0.666666666666667,1,
0.195652173913043,0.115384615384615,0.194444444444444,0.0567685589519651,0.0659340659340659,0.0943396226415094,0.0849673202614379,0.8,0.0833333333333333,0.114285714285714,0.0842105263157895,0.0539568345323741,0.119496855345912,0.25,0.0454545454545455,0.121951219512195,0.133333333333333,0.1,1,
0.543478260869565,0.192307692307692,0.416666666666667,0.358078602620087,0.230769230769231,0.0754716981132075,0.339869281045752,0.371428571428571,0.25,0.257142857142857,0.310526315789474,0.274580335731415,0.125786163522013,0.157894736842105,0.136363636363636,0.414634146341463,0.8,0.733333333333333,2,
0.391304347826087,0.192307692307692,0.486111111111111,0.139737991266376,0.0659340659340659,0.0754716981132075,0.209150326797386,0.6,0.166666666666667,0.185714285714286,0.184210526315789,0.145083932853717,0.251572327044025,0.131578947368421,0.0454545454545455,0.170731707317073,0.333333333333333,0.333333333333333,1,
0.543478260869565,0.576923076923077,0.847222222222222,0.397379912663755,0.153846153846154,0.169811320754717,0.620915032679739,0.142857142857143,0.5,0.485714285714286,0.510526315789474,0.558752997601918,0.528301886792453,0.157894736842105,0.227272727272727,0.170731707317073,0.433333333333333,0.5,3,
0.369565217391304,0.538461538461538,0.458333333333333,0.139737991266376,0.120879120879121,0.169811320754717,0.320261437908497,0.457142857142857,0.25,0.5,0.221052631578947,0.23021582733813,0.477987421383648,0.236842105263158,0.5,0.195121951219512,0.233333333333333,0.333333333333333,0,
0.391304347826087,0.230769230769231,0.583333333333333,0.262008733624454,0.230769230769231,0.150943396226415,0.202614379084967,0.571428571428571,0.166666666666667,0.271428571428571,0.178947368421053,0.148681055155875,0.308176100628931,0.118421052631579,0.590909090909091,0.219512195121951,0.5,0.666666666666667,0,
0.717391304347826,0.730769230769231,0.930555555555556,0.467248908296943,0.164835164835165,0.113207547169811,0.57516339869281,0.2,0.5,0.614285714285714,0.463157894736842,0.501199040767386,0.572327044025157,0.105263157894737,0.409090909090909,0.414634146341463,0.6,0.666666666666667,3,
0.58695652173913,0.615384615384615,0.555555555555556,0.445414847161572,0.252747252747253,0.0754716981132075,0.464052287581699,0.257142857142857,0.333333333333333,0.542857142857143,0.4,0.399280575539568,0.559748427672956,0.184210526315789,0.136363636363636,0.317073170731707,0.733333333333333,0.6,2,
0.695652173913043,0.653846153846154,0.736111111111111,0.301310043668122,0.0769230769230769,0.0377358490566038,0.718954248366013,0.114285714285714,0.666666666666667,0.585714285714286,0.652631578947368,0.660671462829736,0.610062893081761,0.315789473684211,0.181818181818182,0.292682926829268,0.333333333333333,0.1,2,
0.456521739130435,0.5,0.541666666666667,0.336244541484716,0.164835164835165,0.113207547169811,0.359477124183007,0.4,0.25,0.428571428571429,0.315789473684211,0.280575539568345,0.528301886792453,0.105263157894737,0.545454545454545,0.365853658536585,0.5,0.566666666666667,3,
0.326086956521739,0.192307692307692,0.513888888888889,0.22707423580786,0.0989010989010989,0.0943396226415094,0.333333333333333,0.428571428571429,0.25,0.157142857142857,0.284210526315789,0.252997601918465,0.19496855345912,0.105263157894737,0.0454545454545455,0.219512195121951,0.533333333333333,0.566666666666667,3,
0.782608695652174,0.615384615384615,0.875,0.358078602620087,0.10989010989011,0.169811320754717,0.61437908496732,0.171428571428571,0.5,0.542857142857143,0.431578947368421,0.534772182254197,0.484276729559748,0.0789473684210526,0.545454545454545,0.51219512195122,0.533333333333333,0.666666666666667,3,
0.543478260869565,0.423076923076923,0.666666666666667,0.314410480349345,0.21978021978022,0.150943396226415,0.300653594771242,0.485714285714286,0.25,0.442857142857143,0.226315789473684,0.219424460431655,0.283018867924528,0.0921052631578947,0.636363636363636,0.219512195121951,0.6,0.7,0,
0.760869565217391,0.884615384615385,0.861111111111111,0.620087336244541,0.307692307692308,0.0754716981132075,0.830065359477124,0.0571428571428571,0.75,0.7,0.705263157894737,0.804556354916067,0.748427672955975,0.302631578947368,0.409090909090909,0.317073170731707,0.333333333333333,0.133333333333333,2,
0.260869565217391,0.384615384615385,0.361111111111111,0.074235807860262,0.0769230769230769,0.0943396226415094,0.248366013071895,0.571428571428571,0.166666666666667,0.414285714285714,0.205263157894737,0.167865707434053,0.415094339622642,0.368421052631579,0,0.121951219512195,0.1,0.0333333333333333,2,
0.347826086956522,0.346153846153846,0.486111111111111,0.157205240174672,0.0879120879120879,0.0754716981132075,0.215686274509804,0.571428571428571,0.166666666666667,0.3,0.210526315789474,0.15347721822542,0.358490566037736,0.157894736842105,0.681818181818182,0.634146341463415,0.5,0.566666666666667,3,
0.608695652173913,0.576923076923077,0.625,0.379912663755459,0.142857142857143,0.169811320754717,0.411764705882353,0.342857142857143,0.333333333333333,0.5,0.326315789473684,0.328537170263789,0.490566037735849,0.0394736842105263,0.227272727272727,0.536585365853659,0.7,0.966666666666667,1,
0.260869565217391,0.346153846153846,0.361111111111111,0.0698689956331878,0.0659340659340659,0.0943396226415094,0.241830065359477,0.542857142857143,0.166666666666667,0.385714285714286,0.226315789473684,0.169064748201439,0.339622641509434,0.342105263157895,0.227272727272727,0.0975609756097561,0.133333333333333,0.0333333333333333,2,
0.260869565217391,0.0769230769230769,0.333333333333333,0.109170305676856,0.10989010989011,0.0754716981132075,0.0261437908496732,0.885714285714286,0,0.1,0.0421052631578947,0.0191846522781775,0.0880503144654088,0.0789473684210526,0.0454545454545455,0.560975609756098,0.666666666666667,0.733333333333333,0,
0.5,0.384615384615385,0.583333333333333,0.248908296943231,0.0879120879120879,0.0566037735849057,0.483660130718954,0.228571428571429,0.416666666666667,0.328571428571429,0.447368421052632,0.419664268585132,0.333333333333333,0.210526315789474,0,0.146341463414634,0.633333333333333,0.5,2,
0.434782608695652,0.230769230769231,0.527777777777778,0.262008733624454,0.208791208791209,0.113207547169811,0.176470588235294,0.628571428571429,0.0833333333333333,0.314285714285714,0.142105263157895,0.127098321342926,0.106918238993711,0.0657894736842105,0.181818181818182,0.170731707317073,0.833333333333333,0.9,0,
0.521739130434783,0.307692307692308,0.305555555555556,0.126637554585153,0.0989010989010989,0.0943396226415094,0.117647058823529,0.742857142857143,0.0833333333333333,0.357142857142857,0.147368421052632,0.0755395683453237,0.30188679245283,0.25,0.227272727272727,0.170731707317073,0.266666666666667,0.166666666666667,0,
0.5,0.5,0.666666666666667,0.244541484716157,0.186813186813187,0.132075471698113,0.254901960784314,0.514285714285714,0.166666666666667,0.428571428571429,0.226315789473684,0.185851318944844,0.459119496855346,0.144736842105263,0.681818181818182,0.268292682926829,0.533333333333333,0.6,0,
0.5,0.653846153846154,0.75,0.48471615720524,0.21978021978022,0.132075471698113,0.490196078431373,0.257142857142857,0.416666666666667,0.571428571428571,0.442105263157895,0.408872901678657,0.660377358490566,0.105263157894737,0.363636363636364,0.146341463414634,0.566666666666667,0.666666666666667,1,
0.369565217391304,0.538461538461538,0.625,0.248908296943231,0.186813186813187,0.150943396226415,0.333333333333333,0.457142857142857,0.25,0.6,0.247368421052632,0.245803357314149,0.477987421383648,0.184210526315789,0.409090909090909,0,0.3,0.466666666666667,0,
0.804347826086957,0.769230769230769,0.888888888888889,0.519650655021834,0.208791208791209,0.150943396226415,0.647058823529412,0.171428571428571,0.583333333333333,0.657142857142857,0.489473684210526,0.569544364508393,0.635220125786163,0.105263157894737,0.227272727272727,0.390243902439024,0.466666666666667,0.733333333333333,1,
0.456521739130435,0.5,0.708333333333333,0.310043668122271,0.252747252747253,0.188679245283019,0.294117647058824,0.485714285714286,0.25,0.528571428571429,0.221052631578947,0.20863309352518,0.522012578616352,0.131578947368421,0.681818181818182,0.51219512195122,0.466666666666667,0.633333333333333,0,
0.521739130434783,0.538461538461538,0.666666666666667,0.344978165938865,0.142857142857143,0.0943396226415094,0.555555555555556,0.2,0.5,0.428571428571429,0.442105263157895,0.49400479616307,0.578616352201258,0.197368421052632,0.363636363636364,0,0.533333333333333,0.333333333333333,2,
0.760869565217391,0.692307692307692,0.833333333333333,0.445414847161572,0.175824175824176,0.150943396226415,0.549019607843137,0.228571428571429,0.5,0.585714285714286,0.442105263157895,0.470023980815348,0.578616352201258,0.0789473684210526,0.318181818181818,0.390243902439024,0.6,0.8,1,
0.41304347826087,0.153846153846154,0.486111111111111,0.349344978165939,0.252747252747253,0.0754716981132075,0.274509803921569,0.457142857142857,0.166666666666667,0.185714285714286,0.284210526315789,0.21462829736211,0.113207547169811,0.157894736842105,0,0.0975609756097561,0.733333333333333,0.7,2,
0.717391304347826,0.769230769230769,0.805555555555556,0.384279475982533,0.120879120879121,0.169811320754717,0.686274509803922,0.142857142857143,0.583333333333333,0.685714285714286,0.515789473684211,0.61031175059952,0.515723270440252,0.157894736842105,0.5,0.585365853658537,0.4,0.566666666666667,3,
0.58695652173913,0.807692307692308,0.861111111111111,0.445414847161572,0.197802197802198,0.150943396226415,0.562091503267974,0.2,0.5,0.657142857142857,0.494736842105263,0.483213429256595,0.823899371069182,0.171052631578947,0.181818181818182,0.268292682926829,0.366666666666667,0.5,1,
0.456521739130435,0.423076923076923,0.416666666666667,0.358078602620087,0.274725274725275,0.113207547169811,0.26797385620915,0.457142857142857,0.166666666666667,0.371428571428571,0.215789473684211,0.212230215827338,0.433962264150943,0.105263157894737,0.318181818181818,0.0487804878048781,0.766666666666667,0.833333333333333,2,
0.5,0.5,0.666666666666667,0.305676855895197,0.230769230769231,0.150943396226415,0.281045751633987,0.485714285714286,0.166666666666667,0.428571428571429,0.226315789473684,0.203836930455636,0.459119496855346,0.131578947368421,0.636363636363636,0.365853658536585,0.6,0.7,0,
0.260869565217391,0.384615384615385,0.402777777777778,0.161572052401747,0.164835164835165,0.0943396226415094,0.261437908496732,0.514285714285714,0.166666666666667,0.385714285714286,0.252631578947368,0.188249400479616,0.440251572327044,0.328947368421053,0.0454545454545455,0.0975609756097561,0.166666666666667,0.1,2,
0.456521739130435,0.653846153846154,0.611111111111111,0.148471615720524,0.10989010989011,0.150943396226415,0.287581699346405,0.514285714285714,0.25,0.742857142857143,0.215789473684211,0.200239808153477,0.490566037735849,0.236842105263158,0.227272727272727,0.146341463414634,0.2,0.333333333333333,0,
0.717391304347826,0.769230769230769,0.805555555555556,0.218340611353712,0,0.0377358490566038,0.816993464052288,0.0571428571428571,0.75,0.657142857142857,0.7,0.784172661870504,0.710691823899371,0.302631578947368,0.181818181818182,0.414634146341463,0.3,0.1,2,
0.173913043478261,0.384615384615385,0.388888888888889,0.192139737991266,0.186813186813187,0.0943396226415094,0.248366013071895,0.542857142857143,0.166666666666667,0.371428571428571,0.236842105263158,0.175059952038369,0.389937106918239,0.276315789473684,0.0454545454545455,0.0487804878048781,0.2,0.133333333333333,2,
0.521739130434783,0.846153846153846,0.875,0.406113537117904,0.175824175824176,0.169811320754717,0.673202614379085,0.142857142857143,0.583333333333333,0.771428571428571,0.468421052631579,0.591127098321343,0.691823899371069,0.210526315789474,0.227272727272727,0.585365853658537,0.3,0.433333333333333,3,
0.369565217391304,0.576923076923077,0.513888888888889,0.122270742358079,0.0989010989010989,0.150943396226415,0.294117647058824,0.514285714285714,0.25,0.657142857142857,0.205263157894737,0.203836930455636,0.490566037735849,0.25,0.0454545454545455,0.0731707317073171,0.2,0.333333333333333,0,
0.173913043478261,0.461538461538462,0.388888888888889,0.218340611353712,0.241758241758242,0.377358490566038,0.254901960784314,0.542857142857143,0.166666666666667,0.414285714285714,0.294736842105263,0.1810551558753,0.484276729559748,0.381578947368421,0.0454545454545455,0.24390243902439,0.133333333333333,0.133333333333333,2,
0.369565217391304,0.576923076923077,0.625,0.231441048034935,0.186813186813187,0.169811320754717,0.320261437908497,0.485714285714286,0.25,0.7,0.236842105263158,0.229016786570743,0.484276729559748,0.197368421052632,0.136363636363636,0.390243902439024,0.3,0.466666666666667,0,
0.478260869565217,0.307692307692308,0.583333333333333,0.2882096069869,0.197802197802198,0.132075471698113,0.215686274509804,0.571428571428571,0.166666666666667,0.385714285714286,0.173684210526316,0.155875299760192,0.19496855345912,0.0657894736842105,0.181818181818182,0.195121951219512,0.766666666666667,0.866666666666667,0,
0.282608695652174,0.230769230769231,0.611111111111111,0.196506550218341,0.10989010989011,0.113207547169811,0.287581699346405,0.485714285714286,0.25,0.214285714285714,0.289473684210526,0.20863309352518,0.30188679245283,0.197368421052632,0,0.560975609756098,0.233333333333333,0.3,3,
0.41304347826087,0.5,0.597222222222222,0.218340611353712,0.0989010989010989,0.0754716981132075,0.313725490196078,0.428571428571429,0.25,0.428571428571429,0.289473684210526,0.237410071942446,0.471698113207547,0.157894736842105,0.454545454545455,0.121951219512195,0.333333333333333,0.333333333333333,1,
0.456521739130435,0.5,0.513888888888889,0.283842794759825,0.142857142857143,0.113207547169811,0.300653594771242,0.457142857142857,0.25,0.428571428571429,0.268421052631579,0.226618705035971,0.452830188679245,0.105263157894737,0.545454545454545,0.0487804878048781,0.566666666666667,0.6,1,
0.282608695652174,0.115384615384615,0.527777777777778,0.183406113537118,0.120879120879121,0.0943396226415094,0.150326797385621,0.685714285714286,0.0833333333333333,0.0857142857142857,0.131578947368421,0.103117505995204,0.245283018867925,0.0921052631578947,0,0.609756097560976,0.466666666666667,0.466666666666667,1,
0.260869565217391,0.115384615384615,0.361111111111111,0.0829694323144105,0.0879120879120879,0.0566037735849057,0.0522875816993464,0.857142857142857,0,0.142857142857143,0.0526315789473684,0.0335731414868106,0.138364779874214,0.184210526315789,0.0454545454545455,0.439024390243902,0.333333333333333,0.3,0,
