85,18,4,
0.673913043478261,0.807692307692308,0.833333333333333,0.358078602620087,0.153846153846154,0.150943396226415,0.679738562091503,0.142857142857143,0.583333333333333,0.785714285714286,0.5,0.601918465227818,0.69811320754717,0.197368421052632,0.227272727272727,0.268292682926829,0.3,0.466666666666667,1,
0.434782608695652,0.153846153846154,0.5,0.344978165938865,0.175824175824176,0.113207547169811,0.339869281045752,0.4,0.25,0.228571428571429,0.321052631578947,0.264988009592326,0.188679245283019,0.105263157894737,0.181818181818182,0.170731707317073,0.533333333333333,0.533333333333333,1,
0.108695652173913,0.192307692307692,0.319444444444444,0.0480349344978166,0.043956043956044,0.0754716981132075,0.196078431372549,0.6,0.166666666666667,0.171428571428571,0.168421052631579,0.1378896882494,0.232704402515723,0.236842105263158,0.0909090909090909,0.0975609756097561,0.166666666666667,0.133333333333333,1,
0.543478260869565,0.846153846153846,0.847222222222222,0.541484716157205,0.252747252747253,0.132075471698113,0.640522875816993,0.142857142857143,0.583333333333333,0.714285714285714,0.557894736842105,0.571942446043165,0.855345911949686,0.171052631578947,0.0454545454545455,0.146341463414634,0.4,0.533333333333333,3,
0.652173913043478,0.653846153846154,0.805555555555556,0.471615720524017,0.175824175824176,0.132075471698113,0.529411764705882,0.228571428571429,0.416666666666667,0.614285714285714,0.442105263157895,0.459232613908873,0.477987421383648,0.0657894736842105,0.227272727272727,0.121951219512195,0.733333333333333,0.766666666666667,3,
0.347826086956522,0.307692307692308,0.486111111111111,0.170305676855895,0.0989010989010989,0.0943396226415094,0.222222222222222,0.571428571428571,0.166666666666667,0.271428571428571,0.210526315789474,0.15947242206235,0.29559748427673,0.223684210526316,0.818181818181818,0.121951219512195,0.266666666666667,0.233333333333333,3,
0.282608695652174,0.423076923076923,0.527777777777778,0.262008733624454,0.230769230769231,0.132075471698113,0.196078431372549,0.571428571428571,0.0833333333333333,0.414285714285714,0.2,0.145083932853717,0.389937106918239,0.144736842105263,0.0454545454545455,0.268292682926829,0.466666666666667,0.666666666666667,0,
0.130434782608696,0.269230769230769,0.555555555555556,0.126637554585153,0.0879120879120879,0.0943396226415094,0.228758169934641,0.6,0.166666666666667,0.242857142857143,0.221052631578947,0.152278177458034,0.220125786163522,0.223684210526316,0.363636363636364,0.731707317073171,0.166666666666667,0.4,3,
0.152173913043478,0.153846153846154,0.236111111111111,0.0524017467248908,0.0879120879120879,0.0754716981132075,0.0849673202614379,0.8,0.0833333333333333,0.1,0.0631578947368421,0.0539568345323741,0.144654088050314,0.289473684210526,0.363636363636364,0.121951219512195,0.0666666666666667,0.1,3,
0.369565217391304,0.5,0.555555555555556,0.170305676855895,0.164835164835165,0.169811320754717,0.30718954248366,0.485714285714286,0.25,0.542857142857143,0.205263157894737,0.218225419664269,0.484276729559748,0.197368421052632,0.772727272727273,0.170731707317073,0.3,0.4,0,
0.152173913043478,0.384615384615385,0.388888888888889,0.0698689956331878,0.0769230769230769,0.113207547169811,0.248366013071895,0.542857142857143,0.166666666666667,0.385714285714286,0.215789473684211,0.173860911270983,0.421383647798742,0.342105263157895,0.181818181818182,0.195121951219512,0.1,0.0666666666666667,2,
0.347826086956522,0.269230769230769,0.541666666666667,0.218340611353712,0.186813186813187,0.132075471698113,0.209150326797386,0.571428571428571,0.166666666666667,0.3,0.2,0.152278177458034,0.251572327044025,0.157894736842105,0.363636363636364,0.170731707317073,0.4,0.533333333333333,0,
0.195652173913043,0.461538461538462,0.388888888888889,0.152838427947598,0.186813186813187,0.0754716981132075,0.228758169934641,0.571428571428571,0.166666666666667,0.357142857142857,0.205263157894737,0.163069544364508,0.471698113207547,0.276315789473684,0,0.024390243902439,0.166666666666667,0.1,2,
0.434782608695652,0.153846153846154,0.458333333333333,0.305676855895197,0.230769230769231,0.0943396226415094,0.254901960784314,0.485714285714286,0.166666666666667,0.185714285714286,0.236842105263158,0.195443645083933,0.163522012578616,0.118421052631579,0.0454545454545455,0.536585365853659,0.666666666666667,0.8,2,
0.391304347826087,0.346153846153846,0.361111111111111,0.283842794759825,0.208791208791209,0.0943396226415094,0.215686274509804,0.514285714285714,0.166666666666667,0.314285714285714,0.205263157894737,0.169064748201439,0.314465408805031,0.105263157894737,0.181818181818182,0,0.833333333333333,0.866666666666667,2,
0.739130434782609,0.846153846153846,0.805555555555556,0.414847161572052,0.131868131868132,0.0943396226415094,0.836601307189543,0.0285714285714286,0.75,0.714285714285714,0.673684210526316,0.817745803357314,0.855345911949686,0.276315789473684,0.136363636363636,0.024390243902439,0.333333333333333,0.1,2,
0.41304347826087,0.5,0.541666666666667,0.314410480349345,0.186813186813187,0.113207547169811,0.326797385620915,0.428571428571429,0.25,0.442857142857143,0.278947368421053,0.254196642685851,0.433962264150943,0.105263157894737,0.0909090909090909,0.24390243902439,0.5,0.566666666666667,3,
0.260869565217391,0.346153846153846,0.333333333333333,0.074235807860262,0.0879120879120879,0.0943396226415094,0.241830065359477,0.571428571428571,0.166666666666667,0.4,0.194736842105263,0.166666666666667,0.39622641509434,0.342105263157895,0.0454545454545455,0.146341463414634,0.1,0.0333333333333333,2,
0.347826086956522,0.115384615384615,0.444444444444444,0.161572052401747,0.0989010989010989,0.0943396226415094,0.169934640522876,0.628571428571429,0.0833333333333333,0.114285714285714,0.173684210526316,0.122302158273381,0.132075471698113,0.171052631578947,0.0454545454545455,0.024390243902439,0.366666666666667,0.366666666666667,3,
0.695652173913043,0.807692307692308,0.916666666666667,0.48471615720524,0.230769230769231,0.150943396226415,0.627450980392157,0.171428571428571,0.583333333333333,0.685714285714286,0.457894736842105,0.546762589928058,0.685534591194969,0.131578947368421,0.636363636363636,0.560975609756098,0.433333333333333,0.6,1,
0.173913043478261,0.423076923076923,0.388888888888889,0.0698689956331878,0.0659340659340659,0.0754716981132075,0.254901960784314,0.542857142857143,0.166666666666667,0.414285714285714,0.210526315789474,0.178657074340528,0.433962264150943,0.355263157894737,0.181818181818182,0.121951219512195,0.1,0.0666666666666667,2,
0.58695652173913,0.730769230769231,0.888888888888889,0.37117903930131,0.131868131868132,0.150943396226415,0.627450980392157,0.171428571428571,0.583333333333333,0.642857142857143,0.473684210526316,0.54916067146283,0.553459119496855,0.144736842105263,0.0454545454545455,0.536585365853659,0.366666666666667,0.566666666666667,1,
0.434782608695652,0.346153846153846,0.333333333333333,0.235807860262009,0.230769230769231,0.132075471698113,0.143790849673203,0.657142857142857,0.0833333333333333,0.342857142857143,0.173684210526316,0.100719424460432,0.383647798742138,0.157894736842105,0.318181818181818,0.317073170731707,0.533333333333333,0.666666666666667,0,
0.5,0.153846153846154,0.472222222222222,0.414847161572052,0.296703296703297,0.0566037735849057,0.34640522875817,0.371428571428571,0.25,0.142857142857143,0.305263157894737,0.281774580335731,0.169811320754717,0.171052631578947,0.0454545454545455,0.0731707317073171,0.666666666666667,0.633333333333333,2,
0.260869565217391,0.461538461538462,0.347222222222222,0.104803493449782,0.0989010989010989,0.113207547169811,0.254901960784314,0.542857142857143,0.166666666666667,0.385714285714286,0.210526315789474,0.177458033573141,0.484276729559748,0.289473684210526,0.0454545454545455,0.24390243902439,0.1,0.1,2,
0.434782608695652,0.307692307692308,0.486111111111111,0.0873362445414847,0.043956043956044,0.0943396226415094,0.183006535947712,0.657142857142857,0.0833333333333333,0.328571428571429,0.178947368421053,0.119904076738609,0.251572327044025,0.236842105263158,0.227272727272727,0.365853658536585,0.266666666666667,0.133333333333333,0,
0.652173913043478,0.846153846153846,0.875,0.467248908296943,0.197802197802198,0.169811320754717,0.65359477124183,0.142857142857143,0.583333333333333,0.671428571428571,0.521052631578947,0.586330935251799,0.880503144654088,0.171052631578947,0.227272727272727,0.390243902439024,0.4,0.5,3,
0.456521739130435,0.384615384615385,0.388888888888889,0.2882096069869,0.21978021978022,0.0754716981132075,0.196078431372549,0.571428571428571,0.0833333333333333,0.342857142857143,0.178947368421053,0.151079136690647,0.427672955974843,0.0789473684210526,0.454545454545455,0.195121951219512,0.733333333333333,0.733333333333333,2,
0.282608695652174,0.230769230769231,0.277777777777778,0.157205240174672,0.142857142857143,0.0943396226415094,0.0457516339869281,0.828571428571429,0,0.228571428571429,0.0526315789473684,0.0335731414868106,0.20125786163522,0.0263157894736842,0.318181818181818,0.195121951219512,0.8,0.866666666666667,0,
0.217391304347826,0.153846153846154,0.305555555555556,0.0393013100436681,0.0659340659340659,0.0754716981132075,0.065359477124183,0.828571428571429,0,0.157142857142857,0.068421052631579,0.0407673860911271,0.163522012578616,0.263157894736842,0,0.170731707317073,0.166666666666667,0.133333333333333,0,
0.739130434782609,0.923076923076923,0.916666666666667,0.327510917030568,0.043956043956044,0.113207547169811,0.947712418300654,0,0.916666666666667,0.771428571428571,0.763157894736842,0.92326139088729,0.773584905660377,0.315789473684211,0.0909090909090909,0.48780487804878,0.166666666666667,0.1,2,
0.456521739130435,0.153846153846154,0.458333333333333,0.358078602620087,0.263736263736264,0.0943396226415094,0.274509803921569,0.457142857142857,0.166666666666667,0.128571428571429,0.215789473684211,0.213429256594724,0.144654088050314,0.105263157894737,0.0909090909090909,0.195121951219512,0.7,0.833333333333333,2,
0.260869565217391,0.461538461538462,0.416666666666667,0.11353711790393,0.120879120879121,0.113207547169811,0.254901960784314,0.542857142857143,0.166666666666667,0.4,0.215789473684211,0.179856115107914,0.490566037735849,0.263157894736842,0.0909090909090909,0.121951219512195,0.166666666666667,0.166666666666667,2,
0.782608695652174,0.692307692307692,0.833333333333333,0.406113537117904,0.131868131868132,0.150943396226415,0.522875816993464,0.228571428571429,0.416666666666667,0.614285714285714,0.421052631578947,0.442446043165468,0.540880503144654,0.0657894736842105,0.636363636363636,0.0731707317073171,0.666666666666667,0.7,3,
0.391304347826087,0.307692307692308,0.361111111111111,0.117903930131004,0.0989010989010989,0.132075471698113,0.0915032679738562,0.771428571428571,0.0833333333333333,0.371428571428571,0.152631578947368,0.0635491606714628,0.289308176100629,0.171052631578947,0.136363636363636,0.24390243902439,0.5,0.433333333333333,0,
0.347826086956522,0.153846153846154,0.152777777777778,0.0305676855895196,0.0769230769230769,0.0566037735849057,0.0522875816993464,0.857142857142857,0,0.128571428571429,0.0421052631578947,0.0347721822541966,0.238993710691824,0.302631578947368,0.318181818181818,0.0975609756097561,0.166666666666667,0.0666666666666667,0,
0.543478260869565,0.423076923076923,0.527777777777778,0.244541484716157,0.175824175824176,0.113207547169811,0.196078431372549,0.6,0.0833333333333333,0.428571428571429,0.157894736842105,0.139088729016787,0.389937106918239,0.0526315789473684,0.863636363636364,0.0487804878048781,0.833333333333333,0.866666666666667,0,
0.673913043478261,0.730769230769231,0.777777777777778,0.366812227074236,0.131868131868132,0.132075471698113,0.496732026143791,0.257142857142857,0.416666666666667,0.614285714285714,0.4,0.414868105515588,0.60377358490566,0.105263157894737,0.5,0.195121951219512,0.566666666666667,0.633333333333333,3,
0.282608695652174,0.269230769230769,0.486111111111111,0.183406113537118,0.164835164835165,0.0754716981132075,0.183006535947712,0.628571428571429,0.0833333333333333,0.242857142857143,0.147368421052632,0.127098321342926,0.333333333333333,0.171052631578947,0.136363636363636,0.51219512195122,0.233333333333333,0.3,3,
0.326086956521739,0.423076923076923,0.513888888888889,0.275109170305677,0.131868131868132,0.0754716981132075,0.254901960784314,0.514285714285714,0.166666666666667,0.385714285714286,0.236842105263158,0.190647482014389,0.427672955974843,0.0657894736842105,0.409090909090909,0.292682926829268,0.866666666666667,0.9,3,
0.608695652173913,0.5,0.902777777777778,0.397379912663755,0.153846153846154,0.150943396226415,0.562091503267974,0.228571428571429,0.5,0.457142857142857,0.436842105263158,0.47242206235012,0.540880503144654,0.0921052631578947,0.318181818181818,0.926829268292683,0.533333333333333,0.8,1,
0.369565217391304,0.538461538461538,0.625,0.179039301310044,0.120879120879121,0.132075471698113,0.261437908496732,0.514285714285714,0.166666666666667,0.528571428571429,0.236842105263158,0.193045563549161,0.471698113207547,0.184210526315789,0.181818181818182,0.0487804878048781,0.333333333333333,0.533333333333333,0,
0.391304347826087,0.192307692307692,0.416666666666667,0.244541484716157,0.208791208791209,0.433962264150943,0.183006535947712,0.6,0.0833333333333333,0.3,0.168421052631579,0.134292565947242,0.132075471698113,0.105263157894737,0.181818181818182,0.268292682926829,0.533333333333333,0.7,0,
0.108695652173913,0.115384615384615,0.152777777777778,0.0524017467248908,0.0989010989010989,0.0377358490566038,0.0522875816993464,0.885714285714286,0,0.0857142857142857,0.0263157894736842,0.0299760191846523,0.163522012578616,0.328947368421053,0.0454545454545455,0.292682926829268,0.0333333333333333,0.1,3,
0.391304347826087,0.115384615384615,0.277777777777778,0.0960698689956332,0.0989010989010989,0.0754716981132075,0.0457516339869281,0.857142857142857,0,0.171428571428571,0.0473684210526316,0.0323741007194245,0.0566037735849057,0.105263157894737,0.272727272727273,0.341463414634146,0.533333333333333,0.566666666666667,0,
0.217391304347826,0.461538461538462,0.458333333333333,0.248908296943231,0.230769230769231,0.113207547169811,0.196078431372549,0.571428571428571,0.0833333333333333,0.371428571428571,0.205263157894737,0.145083932853717,0.440251572327044,0.157894736842105,0.454545454545455,0.0731707317073171,0.5,0.6,0,
0.608695652173913,0.846153846153846,0.847222222222222,0.344978165938865,0.10989010989011,0.207547169811321,0.738562091503268,0.114285714285714,0.666666666666667,0.842857142857143,0.5,0.667865707434053,0.59748427672956,0.157894736842105,0.227272727272727,0.24390243902439,0.333333333333333,0.566666666666667,3,
0.369565217391304,0.576923076923077,0.527777777777778,0.170305676855895,0.142857142857143,0.169811320754717,0.320261437908497,0.485714285714286,0.25,0.585714285714286,0.221052631578947,0.227817745803357,0.484276729559748,0.210526315789474,0.0909090909090909,0.0487804878048781,0.266666666666667,0.4,0,
0.521739130434783,0.461538461538462,0.5,0.310043668122271,0.142857142857143,0.132075471698113,0.294117647058824,0.457142857142857,0.25,0.442857142857143,0.263157894736842,0.223021582733813,0.377358490566038,0.0526315789473684,0.727272727272727,0.292682926829268,0.733333333333333,0.833333333333333,1,
0.260869565217391,0.384615384615385,0.361111111111111,0.11353711790393,0.10989010989011,0.0754716981132075,0.254901960784314,0.542857142857143,0.166666666666667,0.357142857142857,0.226315789473684,0.178657074340528,0.371069182389937,0.355263157894737,0.181818181818182,0.219512195121951,0.133333333333333,0.0666666666666667,2,
0.717391304347826,0.846153846153846,0.805555555555556,0.524017467248908,0.230769230769231,0.169811320754717,0.673202614379085,0.142857142857143,0.583333333333333,0.742857142857143,0.484210526315789,0.593525179856115,0.660377358490566,0.118421052631579,0.0909090909090909,0.707317073170732,0.433333333333333,0.666666666666667,3,
0.739130434782609,0.807692307692308,0.944444444444444,0.541484716157205,0.230769230769231,0.188679245283019,0.69281045751634,0.142857142857143,0.666666666666667,0.742857142857143,0.489473684210526,0.618705035971223,0.723270440251572,0.105263157894737,0.590909090909091,0.609756097560976,0.466666666666667,0.766666666666667,1,
0.347826086956522,0.269230769230769,0.680555555555556,0.305676855895197,0.120879120879121,0.113207547169811,0.42483660130719,0.314285714285714,0.333333333333333,0.214285714285714,0.378947368421053,0.344124700239808,0.289308176100629,0.144736842105263,0.318181818181818,0.439024390243902,0.433333333333333,0.5,1,
0.391304347826087,0.269230769230769,0.597222222222222,0.270742358078603,0.142857142857143,0.113207547169811,0.313725490196078,0.428571428571429,0.25,0.214285714285714,0.310526315789474,0.238609112709832,0.289308176100629,0.171052631578947,0.227272727272727,0.170731707317073,0.333333333333333,0.333333333333333,1,
0.282608695652174,0.384615384615385,0.402777777777778,0.0829694323144105,0.0769230769230769,0.0754716981132075,0.248366013071895,0.571428571428571,0.166666666666667,0.371428571428571,0.231578947368421,0.169064748201439,0.427672955974843,0.368421052631579,0.136363636363636,0.170731707317073,0.133333333333333,0.0333333333333333,2,
0.695652173913043,0.769230769230769,0.944444444444444,0.445414847161572,0.175824175824176,0.188679245283019,0.718954248366013,0.142857142857143,0.666666666666667,0.714285714285714,0.505263157894737,0.633093525179856,0.578616352201258,0.157894736842105,0.681818181818182,0.853658536585366,0.433333333333333,0.733333333333333,1,
0.782608695652174,0.807692307692308,0.875,0.506550218340611,0.208791208791209,0.169811320754717,0.666666666666667,0.142857142857143,0.583333333333333,0.7,0.521052631578947,0.591127098321343,0.647798742138365,0.144736842105263,0.0454545454545455,0.560975609756098,0.4,0.666666666666667,1,
0.239130434782609,0.423076923076923,0.347222222222222,0.104803493449782,0.0879120879120879,0.113207547169811,0.248366013071895,0.571428571428571,0.166666666666667,0.428571428571429,0.205263157894737,0.169064748201439,0.421383647798742,0.302631578947368,0.0454545454545455,0.268292682926829,0.1,0.0666666666666667,2,
0.130434782608696,0.384615384615385,0.444444444444444,0.161572052401747,0.164835164835165,0.113207547169811,0.26797385620915,0.514285714285714,0.166666666666667,0.371428571428571,0.236842105263158,0.191846522781775,0.408805031446541,0.25,0,0.195121951219512,0.2,0.233333333333333,2,
0.239130434782609,0.153846153846154,0.416666666666667,0.200873362445415,0.153846153846154,0.0943396226415094,0.163398692810458,0.657142857142857,0.0833333333333333,0.314285714285714,0.136842105263158,0.112709832134293,0.0754716981132075,0.0657894736842105,0,0.560975609756098,0.666666666666667,0.8,0,
0.41304347826087,0.346153846153846,0.402777777777778,0.213973799126638,0.120879120879121,0.113207547169811,0.183006535947712,0.628571428571429,0.0833333333333333,0.285714285714286,0.184210526315789,0.127098321342926,0.264150943396226,0.0657894736842105,0.454545454545455,0.51219512195122,0.766666666666667,0.833333333333333,3,
0.217391304347826,0.423076923076923,0.416666666666667,0.270742358078603,0.241758241758242,0.0566037735849057,0.202614379084967,0.571428571428571,0.0833333333333333,0.357142857142857,0.189473684210526,0.146282973621103,0.383647798742138,0.131578947368421,0.318181818181818,0.146341463414634,0.4,0.4,2,
0.521739130434783,0.615384615384615,0.5,0.432314410480349,0.285714285714286,0.0943396226415094,0.431372549019608,0.285714285714286,0.333333333333333,0.557142857142857,0.336842105263158,0.363309352517986,0.484276729559748,0.171052631578947,0,0.170731707317073,0.7,0.633333333333333,2,
0.478260869565217,0.384615384615385,0.597222222222222,0.410480349344978,0.241758241758242,0.0754716981132075,0.42483660130719,0.285714285714286,0.333333333333333,0.3,0.310526315789474,0.359712230215827,0.339622641509434,0.118421052631579,0.272727272727273,0.0975609756097561,0.666666666666667,0.566666666666667,2,
0.521739130434783,0.153846153846154,0.527777777777778,0.336244541484716,0.164835164835165,0.113207547169811,0.320261437908497,0.428571428571429,0.25,0.185714285714286,0.273684210526316,0.245803357314149,0.050314465408805,0.0394736842105263,0.0909090909090909,0.682926829268293,0.9,1,3,
0.521739130434783,0.307692307692308,0.722222222222222,0.406113537117904,0.175824175824176,0.150943396226415,0.437908496732026,0.314285714285714,0.333333333333333,0.314285714285714,0.352631578947368,0.356115107913669,0.169811320754717,0.0526315789473684,0.181818181818182,0.0731707317073171,0.7,0.766666666666667,3,
0.326086956521739,0.0769230769230769,0.277777777777778,0.170305676855895,0.131868131868132,0.0943396226415094,0.104575163398693,0.742857142857143,0.0833333333333333,0.157142857142857,0.0894736842105263,0.0743405275779376,0,0.0394736842105263,0.0454545454545455,0.146341463414634,0.866666666666667,0.933333333333333,0,
0.347826086956522,0.538461538461538,0.597222222222222,0.283842794759825,0.153846153846154,0.113207547169811,0.339869281045752,0.4,0.25,0.457142857142857,0.310526315789474,0.261390887290168,0.509433962264151,0.171052631578947,0.318181818181818,0.24390243902439,0.366666666666667,0.4,1,
0.41304347826087,0.153846153846154,0.555555555555556,0.331877729257642,0.21978021978022,0.113207547169811,0.274509803921569,0.485714285714286,0.166666666666667,0.157142857142857,0.263157894736842,0.202637889688249,0.220125786163522,0.131578947368421,0.272727272727273,0.219512195121951,0.466666666666667,0.466666666666667,1,
0.326086956521739,0.269230769230769,0.402777777777778,0.183406113537118,0.131868131868132,0.0943396226415094,0.117647058823529,0.714285714285714,0.0833333333333333,0.228571428571429,0.0894736842105263,0.0815347721822542,0.220125786163522,0.0657894736842105,0.0454545454545455,0.024390243902439,0.566666666666667,0.633333333333333,3,
0.456521739130435,0.269230769230769,0.625,0.358078602620087,0.164835164835165,0.132075471698113,0.372549019607843,0.371428571428571,0.25,0.3,0.284210526315789,0.294964028776978,0.150943396226415,0.0263157894736842,0.0909090909090909,0.219512195121951,0.8,0.966666666666667,1,
0.630434782608696,0.576923076923077,0.902777777777778,0.480349344978166,0.186813186813187,0.150943396226415,0.581699346405229,0.2,0.5,0.485714285714286,0.442105263157895,0.498800959232614,0.433962264150943,0.0657894736842105,0,0.609756097560976,0.533333333333333,0.766666666666667,1,
0.608695652173913,0.846153846153846,0.930555555555556,0.419213973799127,0.153846153846154,0.169811320754717,0.738562091503268,0.114285714285714,0.666666666666667,0.857142857142857,0.515789473684211,0.654676258992806,0.59748427672956,0.197368421052632,0.363636363636364,0.853658536585366,0.366666666666667,0.666666666666667,3,
0.304347826086957,0.230769230769231,0.472222222222222,0.266375545851528,0.208791208791209,0.0754716981132075,0.215686274509804,0.542857142857143,0.166666666666667,0.228571428571429,0.226315789473684,0.160671462829736,0.188679245283019,0.144736842105263,0.136363636363636,0.51219512195122,0.633333333333333,0.633333333333333,2,
0.543478260869565,0.576923076923077,0.847222222222222,0.432314410480349,0.197802197802198,0.132075471698113,0.555555555555556,0.2,0.5,0.485714285714286,0.452631578947368,0.479616306954436,0.408805031446541,0.118421052631579,0.0909090909090909,0.121951219512195,0.433333333333333,0.533333333333333,1,
0.152173913043478,0.384615384615385,0.388888888888889,0.0829694323144105,0.0659340659340659,0.0943396226415094,0.248366013071895,0.571428571428571,0.166666666666667,0.414285714285714,0.205263157894737,0.171462829736211,0.421383647798742,0.289473684210526,0.318181818181818,0.341463414634146,0.1,0.1,2,
0.369565217391304,0.423076923076923,0.402777777777778,0.209606986899563,0.186813186813187,0.0943396226415094,0.150326797385621,0.657142857142857,0.0833333333333333,0.385714285714286,0.184210526315789,0.105515587529976,0.333333333333333,0.210526315789474,0.136363636363636,0.0487804878048781,0.366666666666667,0.333333333333333,0,
0.739130434782609,0.807692307692308,0.777777777777778,0.423580786026201,0.164835164835165,0.188679245283019,0.69281045751634,0.142857142857143,0.583333333333333,0.742857142857143,0.478947368421053,0.611510791366906,0.679245283018868,0.157894736842105,0.0909090909090909,0.51219512195122,0.366666666666667,0.566666666666667,1,
0.304347826086957,0.153846153846154,0.166666666666667,0.0524017467248908,0.0769230769230769,0.0754716981132075,0.0196078431372549,0.914285714285714,0,0.114285714285714,0.0263157894736842,0.0143884892086331,0.220125786163522,0.197368421052632,0.5,0.536585365853659,0.333333333333333,0.3,0,
0.326086956521739,0.461538461538462,0.583333333333333,0.222707423580786,0.0989010989010989,0.113207547169811,0.274509803921569,0.485714285714286,0.166666666666667,0.442857142857143,0.263157894736842,0.207434052757794,0.383647798742138,0.131578947368421,0.136363636363636,0,0.4,0.4,1,
0.652173913043478,0.692307692307692,0.902777777777778,0.305676855895197,0.0989010989010989,0.169811320754717,0.640522875816993,0.171428571428571,0.583333333333333,0.642857142857143,0.484210526315789,0.558752997601918,0.710691823899371,0.184210526315789,0.363636363636364,0.219512195121951,0.366666666666667,0.5,1,
0.304347826086957,0.192307692307692,0.430555555555556,0.0829694323144105,0.0659340659340659,0.113207547169811,0.163398692810458,0.657142857142857,0.0833333333333333,0.128571428571429,0.147368421052632,0.111510791366906,0.226415094339623,0.210526315789474,0,0.219512195121951,0.166666666666667,0.166666666666667,1,
0.565217391304348,0.923076923076923,0.833333333333333,0.318777292576419,0.0769230769230769,0.207547169811321,0.73202614379085,0.114285714285714,0.666666666666667,1,0.489473684210526,0.649880095923261,0.654088050314465,0.171052631578947,0.181818181818182,0.170731707317073,0.3,0.566666666666667,3,
0.478260869565217,0.384615384615385,0.5,0.165938864628821,0.10989010989011,0.150943396226415,0.254901960784314,0.514285714285714,0.166666666666667,0.442857142857143,0.226315789473684,0.185851318944844,0.314465408805031,0.157894736842105,0.0909090909090909,0.560975609756098,0.366666666666667,0.633333333333333,0,
0.717391304347826,0.807692307692308,0.847222222222222,0.51528384279476,0.21978021978022,0.188679245283019,0.718954248366013,0.114285714285714,0.666666666666667,0.785714285714286,0.515789473684211,0.643884892086331,0.572327044025157,0.144736842105263,0.136363636363636,0.0975609756097561,0.366666666666667,0.666666666666667,1,
