85,18,4,
0.239130434782609,0.153846153846154,0.180555555555556,0.074235807860262,0.131868131868132,0.0566037735849057,0.0718954248366013,0.828571428571429,0,0.1,0.0578947368421053,0.0443645083932854,0.150943396226415,0.302631578947368,0.318181818181818,0.024390243902439,0.1,0.0666666666666667,0,
0.456521739130435,0.384615384615385,0.333333333333333,0.301310043668122,0.241758241758242,0.0943396226415094,0.248366013071895,0.485714285714286,0.166666666666667,0.342857142857143,0.205263157894737,0.191846522781775,0.427672955974843,0.118421052631579,0.409090909090909,0.024390243902439,0.766666666666667,0.833333333333333,2,
0.347826086956522,0.384615384615385,0.625,0.244541484716157,0.186813186813187,0.169811320754717,0.281045751633987,0.485714285714286,0.166666666666667,0.471428571428571,0.226315789473684,0.206235011990408,0.408805031446541,0.171052631578947,0.227272727272727,0.219512195121951,0.3,0.5,0,
0.456521739130435,0.615384615384615,0.652777777777778,0.14410480349345,0.0769230769230769,0.169811320754717,0.300653594771242,0.485714285714286,0.25,0.628571428571429,0.252631578947368,0.218225419664269,0.484276729559748,0.210526315789474,0.227272727272727,0.121951219512195,0.233333333333333,0.433333333333333,0,
1,0.807692307692308,0.916666666666667,0.506550218340611,0.197802197802198,0.188679245283019,0.660130718954248,0.142857142857143,0.583333333333333,0.7,0.489473684210526,0.588729016786571,0.773584905660377,0.0921052631578947,0.909090909090909,0.024390243902439,0.533333333333333,0.7,1,
0.391304347826087,0.461538461538462,0.541666666666667,0.314410480349345,0.131868131868132,0.132075471698113,0.333333333333333,0.4,0.25,0.428571428571429,0.284210526315789,0.26378896882494,0.440251572327044,0.0394736842105263,0,0.24390243902439,0.766666666666667,0.9,1,
0.5,0.269230769230769,0.416666666666667,0.0698689956331878,0.032967032967033,0.113207547169811,0.163398692810458,0.685714285714286,0.0833333333333333,0.328571428571429,0.168421052631579,0.101918465227818,0.188679245283019,0.276315789473684,0.454545454545455,0.317073170731707,0.233333333333333,0.0666666666666667,0,
0.41304347826087,0.230769230769231,0.708333333333333,0.379912663755459,0.164835164835165,0.113207547169811,0.418300653594771,0.314285714285714,0.333333333333333,0.271428571428571,0.347368421052632,0.338129496402878,0.264150943396226,0.105263157894737,0.136363636363636,0.560975609756098,0.533333333333333,0.633333333333333,3,
0,0.153846153846154,0.180555555555556,0.0305676855895196,0.0769230769230769,0.0754716981132075,0.0915032679738562,0.828571428571429,0.0833333333333333,0.142857142857143,0.0263157894736842,0.0515587529976019,0.238993710691824,0.302631578947368,0.0454545454545455,0.365853658536585,0,0.1,3,
0.456521739130435,0.115384615384615,0.388888888888889,0.100436681222707,0.0769230769230769,0.0943396226415094,0.0980392156862745,0.742857142857143,0.0833333333333333,0.2,0.131578947368421,0.0695443645083933,0.0440251572327044,0.0921052631578947,0.0454545454545455,0.0487804878048781,0.633333333333333,0.5,0,
0.456521739130435,0.192307692307692,0.611111111111111,0.235807860262009,0.0879120879120879,0.132075471698113,0.372549019607843,0.371428571428571,0.25,0.171428571428571,0.347368421052632,0.294964028776978,0.289308176100629,0.131578947368421,0.409090909090909,0.365853658536585,0.466666666666667,0.466666666666667,3,
0.304347826086957,0.423076923076923,0.347222222222222,0.0873362445414847,0.0989010989010989,0.0754716981132075,0.241830065359477,0.571428571428571,0.166666666666667,0.371428571428571,0.210526315789474,0.164268585131894,0.389937106918239,0.368421052631579,0.181818181818182,0.292682926829268,0.1,0.0333333333333333,2,
0.195652173913043,0.461538461538462,0.361111111111111,0.646288209606987,0.868131868131868,0.943396226415094,0.235294117647059,0.542857142857143,0.166666666666667,0.371428571428571,0.563157894736842,0.170263788968825,0.477987421383648,0.789473684210526,0.0454545454545455,0.024390243902439,0.166666666666667,0.133333333333333,2,
0.630434782608696,0.461538461538462,0.597222222222222,0.410480349344978,0.197802197802198,0.0566037735849057,0.535947712418301,0.2,0.416666666666667,0.4,0.5,0.470023980815348,0.364779874213836,0.263157894736842,0,0.658536585365854,0.566666666666667,0.333333333333333,2,
0.760869565217391,0.769230769230769,0.875,0.427947598253275,0.186813186813187,0.150943396226415,0.705882352941177,0.114285714285714,0.666666666666667,0.714285714285714,0.494736842105263,0.63189448441247,0.660377358490566,0.184210526315789,0.5,0.24390243902439,0.4,0.6,1,
0.565217391304348,0.576923076923077,0.541666666666667,0.414847161572052,0.230769230769231,0.0754716981132075,0.477124183006536,0.257142857142857,0.416666666666667,0.5,0.378947368421053,0.407673860911271,0.389937106918239,0.197368421052632,0.227272727272727,0.195121951219512,0.633333333333333,0.466666666666667,2,
0.260869565217391,0.461538461538462,0.430555555555556,0.200873362445415,0.175824175824176,0.113207547169811,0.202614379084967,0.571428571428571,0.166666666666667,0.414285714285714,0.215789473684211,0.147482014388489,0.440251572327044,0.171052631578947,0.0909090909090909,0.0731707317073171,0.366666666666667,0.5,0,
0.260869565217391,0.307692307692308,0.361111111111111,0.222707423580786,0.197802197802198,0.377358490566038,0.241830065359477,0.542857142857143,0.166666666666667,0.3,0.226315789473684,0.175059952038369,0.289308176100629,0.210526315789474,0.272727272727273,0.390243902439024,0.266666666666667,0.333333333333333,2,
0.521739130434783,0.346153846153846,0.847222222222222,0.358078602620087,0.131868131868132,0.132075471698113,0.483660130718954,0.285714285714286,0.416666666666667,0.285714285714286,0.410526315789474,0.392086330935252,0.371069182389937,0.105263157894737,0.318181818181818,1,0.6,0.833333333333333,1,
0.304347826086957,0.346153846153846,0.333333333333333,0.200873362445415,0.186813186813187,0.150943396226415,0.137254901960784,0.685714285714286,0.0833333333333333,0.342857142857143,0.142105263157895,0.0959232613908873,0.314465408805031,0.105263157894737,0.318181818181818,0.024390243902439,0.566666666666667,0.666666666666667,0,
0.717391304347826,0.615384615384615,0.930555555555556,0.393013100436681,0.10989010989011,0.169811320754717,0.666666666666667,0.142857142857143,0.583333333333333,0.614285714285714,0.494736842105263,0.58273381294964,0.39622641509434,0.105263157894737,0,0.951219512195122,0.533333333333333,0.833333333333333,3,
0.478260869565217,0.461538461538462,0.555555555555556,0.358078602620087,0.164835164835165,0.0943396226415094,0.339869281045752,0.4,0.25,0.385714285714286,0.305263157894737,0.266187050359712,0.433962264150943,0.0789473684210526,0.5,0.439024390243902,0.766666666666667,0.766666666666667,3,
0.456521739130435,0.461538461538462,0.569444444444444,0.270742358078603,0.21978021978022,0.132075471698113,0.215686274509804,0.571428571428571,0.166666666666667,0.414285714285714,0.178947368421053,0.154676258992806,0.440251572327044,0.0921052631578947,0.5,0.341463414634146,0.6,0.7,0,
0.347826086956522,0.423076923076923,0.416666666666667,0.14410480349345,0.120879120879121,0.0754716981132075,0.156862745098039,0.657142857142857,0.0833333333333333,0.4,0.2,0.106714628297362,0.358490566037736,0.25,0.454545454545455,0.0731707317073171,0.333333333333333,0.2,0,
0.652173913043478,0.615384615384615,0.833333333333333,0.393013100436681,0.142857142857143,0.150943396226415,0.477124183006536,0.257142857142857,0.416666666666667,0.6,0.378947368421053,0.400479616306954,0.433962264150943,0.0394736842105263,0.590909090909091,0.195121951219512,0.733333333333333,0.9,1,
0.391304347826087,0.384615384615385,0.666666666666667,0.231441048034935,0.153846153846154,0.132075471698113,0.241830065359477,0.542857142857143,0.166666666666667,0.557142857142857,0.184210526315789,0.170263788968825,0.19496855345912,0.0657894736842105,0.0454545454545455,0.634146341463415,0.7,0.866666666666667,0,
0.217391304347826,0.5,0.458333333333333,0.14410480349345,0.131868131868132,0.0754716981132075,0.235294117647059,0.542857142857143,0.166666666666667,0.4,0.194736842105263,0.171462829736211,0.465408805031447,0.210526315789474,0.363636363636364,0,0.3,0.333333333333333,2,
0.347826086956522,0.5,0.513888888888889,0.091703056768559,0.0549450549450549,0.150943396226415,0.287581699346405,0.514285714285714,0.25,0.6,0.215789473684211,0.200239808153477,0.427672955974843,0.25,0.318181818181818,0.414634146341463,0.233333333333333,0.333333333333333,0,
0.217391304347826,0.307692307692308,0.416666666666667,0.222707423580786,0.197802197802198,0.0943396226415094,0.209150326797386,0.571428571428571,0.166666666666667,0.328571428571429,0.2,0.149880095923261,0.238993710691824,0.157894736842105,0.181818181818182,0.292682926829268,0.4,0.466666666666667,2,
0.282608695652174,0.346153846153846,0.347222222222222,0.091703056768559,0.0769230769230769,0.0943396226415094,0.248366013071895,0.542857142857143,0.166666666666667,0.314285714285714,0.215789473684211,0.171462829736211,0.39622641509434,0.342105263157895,0.0909090909090909,0.195121951219512,0.133333333333333,0.0333333333333333,2,
0.391304347826087,0.461538461538462,0.5,0.292576419213974,0.241758241758242,0.0943396226415094,0.248366013071895,0.514285714285714,0.166666666666667,0.371428571428571,0.210526315789474,0.18705035971223,0.440251572327044,0.131578947368421,0.545454545454545,0.024390243902439,0.633333333333333,0.666666666666667,2,
0.760869565217391,0.730769230769231,0.958333333333333,0.34061135371179,0.0879120879120879,0.188679245283019,0.679738562091503,0.142857142857143,0.583333333333333,0.757142857142857,0.521052631578947,0.603117505995204,0.660377358490566,0.171052631578947,0.454545454545455,0.682926829268293,0.433333333333333,0.666666666666667,1,
0.347826086956522,0.538461538461538,0.625,0.187772925764192,0.120879120879121,0.150943396226415,0.26797385620915,0.514285714285714,0.166666666666667,0.471428571428571,0.236842105263158,0.197841726618705,0.484276729559748,0.197368421052632,0.590909090909091,0.170731707317073,0.333333333333333,0.533333333333333,0,
0.782608695652174,0.730769230769231,0.763888888888889,0.37117903930131,0.120879120879121,0.0377358490566038,0.751633986928105,0.0857142857142857,0.666666666666667,0.571428571428571,0.694736842105263,0.709832134292566,0.679245283018868,0.302631578947368,0,0.463414634146341,0.366666666666667,0.166666666666667,2,
0.304347826086957,0.153846153846154,0.277777777777778,0.122270742358079,0.10989010989011,0.0754716981132075,0.104575163398693,0.742857142857143,0.0833333333333333,0.157142857142857,0.126315789473684,0.0707434052757794,0.144654088050314,0.157894736842105,0.0454545454545455,0.341463414634146,0.333333333333333,0.366666666666667,1,
0.565217391304348,0.384615384615385,0.680555555555556,0.397379912663755,0.175824175824176,0.113207547169811,0.483660130718954,0.257142857142857,0.416666666666667,0.371428571428571,0.421052631578947,0.404076738609113,0.358490566037736,0.118421052631579,0.272727272727273,0.317073170731707,0.5,0.6,1,
0.456521739130435,0.538461538461538,0.625,1,1,0.886792452830189,0.281045751633987,0.485714285714286,0.166666666666667,0.528571428571429,1,0.203836930455636,0.490566037735849,1,0.545454545454545,0.219512195121951,0.4,0.5,0,
0.260869565217391,0.153846153846154,0.555555555555556,0.235807860262009,0.131868131868132,0.113207547169811,0.26797385620915,0.514285714285714,0.166666666666667,0.114285714285714,0.257894736842105,0.196642685851319,0.169811320754717,0.131578947368421,0.272727272727273,0.51219512195122,0.5,0.533333333333333,3,
0.5,0.230769230769231,0.25,0.0567685589519651,0.043956043956044,0.0754716981132075,0.137254901960784,0.742857142857143,0.0833333333333333,0.3,0.126315789473684,0.0851318944844125,0.257861635220126,0.355263157894737,0.272727272727273,0,0.166666666666667,0.0333333333333333,0,
0.239130434782609,0.192307692307692,0.597222222222222,0.161572052401747,0.0769230769230769,0.0943396226415094,0.241830065359477,0.542857142857143,0.166666666666667,0.2,0.247368421052632,0.171462829736211,0.251572327044025,0.197368421052632,0.272727272727273,0.707317073170732,0.3,0.333333333333333,1,
0.608695652173913,0.730769230769231,0.847222222222222,0.406113537117904,0.164835164835165,0.132075471698113,0.496732026143791,0.257142857142857,0.416666666666667,0.628571428571429,0.410526315789474,0.411270983213429,0.591194968553459,0.105263157894737,0.636363636363636,0.365853658536585,0.566666666666667,0.7,1,
0.521739130434783,0.538461538461538,0.569444444444444,0.344978165938865,0.186813186813187,0.113207547169811,0.366013071895425,0.371428571428571,0.25,0.457142857142857,0.331578947368421,0.290167865707434,0.459119496855346,0.144736842105263,0.5,0.0487804878048781,0.533333333333333,0.566666666666667,3,
0.5,0.807692307692308,0.888888888888889,0.310043668122271,0.120879120879121,0.150943396226415,0.673202614379085,0.142857142857143,0.583333333333333,0.814285714285714,0.478947368421053,0.597122302158273,0.710691823899371,0.210526315789474,0.590909090909091,0.560975609756098,0.333333333333333,0.433333333333333,3,
0.695652173913043,0.692307692307692,0.944444444444444,0.423580786026201,0.164835164835165,0.169811320754717,0.705882352941177,0.114285714285714,0.666666666666667,0.642857142857143,0.536842105263158,0.63189448441247,0.584905660377358,0.171052631578947,0.545454545454545,0.390243902439024,0.433333333333333,0.633333333333333,1,
0.673913043478261,0.807692307692308,0.708333333333333,0.458515283842795,0.21978021978022,0.169811320754717,0.69281045751634,0.142857142857143,0.583333333333333,0.742857142857143,0.489473684210526,0.615107913669065,0.547169811320755,0.197368421052632,0.181818181818182,0.51219512195122,0.366666666666667,0.5,3,
0.282608695652174,0.192307692307692,0.5,0.170305676855895,0.131868131868132,0.113207547169811,0.196078431372549,0.6,0.0833333333333333,0.185714285714286,0.194736842105263,0.140287769784173,0.182389937106918,0.157894736842105,0.227272727272727,0.24390243902439,0.433333333333333,0.5,0,
0.434782608695652,0.461538461538462,0.569444444444444,0.318777292576419,0.186813186813187,0.0943396226415094,0.313725490196078,0.428571428571429,0.25,0.414285714285714,0.263157894736842,0.238609112709832,0.49685534591195,0.144736842105263,0.5,0.268292682926829,0.533333333333333,0.6,1,
0.630434782608696,0.807692307692308,0.805555555555556,0.275109170305677,0.0659340659340659,0.150943396226415,0.686274509803922,0.142857142857143,0.583333333333333,0.8,0.515789473684211,0.609112709832134,0.716981132075472,0.171052631578947,0,0.75609756097561,0.366666666666667,0.566666666666667,3,
0.260869565217391,0.269230769230769,0.486111111111111,0.14410480349345,0.0989010989010989,0.0943396226415094,0.261437908496732,0.514285714285714,0.166666666666667,0.228571428571429,0.226315789473684,0.185851318944844,0.320754716981132,0.223684210526316,0.318181818181818,0.390243902439024,0.2,0.2,1,
0.521739130434783,0.423076923076923,0.763888888888889,0.427947598253275,0.208791208791209,0.132075471698113,0.496732026143791,0.257142857142857,0.416666666666667,0.371428571428571,0.452631578947368,0.410071942446043,0.415094339622642,0.171052631578947,0.681818181818182,0.268292682926829,0.466666666666667,0.533333333333333,1,
0.478260869565217,0.538461538461538,0.458333333333333,0.397379912663755,0.252747252747253,0.0943396226415094,0.359477124183007,0.342857142857143,0.25,0.485714285714286,0.284210526315789,0.294964028776978,0.477987421383648,0.131578947368421,0.409090909090909,0.463414634146341,0.8,0.833333333333333,2,
0.630434782608696,0.846153846153846,0.847222222222222,0.475982532751092,0.21978021978022,0.188679245283019,0.718954248366013,0.114285714285714,0.666666666666667,0.842857142857143,0.505263157894737,0.641486810551559,0.654088050314465,0.157894736842105,0.0909090909090909,0.51219512195122,0.366666666666667,0.6,1,
0.41304347826087,0.269230769230769,0.361111111111111,0.0305676855895196,0.010989010989011,0.0943396226415094,0.176470588235294,0.685714285714286,0.166666666666667,0.314285714285714,0.152631578947368,0.111510791366906,0.245283018867925,0.342105263157895,0.545454545454545,0.463414634146341,0.2,0.0666666666666667,0,
0.869565217391304,0.576923076923077,0.805555555555556,0.454148471615721,0.164835164835165,0.132075471698113,0.594771241830065,0.2,0.5,0.471428571428571,0.452631578947368,0.514388489208633,0.465408805031447,0.0657894736842105,0.772727272727273,0.707317073170732,0.566666666666667,0.766666666666667,1,
0.347826086956522,0.538461538461538,0.555555555555556,0.117903930131004,0.0769230769230769,0.169811320754717,0.313725490196078,0.485714285714286,0.25,0.642857142857143,0.236842105263158,0.221822541966427,0.408805031446541,0.236842105263158,0.0454545454545455,0.170731707317073,0.2,0.4,0,
0.673913043478261,0.807692307692308,0.847222222222222,0.406113537117904,0.186813186813187,0.169811320754717,0.660130718954248,0.142857142857143,0.583333333333333,0.771428571428571,0.463157894736842,0.581534772182254,0.710691823899371,0.197368421052632,0.636363636363636,0.0975609756097561,0.366666666666667,0.5,1,
0.152173913043478,0.115384615384615,0.402777777777778,0.100436681222707,0.0989010989010989,0.0943396226415094,0.104575163398693,0.771428571428571,0.0833333333333333,0.0857142857142857,0.0894736842105263,0.0671462829736211,0.150943396226415,0.144736842105263,0.0909090909090909,0.51219512195122,0.233333333333333,0.333333333333333,3,
0.543478260869565,0.5,0.513888888888889,0.414847161572052,0.263736263736264,0.0943396226415094,0.352941176470588,0.371428571428571,0.25,0.457142857142857,0.284210526315789,0.28537170263789,0.446540880503145,0.131578947368421,0.590909090909091,0.219512195121951,0.8,0.733333333333333,2,
0.282608695652174,0.230769230769231,0.305555555555556,0.109170305676856,0.131868131868132,0.0754716981132075,0.0261437908496732,0.885714285714286,0,0.242857142857143,0.0368421052631579,0.0227817745803357,0.226415094339623,0.0657894736842105,0.318181818181818,0.219512195121951,0.766666666666667,0.766666666666667,0,
0.152173913043478,0.0384615384615385,0.0277777777777778,0.0262008733624454,0.10989010989011,0.0188679245283019,0.0130718954248366,0.942857142857143,0,0.0142857142857143,0.00526315789473684,0.00839328537170264,0.0754716981132075,0.368421052631579,0.181818181818182,0.170731707317073,0.1,0.0666666666666667,3,
0.41304347826087,0.153846153846154,0.486111111111111,0.379912663755459,0.263736263736264,0.0754716981132075,0.320261437908497,0.4,0.25,0.142857142857143,0.263157894736842,0.250599520383693,0.163522012578616,0.131578947368421,0.0454545454545455,0.341463414634146,0.633333333333333,0.7,2,
0.260869565217391,0,0.138888888888889,0,0.0659340659340659,0.0377358490566038,0.0196078431372549,0.942857142857143,0,0,0.0315789473684211,0.0107913669064748,0.113207547169811,0.315789473684211,0.0454545454545455,0.731707317073171,0.1,0.133333333333333,1,
0.173913043478261,0.192307692307692,0.180555555555556,0.0829694323144105,0.120879120879121,0.0754716981132075,0.143790849673203,0.714285714285714,0.0833333333333333,0.142857142857143,0.0894736842105263,0.0899280575539568,0.245283018867925,0.315789473684211,0.454545454545455,0.146341463414634,0.0333333333333333,0.1,3,
0.630434782608696,0.384615384615385,0.777777777777778,0.406113537117904,0.175824175824176,0.150943396226415,0.477124183006536,0.285714285714286,0.416666666666667,0.342857142857143,0.378947368421053,0.394484412470024,0.188679245283019,0.0789473684210526,0.363636363636364,0.292682926829268,0.633333333333333,0.766666666666667,3,
0.391304347826087,0.0769230769230769,0.361111111111111,0.240174672489083,0.131868131868132,0.0943396226415094,0.228758169934641,0.542857142857143,0.166666666666667,0.185714285714286,0.205263157894737,0.165467625899281,0.0880503144654088,0.0657894736842105,0.0454545454545455,0.024390243902439,0.7,0.733333333333333,3,
0.195652173913043,0.384615384615385,0.458333333333333,0.235807860262009,0.230769230769231,0.0943396226415094,0.254901960784314,0.514285714285714,0.166666666666667,0.385714285714286,0.268421052631579,0.183453237410072,0.40251572327044,0.276315789473684,0.0909090909090909,0.414634146341463,0.233333333333333,0.233333333333333,2,
0.347826086956522,0.307692307692308,0.5,0.344978165938865,0.285714285714286,0.0943396226415094,0.294117647058824,0.457142857142857,0.166666666666667,0.257142857142857,0.268421052631579,0.226618705035971,0.276729559748428,0.197368421052632,0.363636363636364,0.292682926829268,0.5,0.466666666666667,2,
0.695652173913043,0.692307692307692,0.902777777777778,0.406113537117904,0.142857142857143,0.169811320754717,0.516339869281046,0.257142857142857,0.416666666666667,0.628571428571429,0.405263157894737,0.432853717026379,0.534591194968553,0.0657894736842105,0.818181818181818,0.0975609756097561,0.666666666666667,0.8,1,
0.282608695652174,0.461538461538462,0.430555555555556,0.2882096069869,0.252747252747253,0.0754716981132075,0.222222222222222,0.542857142857143,0.166666666666667,0.4,0.221052631578947,0.164268585131894,0.50314465408805,0.157894736842105,0.454545454545455,0.195121951219512,0.366666666666667,0.333333333333333,2,
0.695652173913043,0.461538461538462,0.833333333333333,0.397379912663755,0.153846153846154,0.150943396226415,0.562091503267974,0.2,0.5,0.442857142857143,0.442105263157895,0.482014388489209,0.484276729559748,0.105263157894737,0.363636363636364,0.121951219512195,0.533333333333333,0.633333333333333,1,
0.391304347826087,0.192307692307692,0.5,0.296943231441048,0.153846153846154,0.113207547169811,0.359477124183007,0.4,0.25,0.228571428571429,0.347368421052632,0.276978417266187,0.226415094339623,0.157894736842105,0,0.682926829268293,0.433333333333333,0.566666666666667,3,
0.260869565217391,0.115384615384615,0.444444444444444,0.100436681222707,0.0989010989010989,0.0943396226415094,0.0980392156862745,0.8,0.0833333333333333,0.1,0.0736842105263158,0.0587529976019185,0.0880503144654088,0.144736842105263,0.136363636363636,0.731707317073171,0.266666666666667,0.433333333333333,3,
0.5,0.423076923076923,0.625,0.270742358078603,0.208791208791209,0.150943396226415,0.281045751633987,0.485714285714286,0.166666666666667,0.457142857142857,0.194736842105263,0.205035971223022,0.314465408805031,0.105263157894737,0.136363636363636,0.24390243902439,0.533333333333333,0.7,0,
0.282608695652174,0.230769230769231,0.25,0.091703056768559,0.0879120879120879,0.0566037735849057,0.0326797385620915,0.885714285714286,0,0.228571428571429,0.0526315789473684,0.0239808153477218,0.245283018867925,0.131578947368421,0.318181818181818,0.146341463414634,0.466666666666667,0.433333333333333,0,
0.173913043478261,0.461538461538462,0.388888888888889,0.14410480349345,0.142857142857143,0.0943396226415094,0.261437908496732,0.542857142857143,0.166666666666667,0.471428571428571,0.194736842105263,0.178657074340528,0.440251572327044,0.289473684210526,0.136363636363636,0.317073170731707,0.1,0.0666666666666667,2,
0.304347826086957,0.346153846153846,0.416666666666667,0.152838427947598,0.131868131868132,0.0943396226415094,0.241830065359477,0.542857142857143,0.166666666666667,0.342857142857143,0.247368421052632,0.171462829736211,0.29559748427673,0.25,0.272727272727273,0.219512195121951,0.3,0.233333333333333,2,
0.304347826086957,0.307692307692308,0.5,0.266375545851528,0.21978021978022,0.0943396226415094,0.235294117647059,0.542857142857143,0.166666666666667,0.314285714285714,0.215789473684211,0.171462829736211,0.270440251572327,0.171052631578947,0.318181818181818,0.317073170731707,0.4,0.466666666666667,2,
0.826086956521739,0.769230769230769,0.944444444444444,0.467248908296943,0.153846153846154,0.169811320754717,0.620915032679739,0.171428571428571,0.5,0.7,0.457894736842105,0.541966426858513,0.672955974842767,0.0657894736842105,0.954545454545455,0.0487804878048781,0.666666666666667,0.8,1,
0.652173913043478,0.884615384615385,0.833333333333333,0.353711790393013,0.131868131868132,0.169811320754717,0.679738562091503,0.142857142857143,0.583333333333333,0.785714285714286,0.468421052631579,0.599520383693046,0.691823899371069,0.210526315789474,0.681818181818182,0.268292682926829,0.333333333333333,0.433333333333333,3,
0.41304347826087,0.230769230769231,0.5,0.331877729257642,0.263736263736264,0.0754716981132075,0.261437908496732,0.485714285714286,0.166666666666667,0.185714285714286,0.257894736842105,0.199040767386091,0.213836477987421,0.171052631578947,0.272727272727273,0.341463414634146,0.633333333333333,0.633333333333333,2,
0.717391304347826,0.846153846153846,0.777777777777778,0.40174672489083,0.142857142857143,0.188679245283019,0.712418300653595,0.114285714285714,0.666666666666667,0.785714285714286,0.5,0.639088729016787,0.660377358490566,0.171052631578947,0.409090909090909,0.317073170731707,0.333333333333333,0.5,3,
0.478260869565217,0.615384615384615,0.722222222222222,0.388646288209607,0.164835164835165,0.150943396226415,0.431372549019608,0.314285714285714,0.333333333333333,0.514285714285714,0.368421052631579,0.352517985611511,0.389937106918239,0.0657894736842105,0.0909090909090909,0,0.733333333333333,0.833333333333333,3,
0.826086956521739,0.961538461538462,0.902777777777778,0.344978165938865,0.043956043956044,0.0754716981132075,1,0,1,0.8,0.815789473684211,1,0.918238993710692,0.342105263157895,0.181818181818182,0.195121951219512,0.166666666666667,0.0666666666666667,2,
0.434782608695652,0.0384615384615385,0.361111111111111,0.157205240174672,0.0989010989010989,0.0943396226415094,0.117647058823529,0.714285714285714,0.0833333333333333,0.0285714285714286,0.110526315789474,0.0803357314148681,0.0314465408805031,0.0394736842105263,0.227272727272727,0.707317073170732,0.833333333333333,0.866666666666667,3,
0.434782608695652,0.230769230769231,0.652777777777778,0.344978165938865,0.186813186813187,0.113207547169811,0.372549019607843,0.4,0.25,0.228571428571429,0.368421052631579,0.28537170263789,0.251572327044025,0.171052631578947,0.318181818181818,0.609756097560976,0.4,0.466666666666667,1,
