85,18,4,
0.326086956521739,0.5,0.472222222222222,0.292576419213974,0.230769230769231,0.0754716981132075,0.261437908496732,0.485714285714286,0.166666666666667,0.428571428571429,0.263157894736842,0.197841726618705,0.522012578616352,0.157894736842105,0.227272727272727,0.268292682926829,0.433333333333333,0.466666666666667,2,
0.608695652173913,0.576923076923077,0.930555555555556,0.51528384279476,0.230769230769231,0.150943396226415,0.627450980392157,0.171428571428571,0.583333333333333,0.514285714285714,0.536842105263158,0.547961630695444,0.59748427672956,0.144736842105263,0.227272727272727,0.926829268292683,0.466666666666667,0.7,3,
0.195652173913043,0.423076923076923,0.444444444444444,0.0611353711790393,0.0549450549450549,0.0943396226415094,0.261437908496732,0.514285714285714,0.166666666666667,0.414285714285714,0.231578947368421,0.18705035971223,0.427672955974843,0.302631578947368,0.0909090909090909,0.0487804878048781,0.133333333333333,0.133333333333333,2,
0.434782608695652,0.5,0.583333333333333,0.179039301310044,0.120879120879121,0.169811320754717,0.30718954248366,0.485714285714286,0.25,0.6,0.263157894736842,0.224220623501199,0.50314465408805,0.236842105263158,0.0909090909090909,0.0975609756097561,0.233333333333333,0.433333333333333,0,
0.391304347826087,0.384615384615385,0.416666666666667,0.126637554585153,0.0879120879120879,0.113207547169811,0.117647058823529,0.714285714285714,0.0833333333333333,0.4,0.152631578947368,0.0827338129496403,0.29559748427673,0.144736842105263,0.0454545454545455,0.195121951219512,0.466666666666667,0.433333333333333,0,
0.260869565217391,0.346153846153846,0.361111111111111,0.0786026200873362,0.0769230769230769,0.0754716981132075,0.235294117647059,0.571428571428571,0.166666666666667,0.328571428571429,0.221052631578947,0.15947242206235,0.408805031446541,0.381578947368421,0.272727272727273,0.341463414634146,0.133333333333333,0.0333333333333333,2,
0.347826086956522,0.538461538461538,0.611111111111111,0.126637554585153,0.0879120879120879,0.169811320754717,0.294117647058824,0.514285714285714,0.25,0.6,0.205263157894737,0.203836930455636,0.421383647798742,0.197368421052632,0.227272727272727,0.219512195121951,0.2,0.366666666666667,0,
0.543478260869565,0.615384615384615,0.611111111111111,0.502183406113537,0.296703296703297,0.0943396226415094,0.509803921568627,0.228571428571429,0.416666666666667,0.514285714285714,0.410526315789474,0.448441247002398,0.628930817610063,0.197368421052632,0.181818181818182,0.170731707317073,0.633333333333333,0.466666666666667,2,
0.608695652173913,0.769230769230769,0.875,0.432314410480349,0.175824175824176,0.132075471698113,0.542483660130719,0.228571428571429,0.416666666666667,0.628571428571429,0.421052631578947,0.464028776978417,0.635220125786163,0.118421052631579,0.227272727272727,0.121951219512195,0.5,0.566666666666667,3,
0.304347826086957,0.5,0.430555555555556,0.240174672489083,0.208791208791209,0.0754716981132075,0.254901960784314,0.514285714285714,0.166666666666667,0.4,0.236842105263158,0.190647482014389,0.50314465408805,0.184210526315789,0.0909090909090909,0,0.333333333333333,0.3,2,
0.673913043478261,0.846153846153846,0.930555555555556,0.51528384279476,0.230769230769231,0.169811320754717,0.69281045751634,0.142857142857143,0.583333333333333,0.785714285714286,0.536842105263158,0.622302158273381,0.754716981132076,0.157894736842105,0.136363636363636,0.24390243902439,0.4,0.6,1,
0.260869565217391,0.230769230769231,0.513888888888889,0.205240174672489,0.131868131868132,0.113207547169811,0.248366013071895,0.542857142857143,0.166666666666667,0.228571428571429,0.242105263157895,0.176258992805755,0.150943396226415,0.184210526315789,0,0.390243902439024,0.266666666666667,0.4,3,
0.456521739130435,0.576923076923077,0.597222222222222,0.253275109170306,0.186813186813187,0.150943396226415,0.287581699346405,0.485714285714286,0.166666666666667,0.5,0.247368421052632,0.207434052757794,0.490566037735849,0.197368421052632,0.181818181818182,0.341463414634146,0.3,0.5,0,
0.58695652173913,0.576923076923077,0.763888888888889,0.458515283842795,0.230769230769231,0.0943396226415094,0.568627450980392,0.171428571428571,0.5,0.457142857142857,0.452631578947368,0.504796163069544,0.572327044025157,0.184210526315789,0.318181818181818,0.268292682926829,0.533333333333333,0.433333333333333,2,
0.717391304347826,0.615384615384615,0.916666666666667,0.467248908296943,0.186813186813187,0.132075471698113,0.627450980392157,0.171428571428571,0.583333333333333,0.571428571428571,0.494736842105263,0.552757793764988,0.471698113207547,0.118421052631579,0.0454545454545455,0.585365853658537,0.466666666666667,0.7,1,
0.543478260869565,0.230769230769231,0.569444444444444,0.379912663755459,0.186813186813187,0.132075471698113,0.352941176470588,0.4,0.25,0.285714285714286,0.284210526315789,0.276978417266187,0.138364779874214,0.0394736842105263,0.363636363636364,0.463414634146341,0.7,0.8,1,
0.239130434782609,0.0769230769230769,0.180555555555556,0.0786026200873362,0.10989010989011,0.0377358490566038,0.0261437908496732,0.942857142857143,0,0.0714285714285714,0.0263157894736842,0.0143884892086331,0.119496855345912,0.223684210526316,0.454545454545455,0.658536585365854,0.233333333333333,0.3,1,
0.369565217391304,0.115384615384615,0.527777777777778,0.327510917030568,0.186813186813187,0.113207547169811,0.294117647058824,0.457142857142857,0.166666666666667,0.114285714285714,0.273684210526316,0.219424460431655,0.207547169811321,0.0921052631578947,0.0454545454545455,0.48780487804878,0.533333333333333,0.566666666666667,3,
0.434782608695652,0.538461538461538,0.625,0.25764192139738,0.208791208791209,0.169811320754717,0.287581699346405,0.514285714285714,0.25,0.571428571428571,0.221052631578947,0.205035971223022,0.433962264150943,0.197368421052632,0.318181818181818,0.365853658536585,0.233333333333333,0.466666666666667,0,
0.673913043478261,0.615384615384615,0.680555555555556,0.279475982532751,0.0769230769230769,0.0377358490566038,0.65359477124183,0.142857142857143,0.583333333333333,0.5,0.568421052631579,0.597122302158273,0.559748427672956,0.25,0.0454545454545455,0.560975609756098,0.466666666666667,0.266666666666667,2,
0.282608695652174,0.307692307692308,0.333333333333333,0.192139737991266,0.153846153846154,0.0566037735849057,0.248366013071895,0.542857142857143,0.166666666666667,0.285714285714286,0.184210526315789,0.178657074340528,0.40251572327044,0.276315789473684,0.227272727272727,0.195121951219512,0.2,0.133333333333333,1,
0.260869565217391,0,0,0.0480349344978166,0.10989010989011,0.0188679245283019,0,1,0,0.0142857142857143,0,0,0.113207547169811,0.355263157894737,0.545454545454545,0.51219512195122,0.166666666666667,0.0666666666666667,1,
0.608695652173913,0.846153846153846,0.944444444444444,0.541484716157205,0.241758241758242,0.188679245283019,0.673202614379085,0.142857142857143,0.583333333333333,0.714285714285714,0.521052631578947,0.599520383693046,0.660377358490566,0.157894736842105,0.0909090909090909,0.390243902439024,0.4,0.6,1,
0.260869565217391,0.538461538461538,0.486111111111111,0.074235807860262,0.0659340659340659,0.132075471698113,0.294117647058824,0.514285714285714,0.25,0.671428571428571,0.2,0.20863309352518,0.421383647798742,0.236842105263158,0.0454545454545455,0.170731707317073,0.2,0.333333333333333,0,
0.391304347826087,0.230769230769231,0.666666666666667,0.37117903930131,0.175824175824176,0.132075471698113,0.411764705882353,0.342857142857143,0.333333333333333,0.2,0.352631578947368,0.327338129496403,0.29559748427673,0.131578947368421,0,0.560975609756098,0.5,0.566666666666667,1,
0.347826086956522,0.269230769230769,0.277777777777778,0.117903930131004,0.0989010989010989,0.0754716981132075,0.0392156862745098,0.857142857142857,0,0.271428571428571,0.068421052631579,0.0299760191846523,0.276729559748428,0.0789473684210526,0.454545454545455,0.195121951219512,0.566666666666667,0.6,0,
0.347826086956522,0.0769230769230769,0.416666666666667,0.148471615720524,0.120879120879121,0.0943396226415094,0.0915032679738562,0.771428571428571,0,0.142857142857143,0.0894736842105263,0.0635491606714628,0.0188679245283019,0.0657894736842105,0.181818181818182,0.463414634146341,0.766666666666667,0.866666666666667,0,
0.58695652173913,0.5,0.569444444444444,0.362445414847162,0.153846153846154,0.132075471698113,0.352941176470588,0.4,0.25,0.514285714285714,0.310526315789474,0.276978417266187,0.415094339622642,0.0526315789473684,0.590909090909091,0.219512195121951,0.733333333333333,0.866666666666667,1,
0.304347826086957,0.423076923076923,0.416666666666667,0.327510917030568,0.307692307692308,0.0754716981132075,0.222222222222222,0.542857142857143,0.166666666666667,0.328571428571429,0.194736842105263,0.170263788968825,0.433962264150943,0.131578947368421,0.272727272727273,0.024390243902439,0.6,0.666666666666667,2,
0.869565217391304,0.923076923076923,0.958333333333333,0.393013100436681,0.0989010989010989,0.0754716981132075,0.967320261437909,0,0.916666666666667,0.814285714285714,0.831578947368421,0.956834532374101,0.955974842767296,0.342105263157895,0.5,0.51219512195122,0.2,0.0666666666666667,2,
0.347826086956522,0.269230769230769,0.444444444444444,0.222707423580786,0.175824175824176,0.0943396226415094,0.222222222222222,0.542857142857143,0.166666666666667,0.242857142857143,0.236842105263158,0.164268585131894,0.226415094339623,0.171052631578947,0.181818181818182,0.24390243902439,0.533333333333333,0.5,2,
0.369565217391304,0.538461538461538,0.625,0.196506550218341,0.142857142857143,0.150943396226415,0.281045751633987,0.485714285714286,0.166666666666667,0.528571428571429,0.257894736842105,0.205035971223022,0.484276729559748,0.210526315789474,0.0454545454545455,0.121951219512195,0.3,0.5,0,
0.5,0.307692307692308,0.513888888888889,0.318777292576419,0.186813186813187,0.0566037735849057,0.42483660130719,0.285714285714286,0.333333333333333,0.228571428571429,0.394736842105263,0.360911270983213,0.245283018867925,0.197368421052632,0,0.0975609756097561,0.666666666666667,0.566666666666667,2,
0.434782608695652,0.423076923076923,0.694444444444444,0.270742358078603,0.197802197802198,0.150943396226415,0.26797385620915,0.514285714285714,0.166666666666667,0.542857142857143,0.210526315789474,0.196642685851319,0.213836477987421,0.0921052631578947,0.409090909090909,0.414634146341463,0.6,0.733333333333333,0,
0.282608695652174,0.538461538461538,0.486111111111111,0.266375545851528,0.230769230769231,0.0754716981132075,0.274509803921569,0.485714285714286,0.166666666666667,0.4,0.242105263157895,0.206235011990408,0.509433962264151,0.197368421052632,0.318181818181818,0.0731707317073171,0.4,0.433333333333333,2,
0.521739130434783,0.153846153846154,0.5,0.283842794759825,0.142857142857143,0.113207547169811,0.320261437908497,0.428571428571429,0.25,0.185714285714286,0.310526315789474,0.248201438848921,0.169811320754717,0.171052631578947,0,0,0.4,0.366666666666667,3,
0.608695652173913,0.730769230769231,0.902777777777778,0.253275109170306,0.0659340659340659,0.150943396226415,0.65359477124183,0.142857142857143,0.583333333333333,0.642857142857143,0.505263157894737,0.581534772182254,0.59748427672956,0.197368421052632,0.545454545454545,0.268292682926829,0.333333333333333,0.433333333333333,3,
0.652173913043478,0.576923076923077,0.847222222222222,0.436681222707424,0.164835164835165,0.188679245283019,0.57516339869281,0.2,0.5,0.571428571428571,0.447368421052632,0.492805755395683,0.345911949685535,0.0921052631578947,0.363636363636364,0.536585365853659,0.533333333333333,0.7,3,
0.152173913043478,0.192307692307692,0.333333333333333,0.11353711790393,0.131868131868132,0.113207547169811,0.143790849673203,0.714285714285714,0.0833333333333333,0.114285714285714,0.115789473684211,0.0899280575539568,0.163522012578616,0.223684210526316,0.0454545454545455,0.560975609756098,0.1,0.233333333333333,3,
0.282608695652174,0.192307692307692,0.638888888888889,0.310043668122271,0.142857142857143,0.132075471698113,0.379084967320261,0.371428571428571,0.333333333333333,0.228571428571429,0.321052631578947,0.298561151079137,0.182389937106918,0.118421052631579,0.0454545454545455,0.682926829268293,0.5,0.6,1,
0.347826086956522,0.461538461538462,0.513888888888889,0.366812227074236,0.186813186813187,0.132075471698113,0.320261437908497,0.428571428571429,0.25,0.471428571428571,0.315789473684211,0.247002398081535,0.408805031446541,0.0921052631578947,0.181818181818182,0.0487804878048781,0.6,0.666666666666667,1,
0.260869565217391,0.461538461538462,0.583333333333333,0.126637554585153,0.0989010989010989,0.169811320754717,0.30718954248366,0.485714285714286,0.25,0.542857142857143,0.210526315789474,0.213429256594724,0.40251572327044,0.223684210526316,0.454545454545455,0.51219512195122,0.233333333333333,0.4,0,
0.391304347826087,0.307692307692308,0.736111111111111,0.406113537117904,0.197802197802198,0.132075471698113,0.464052287581699,0.285714285714286,0.333333333333333,0.271428571428571,0.378947368421053,0.383693045563549,0.276729559748428,0.0921052631578947,0.5,0.585365853658537,0.566666666666667,0.633333333333333,3,
0.717391304347826,0.769230769230769,0.805555555555556,0.432314410480349,0.175824175824176,0.169811320754717,0.705882352941177,0.114285714285714,0.666666666666667,0.7,0.515789473684211,0.630695443645084,0.660377358490566,0.157894736842105,0.454545454545455,0.585365853658537,0.4,0.533333333333333,3,
0.391304347826087,0.615384615384615,0.638888888888889,0.397379912663755,0.175824175824176,0.113207547169811,0.42483660130719,0.314285714285714,0.333333333333333,0.542857142857143,0.384210526315789,0.34652278177458,0.578616352201258,0.105263157894737,0.318181818181818,0.121951219512195,0.533333333333333,0.566666666666667,3,
0.608695652173913,0.692307692307692,0.805555555555556,0.393013100436681,0.142857142857143,0.150943396226415,0.542483660130719,0.228571428571429,0.416666666666667,0.614285714285714,0.468421052631579,0.465227817745803,0.691823899371069,0.105263157894737,0,0.24390243902439,0.533333333333333,0.666666666666667,1,
0.391304347826087,0.423076923076923,0.361111111111111,0.205240174672489,0.175824175824176,0.0943396226415094,0.163398692810458,0.628571428571429,0.0833333333333333,0.4,0.189473684210526,0.115107913669065,0.364779874213836,0.171052631578947,0.0454545454545455,0.219512195121951,0.4,0.433333333333333,0,
0.673913043478261,0.846153846153846,0.958333333333333,0.550218340611354,0.21978021978022,0.188679245283019,0.69281045751634,0.114285714285714,0.583333333333333,0.8,0.526315789473684,0.62589928057554,0.735849056603774,0.105263157894737,0.363636363636364,0.536585365853659,0.5,0.7,3,
0.717391304347826,0.807692307692308,0.902777777777778,0.262008733624454,0.010989010989011,0.0566037735849057,0.882352941176471,0.0285714285714286,0.833333333333333,0.671428571428571,0.731578947368421,0.847721822541966,0.842767295597484,0.328947368421053,0.545454545454545,0.024390243902439,0.166666666666667,0.0333333333333333,2,
0.456521739130435,0.461538461538462,0.444444444444444,0.327510917030568,0.241758241758242,0.0754716981132075,0.287581699346405,0.428571428571429,0.166666666666667,0.371428571428571,0.268421052631579,0.226618705035971,0.515723270440252,0.131578947368421,0.227272727272727,0.121951219512195,0.566666666666667,0.566666666666667,2,
0.652173913043478,0.807692307692308,0.930555555555556,0.37117903930131,0.0989010989010989,0.169811320754717,0.725490196078431,0.114285714285714,0.666666666666667,0.8,0.5,0.65347721822542,0.572327044025157,0.144736842105263,0,0.707317073170732,0.366666666666667,0.666666666666667,3,
0.434782608695652,0.269230769230769,0.458333333333333,0.152838427947598,0.120879120879121,0.0754716981132075,0.156862745098039,0.657142857142857,0.0833333333333333,0.285714285714286,0.189473684210526,0.109112709832134,0.176100628930818,0.184210526315789,0,0,0.366666666666667,0.233333333333333,0,
0.369565217391304,0.230769230769231,0.236111111111111,0.0436681222707424,0.010989010989011,0.0943396226415094,0.150326797385621,0.714285714285714,0.0833333333333333,0.3,0.131578947368421,0.092326139088729,0.264150943396226,0.342105263157895,0.545454545454545,0.195121951219512,0.233333333333333,0.0333333333333333,0,
0.282608695652174,0.192307692307692,0.25,0.0655021834061135,0.0989010989010989,0.0377358490566038,0.0392156862745098,0.885714285714286,0,0.157142857142857,0.0526315789473684,0.0287769784172662,0.270440251572327,0.25,0.409090909090909,0.0487804878048781,0.266666666666667,0.166666666666667,0,
0.326086956521739,0.230769230769231,0.666666666666667,0.393013100436681,0.241758241758242,0.113207547169811,0.366013071895425,0.4,0.25,0.214285714285714,0.363157894736842,0.278177458033573,0.264150943396226,0.197368421052632,0.136363636363636,0.536585365853659,0.333333333333333,0.366666666666667,3,
0.456521739130435,0.384615384615385,0.402777777777778,0.248908296943231,0.131868131868132,0.0943396226415094,0.261437908496732,0.485714285714286,0.166666666666667,0.357142857142857,0.236842105263158,0.197841726618705,0.490566037735849,0.105263157894737,0.545454545454545,0.268292682926829,0.566666666666667,0.566666666666667,1,
0.58695652173913,0.692307692307692,0.680555555555556,0.414847161572052,0.197802197802198,0.0754716981132075,0.581699346405229,0.171428571428571,0.5,0.585714285714286,0.468421052631579,0.525179856115108,0.60377358490566,0.197368421052632,0.272727272727273,0.170731707317073,0.566666666666667,0.4,2,
0.369565217391304,0.115384615384615,0.625,0.349344978165939,0.186813186813187,0.0754716981132075,0.313725490196078,0.428571428571429,0.25,0.1,0.3,0.241007194244604,0.188679245283019,0.0921052631578947,0.409090909090909,0.75609756097561,0.633333333333333,0.733333333333333,1,
0.260869565217391,0.192307692307692,0.444444444444444,0.11353711790393,0.0659340659340659,0.132075471698113,0.143790849673203,0.714285714285714,0.0833333333333333,0.2,0.0789473684210526,0.092326139088729,0.0880503144654088,0.0789473684210526,0.0454545454545455,0.585365853658537,0.4,0.566666666666667,3,
0.326086956521739,0.0384615384615385,0.402777777777778,0.209606986899563,0.10989010989011,0.0566037735849057,0.169934640522876,0.628571428571429,0.0833333333333333,0.0571428571428571,0.147368421052632,0.119904076738609,0.0691823899371069,0.0394736842105263,0.409090909090909,0.707317073170732,0.933333333333333,0.966666666666667,3,
0.282608695652174,0.269230769230769,0.319444444444444,0.135371179039301,0.0989010989010989,0.0566037735849057,0.137254901960784,0.685714285714286,0.0833333333333333,0.242857142857143,0.115789473684211,0.0935251798561151,0.358490566037736,0.144736842105263,0.409090909090909,0.0487804878048781,0.366666666666667,0.333333333333333,1,
0.282608695652174,0.423076923076923,0.416666666666667,0.157205240174672,0.186813186813187,0.0754716981132075,0.235294117647059,0.542857142857143,0.166666666666667,0.385714285714286,0.210526315789474,0.165467625899281,0.477987421383648,0.302631578947368,0.454545454545455,0.024390243902439,0.166666666666667,0.0666666666666667,2,
0.5,0.307692307692308,0.402777777777778,0.213973799126638,0.0989010989010989,0.0943396226415094,0.189542483660131,0.6,0.0833333333333333,0.328571428571429,0.168421052631579,0.135491606714628,0.377358490566038,0.0263157894736842,0.5,0.195121951219512,0.866666666666667,0.933333333333333,1,
0.347826086956522,0.192307692307692,0.513888888888889,0.248908296943231,0.164835164835165,0.0943396226415094,0.241830065359477,0.542857142857143,0.166666666666667,0.157142857142857,0.231578947368421,0.171462829736211,0.276729559748428,0.157894736842105,0.272727272727273,0.51219512195122,0.4,0.4,1,
0.543478260869565,0.846153846153846,0.888888888888889,0.475982532751092,0.21978021978022,0.132075471698113,0.61437908496732,0.171428571428571,0.5,0.7,0.489473684210526,0.533573141486811,0.69811320754717,0.171052631578947,0.227272727272727,0.463414634146341,0.366666666666667,0.5,1,
0.282608695652174,0.0769230769230769,0.0555555555555556,0.0262008733624454,0.0769230769230769,0,0.0457516339869281,0.885714285714286,0,0.0428571428571429,0.0473684210526316,0.0287769784172662,0.176100628930818,0.407894736842105,0.272727272727273,0.024390243902439,0.133333333333333,0.0666666666666667,0,
0.652173913043478,0.307692307692308,0.597222222222222,0.393013100436681,0.175824175824176,0.132075471698113,0.411764705882353,0.342857142857143,0.333333333333333,0.342857142857143,0.363157894736842,0.324940047961631,0.182389937106918,0.0789473684210526,0.318181818181818,0.731707317073171,0.7,0.833333333333333,3,
0.478260869565217,0.5,0.5,0.253275109170306,0.208791208791209,0.169811320754717,0.326797385620915,0.457142857142857,0.25,0.528571428571429,0.236842105263158,0.23621103117506,0.39622641509434,0.197368421052632,0.363636363636364,0.0975609756097561,0.266666666666667,0.4,0,
0.565217391304348,0.192307692307692,0.472222222222222,0.349344978165939,0.208791208791209,0.0754716981132075,0.339869281045752,0.371428571428571,0.25,0.185714285714286,0.331578947368421,0.275779376498801,0.176100628930818,0.157894736842105,0.0909090909090909,0.536585365853659,0.8,0.7,2,
0.347826086956522,0.192307692307692,0.583333333333333,0.22707423580786,0.131868131868132,0.113207547169811,0.26797385620915,0.485714285714286,0.166666666666667,0.157142857142857,0.257894736842105,0.200239808153477,0.176100628930818,0.144736842105263,0.0454545454545455,0.024390243902439,0.366666666666667,0.366666666666667,1,
0.565217391304348,0.730769230769231,0.888888888888889,0.318777292576419,0.0879120879120879,0.150943396226415,0.640522875816993,0.171428571428571,0.583333333333333,0.685714285714286,0.468421052631579,0.567146282973621,0.666666666666667,0.184210526315789,0.136363636363636,0.0487804878048781,0.366666666666667,0.433333333333333,3,
0.195652173913043,0.384615384615385,0.416666666666667,0.637554585152838,0.637362637362637,1,0.176470588235294,0.628571428571429,0.0833333333333333,0.385714285714286,0.531578947368421,0.12589928057554,0.39622641509434,0.526315789473684,0.181818181818182,0.219512195121951,0.466666666666667,0.6,0,
0.58695652173913,0.730769230769231,0.958333333333333,0.528384279475983,0.230769230769231,0.150943396226415,0.718954248366013,0.114285714285714,0.666666666666667,0.671428571428571,0.58421052631579,0.655875299760192,0.616352201257862,0.184210526315789,0.318181818181818,0.682926829268293,0.4,0.6,3,
0.695652173913043,0.692307692307692,0.736111111111111,0.244541484716157,0.043956043956044,0.0943396226415094,0.686274509803922,0.114285714285714,0.583333333333333,0.671428571428571,0.578947368421053,0.622302158273381,0.622641509433962,0.289473684210526,0.409090909090909,0.609756097560976,0.4,0.233333333333333,2,
0.434782608695652,0.5,0.625,0.283842794759825,0.208791208791209,0.132075471698113,0.254901960784314,0.514285714285714,0.166666666666667,0.414285714285714,0.205263157894737,0.185851318944844,0.440251572327044,0.105263157894737,0,0.0975609756097561,0.633333333333333,0.766666666666667,0,
0.434782608695652,0.692307692307692,0.694444444444444,0.458515283842795,0.241758241758242,0.113207547169811,0.464052287581699,0.285714285714286,0.416666666666667,0.542857142857143,0.426315789473684,0.386091127098321,0.761006289308176,0.144736842105263,0.272727272727273,0.024390243902439,0.433333333333333,0.5,1,
0.630434782608696,0.730769230769231,0.805555555555556,0.528384279475983,0.263736263736264,0.150943396226415,0.666666666666667,0.142857142857143,0.583333333333333,0.657142857142857,0.515789473684211,0.597122302158273,0.566037735849057,0.157894736842105,0,0.390243902439024,0.366666666666667,0.5,3,
0.391304347826087,0.5,0.847222222222222,0.414847161572052,0.197802197802198,0.132075471698113,0.549019607843137,0.228571428571429,0.5,0.4,0.468421052631579,0.467625899280576,0.566037735849057,0.184210526315789,0.227272727272727,0.195121951219512,0.333333333333333,0.433333333333333,3,
0.152173913043478,0.423076923076923,0.388888888888889,0.0698689956331878,0.0659340659340659,0.113207547169811,0.254901960784314,0.542857142857143,0.166666666666667,0.4,0.210526315789474,0.178657074340528,0.509433962264151,0.276315789473684,0.181818181818182,0.390243902439024,0.133333333333333,0.133333333333333,2,
0.5,0.230769230769231,0.333333333333333,0.0305676855895196,0.010989010989011,0.113207547169811,0.143790849673203,0.742857142857143,0.0833333333333333,0.328571428571429,0.157894736842105,0.0887290167865707,0.188679245283019,0.276315789473684,0.318181818181818,0.48780487804878,0.233333333333333,0.1,0,
0.217391304347826,0.5,0.388888888888889,0.152838427947598,0.131868131868132,0.0754716981132075,0.248366013071895,0.514285714285714,0.166666666666667,0.4,0.221052631578947,0.182254196642686,0.465408805031447,0.197368421052632,0.227272727272727,0.0731707317073171,0.3,0.333333333333333,2,
0.130434782608696,0.192307692307692,0.208333333333333,0.0698689956331878,0.0879120879120879,0.0566037735849057,0.196078431372549,0.628571428571429,0.166666666666667,0.142857142857143,0.121052631578947,0.133093525179856,0.226415094339623,0.289473684210526,0.181818181818182,0.0487804878048781,0.133333333333333,0.0666666666666667,1,
0.217391304347826,0.230769230769231,0.402777777777778,0.100436681222707,0.0769230769230769,0.0566037735849057,0.150326797385621,0.657142857142857,0.0833333333333333,0.185714285714286,0.131578947368421,0.107913669064748,0.333333333333333,0.131578947368421,0.727272727272727,0.146341463414634,0.366666666666667,0.3,3,
0.58695652173913,0.538461538461538,0.416666666666667,0.353711790393013,0.252747252747253,0.0943396226415094,0.326797385620915,0.4,0.25,0.5,0.257894736842105,0.266187050359712,0.39622641509434,0.118421052631579,0.409090909090909,0.146341463414634,0.8,0.8,2,
0.195652173913043,0.115384615384615,0.152777777777778,0.0436681222707424,0.0659340659340659,0.0377358490566038,0.150326797385621,0.685714285714286,0.0833333333333333,0.114285714285714,0.105263157894737,0.100719424460432,0.220125786163522,0.355263157894737,0.681818181818182,0.0975609756097561,0.166666666666667,0.0333333333333333,1,
