84,18,4,
0.478260869565217,0.576923076923077,0.597222222222222,0.323144104803493,0.274725274725275,0.150943396226415,0.326797385620915,0.457142857142857,0.25,0.585714285714286,0.242105263157895,0.233812949640288,0.471698113207547,0.144736842105263,0.272727272727273,0.390243902439024,0.366666666666667,0.533333333333333,0,
0.739130434782609,0.923076923076923,0.916666666666667,0.296943231441048,0.032967032967033,0.0754716981132075,0.934640522875817,0,0.916666666666667,0.728571428571429,0.789473684210526,0.926858513189448,0.974842767295597,0.342105263157895,0.227272727272727,0.219512195121951,0.166666666666667,0.0666666666666667,2,
0.347826086956522,0.346153846153846,0.625,0.174672489082969,0.120879120879121,0.150943396226415,0.261437908496732,0.514285714285714,0.166666666666667,0.371428571428571,0.226315789473684,0.193045563549161,0.327044025157233,0.171052631578947,0.363636363636364,0.317073170731707,0.366666666666667,0.533333333333333,0,
0.260869565217391,0.461538461538462,0.555555555555556,0.218340611353712,0.186813186813187,0.132075471698113,0.228758169934641,0.542857142857143,0.166666666666667,0.428571428571429,0.205263157894737,0.167865707434053,0.408805031446541,0.157894736842105,0.0454545454545455,0.0975609756097561,0.4,0.6,0,
0.739130434782609,0.807692307692308,0.805555555555556,0.432314410480349,0.197802197802198,0.169811320754717,0.69281045751634,0.142857142857143,0.666666666666667,0.7,0.521052631578947,0.613908872901679,0.672955974842767,0.171052631578947,0.0454545454545455,0.682926829268293,0.366666666666667,0.6,1,
0.58695652173913,0.5,0.694444444444444,0.296943231441048,0.21978021978022,0.132075471698113,0.294117647058824,0.485714285714286,0.25,0.457142857142857,0.210526315789474,0.21462829736211,0.471698113207547,0.105263157894737,0.772727272727273,0.170731707317073,0.533333333333333,0.633333333333333,0,
0.347826086956522,0.538461538461538,0.569444444444444,0.187772925764192,0.186813186813187,0.169811320754717,0.287581699346405,0.514285714285714,0.25,0.642857142857143,0.210526315789474,0.201438848920863,0.49685534591195,0.223684210526316,0.272727272727273,0.317073170731707,0.266666666666667,0.4,0,
0.608695652173913,0.346153846153846,0.305555555555556,0.310043668122271,0.21978021978022,0.0754716981132075,0.241830065359477,0.485714285714286,0.166666666666667,0.3,0.205263157894737,0.188249400479616,0.352201257861635,0.0789473684210526,0.318181818181818,0.268292682926829,0.866666666666667,0.933333333333333,2,
0.282608695652174,0.269230769230769,0.305555555555556,0.157205240174672,0.164835164835165,0.0943396226415094,0.248366013071895,0.542857142857143,0.166666666666667,0.214285714285714,0.184210526315789,0.175059952038369,0.40251572327044,0.302631578947368,0.0909090909090909,0.0731707317073171,0.133333333333333,0.133333333333333,1,
0.673913043478261,0.730769230769231,0.75,0.454148471615721,0.208791208791209,0.0566037735849057,0.627450980392157,0.142857142857143,0.583333333333333,0.614285714285714,0.510526315789474,0.577937649880096,0.685534591194969,0.223684210526316,0.5,0.0975609756097561,0.566666666666667,0.333333333333333,2,
0.565217391304348,0.692307692307692,0.722222222222222,0.432314410480349,0.197802197802198,0.0566037735849057,0.633986928104575,0.142857142857143,0.583333333333333,0.585714285714286,0.536842105263158,0.583932853717026,0.660377358490566,0.25,0.227272727272727,0.268292682926829,0.5,0.266666666666667,2,
0.804347826086957,0.961538461538462,0.916666666666667,0.331877729257642,0.043956043956044,0.0754716981132075,0.973856209150327,0,0.916666666666667,0.757142857142857,0.778947368421053,0.976019184652278,0.930817610062893,0.315789473684211,0.409090909090909,0.317073170731707,0.166666666666667,0.0333333333333333,2,
0.347826086956522,0.538461538461538,0.597222222222222,0.951965065502183,0.945054945054945,0.867924528301887,0.300653594771242,0.485714285714286,0.25,0.642857142857143,0.521052631578947,0.215827338129496,0.421383647798742,0.5,0,0.341463414634146,0.266666666666667,0.433333333333333,0,
0.369565217391304,0.153846153846154,0.555555555555556,0.292576419213974,0.120879120879121,0.132075471698113,0.294117647058824,0.457142857142857,0.25,0.2,0.221052631578947,0.226618705035971,0.0377358490566038,0.0131578947368421,0.136363636363636,0.439024390243902,0.833333333333333,0.933333333333333,1,
0.673913043478261,0.653846153846154,0.777777777777778,0.467248908296943,0.197802197802198,0.150943396226415,0.490196078431373,0.257142857142857,0.416666666666667,0.542857142857143,0.405263157894737,0.411270983213429,0.540880503144654,0.0789473684210526,0.136363636363636,0.170731707317073,0.633333333333333,0.833333333333333,1,
0.456521739130435,0.423076923076923,0.611111111111111,0.489082969432314,0.296703296703297,0.0754716981132075,0.470588235294118,0.257142857142857,0.416666666666667,0.385714285714286,0.410526315789474,0.408872901678657,0.283018867924528,0.184210526315789,0.181818181818182,0.536585365853659,0.666666666666667,0.533333333333333,2,
0.195652173913043,0.192307692307692,0.180555555555556,0.091703056768559,0.131868131868132,0.0566037735849057,0.137254901960784,0.714285714285714,0.0833333333333333,0.142857142857143,0.115789473684211,0.0899280575539568,0.232704402515723,0.368421052631579,0,0,0.0333333333333333,0.0666666666666667,3,
0.41304347826087,0.115384615384615,0.527777777777778,0.266375545851528,0.10989010989011,0.113207547169811,0.26797385620915,0.485714285714286,0.166666666666667,0.142857142857143,0.205263157894737,0.197841726618705,0.0943396226415094,0.0131578947368421,0.181818181818182,0.463414634146341,0.9,1,1,
0.804347826086957,0.692307692307692,0.888888888888889,0.379912663755459,0.10989010989011,0.188679245283019,0.660130718954248,0.142857142857143,0.583333333333333,0.628571428571429,0.505263157894737,0.587529976019185,0.509433962264151,0.118421052631579,0.818181818181818,0.0487804878048781,0.5,0.6,1,
0.543478260869565,0.192307692307692,0.416666666666667,0.091703056768559,0.0549450549450549,0.113207547169811,0.117647058823529,0.771428571428571,0.0833333333333333,0.3,0.142105263157895,0.0707434052757794,0.144654088050314,0.197368421052632,0,0.317073170731707,0.333333333333333,0.133333333333333,0,
0.58695652173913,0.307692307692308,0.486111111111111,0.441048034934498,0.263736263736264,0.0566037735849057,0.418300653594771,0.285714285714286,0.333333333333333,0.285714285714286,0.389473684210526,0.353717026378897,0.264150943396226,0.171052631578947,0.318181818181818,0.463414634146341,0.7,0.533333333333333,2,
0.41304347826087,0.153846153846154,0.638888888888889,0.275109170305677,0.142857142857143,0.0943396226415094,0.300653594771242,0.457142857142857,0.25,0.185714285714286,0.268421052631579,0.226618705035971,0.220125786163522,0.118421052631579,0.409090909090909,0.51219512195122,0.466666666666667,0.5,1,
0.282608695652174,0.153846153846154,0.402777777777778,0.200873362445415,0.175824175824176,0.113207547169811,0.169934640522876,0.628571428571429,0.0833333333333333,0.228571428571429,0.173684210526316,0.119904076738609,0.0943396226415094,0.157894736842105,0.0454545454545455,0.146341463414634,0.433333333333333,0.466666666666667,0,
0.434782608695652,0.307692307692308,0.541666666666667,0.240174672489083,0.175824175824176,0.113207547169811,0.209150326797386,0.571428571428571,0.166666666666667,0.457142857142857,0.184210526315789,0.149880095923261,0.157232704402516,0.105263157894737,0.181818181818182,0.219512195121951,0.633333333333333,0.733333333333333,0,
0.260869565217391,0.346153846153846,0.263888888888889,0.122270742358079,0.120879120879121,0.0943396226415094,0.241830065359477,0.571428571428571,0.166666666666667,0.371428571428571,0.189473684210526,0.163069544364508,0.39622641509434,0.315789473684211,0.363636363636364,0.0975609756097561,0.1,0.0333333333333333,2,
0.478260869565217,0.192307692307692,0.361111111111111,0.0960698689956332,0.0549450549450549,0.113207547169811,0.137254901960784,0.742857142857143,0.0833333333333333,0.314285714285714,0.147368421052632,0.0827338129496403,0.19496855345912,0.25,0.5,0.195121951219512,0.266666666666667,0.0666666666666667,0,
0.41304347826087,0.384615384615385,0.402777777777778,0.235807860262009,0.0989010989010989,0.0943396226415094,0.241830065359477,0.514285714285714,0.166666666666667,0.357142857142857,0.210526315789474,0.178657074340528,0.371069182389937,0.0526315789473684,0.636363636363636,0.439024390243902,0.733333333333333,0.733333333333333,3,
0.195652173913043,0.384615384615385,0.458333333333333,0.218340611353712,0.197802197802198,0.0943396226415094,0.254901960784314,0.514285714285714,0.166666666666667,0.357142857142857,0.252631578947368,0.188249400479616,0.320754716981132,0.223684210526316,0.227272727272727,0.268292682926829,0.3,0.266666666666667,2,
0.326086956521739,0.384615384615385,0.611111111111111,0.139737991266376,0.0879120879120879,0.169811320754717,0.274509803921569,0.514285714285714,0.166666666666667,0.457142857142857,0.231578947368421,0.199040767386091,0.345911949685535,0.184210526315789,0.272727272727273,0.0487804878048781,0.3,0.5,0,
0.326086956521739,0.153846153846154,0.236111111111111,0.122270742358079,0.164835164835165,0.0754716981132075,0.150326797385621,0.685714285714286,0.0833333333333333,0.1,0.110526315789474,0.0971223021582734,0.220125786163522,0.315789473684211,0.727272727272727,0.390243902439024,0.133333333333333,0.1,1,
0.304347826086957,0.346153846153846,0.5,0.240174672489083,0.197802197802198,0.0566037735849057,0.281045751633987,0.457142857142857,0.166666666666667,0.285714285714286,0.284210526315789,0.213429256594724,0.30188679245283,0.223684210526316,0.272727272727273,0.292682926829268,0.433333333333333,0.4,2,
0.369565217391304,0.192307692307692,0.486111111111111,0.262008733624454,0.186813186813187,0.0943396226415094,0.254901960784314,0.485714285714286,0.166666666666667,0.185714285714286,0.2,0.193045563549161,0.188679245283019,0.0921052631578947,0,0,0.633333333333333,0.766666666666667,2,
0.543478260869565,0.269230769230769,0.513888888888889,0.292576419213974,0.153846153846154,0.0754716981132075,0.392156862745098,0.314285714285714,0.333333333333333,0.3,0.352631578947368,0.327338129496403,0.20125786163522,0.171052631578947,0.181818181818182,0.414634146341463,0.766666666666667,0.666666666666667,2,
0.347826086956522,0.115384615384615,0.388888888888889,0.196506550218341,0.142857142857143,0.113207547169811,0.137254901960784,0.685714285714286,0.0833333333333333,0.228571428571429,0.121052631578947,0.0971223021582734,0.0628930817610063,0.0394736842105263,0.272727272727273,0.439024390243902,0.833333333333333,0.933333333333333,0,
0.739130434782609,0.730769230769231,0.875,0.358078602620087,0.10989010989011,0.169811320754717,0.666666666666667,0.142857142857143,0.583333333333333,0.628571428571429,0.457894736842105,0.589928057553957,0.50314465408805,0.0921052631578947,0.272727272727273,0.121951219512195,0.433333333333333,0.566666666666667,3,
0.543478260869565,0.692307692307692,0.777777777777778,0.432314410480349,0.208791208791209,0.150943396226415,0.496732026143791,0.257142857142857,0.416666666666667,0.557142857142857,0.405263157894737,0.418465227817746,0.767295597484277,0.118421052631579,0.454545454545455,0.024390243902439,0.5,0.6,1,
0.543478260869565,0.653846153846154,0.694444444444444,0.384279475982533,0.175824175824176,0.132075471698113,0.42483660130719,0.314285714285714,0.333333333333333,0.528571428571429,0.342105263157895,0.345323741007194,0.553459119496855,0.0789473684210526,0.454545454545455,0.024390243902439,0.566666666666667,0.666666666666667,1,
0.782608695652174,0.615384615384615,0.958333333333333,0.388646288209607,0.131868131868132,0.150943396226415,0.620915032679739,0.171428571428571,0.583333333333333,0.542857142857143,0.5,0.540767386091127,0.654088050314465,0.144736842105263,0.590909090909091,0.75609756097561,0.5,0.7,1,
0.195652173913043,0.153846153846154,0.263888888888889,0.131004366812227,0.175824175824176,0.0943396226415094,0.150326797385621,0.714285714285714,0.0833333333333333,0.142857142857143,0.110526315789474,0.0959232613908873,0.213836477987421,0.302631578947368,0.5,0.585365853658537,0.1,0.133333333333333,1,
0.152173913043478,0.230769230769231,0.277777777777778,0.0786026200873362,0.0989010989010989,0.0754716981132075,0.176470588235294,0.657142857142857,0.0833333333333333,0.185714285714286,0.110526315789474,0.116306954436451,0.207547169811321,0.276315789473684,0,0.121951219512195,0.1,0.166666666666667,3,
0.58695652173913,0.923076923076923,0.930555555555556,0.449781659388646,0.175824175824176,0.169811320754717,0.751633986928105,0.114285714285714,0.666666666666667,0.885714285714286,0.547368421052632,0.685851318944844,0.60377358490566,0.171052631578947,0.272727272727273,0.463414634146341,0.333333333333333,0.566666666666667,3,
0.760869565217391,0.923076923076923,0.916666666666667,0.318777292576419,0.043956043956044,0.0566037735849057,0.941176470588235,0,0.916666666666667,0.742857142857143,0.815789473684211,0.937649880095923,0.955974842767296,0.368421052631579,0.5,0.0487804878048781,0.2,0,2,
0.326086956521739,0.269230769230769,0.458333333333333,0.301310043668122,0.230769230769231,0.0943396226415094,0.248366013071895,0.514285714285714,0.166666666666667,0.271428571428571,0.231578947368421,0.188249400479616,0.264150943396226,0.131578947368421,0.0909090909090909,0.48780487804878,0.666666666666667,0.633333333333333,2,
0.152173913043478,0.384615384615385,0.430555555555556,0.126637554585153,0.142857142857143,0.0943396226415094,0.248366013071895,0.542857142857143,0.166666666666667,0.4,0.210526315789474,0.175059952038369,0.421383647798742,0.289473684210526,0.272727272727273,0.365853658536585,0.133333333333333,0.1,2,
0.282608695652174,0.192307692307692,0.680555555555556,0.314410480349345,0.131868131868132,0.132075471698113,0.372549019607843,0.371428571428571,0.25,0.2,0.315789473684211,0.292565947242206,0.245283018867925,0.105263157894737,0.318181818181818,0.804878048780488,0.566666666666667,0.7,3,
0.847826086956522,0.653846153846154,0.888888888888889,0.406113537117904,0.120879120879121,0.169811320754717,0.627450980392157,0.171428571428571,0.583333333333333,0.585714285714286,0.489473684210526,0.545563549160672,0.484276729559748,0.105263157894737,0.681818181818182,0.536585365853659,0.5,0.7,1,
0.543478260869565,0.538461538461538,0.958333333333333,0.427947598253275,0.131868131868132,0.169811320754717,0.568627450980392,0.228571428571429,0.5,0.514285714285714,0.405263157894737,0.482014388489209,0.352201257861635,0.0263157894736842,0.0454545454545455,0.804878048780488,0.6,0.9,1,
0.41304347826087,0.192307692307692,0.472222222222222,0.323144104803493,0.164835164835165,0.132075471698113,0.320261437908497,0.428571428571429,0.25,0.242857142857143,0.268421052631579,0.244604316546763,0.144654088050314,0.0526315789473684,0.318181818181818,0.707317073170732,0.7,0.833333333333333,3,
0.41304347826087,0.269230769230769,0.305555555555556,0.174672489082969,0.131868131868132,0.113207547169811,0.0980392156862745,0.742857142857143,0,0.3,0.1,0.0683453237410072,0.257861635220126,0.0394736842105263,0.590909090909091,0.024390243902439,0.933333333333333,0.966666666666667,0,
0.282608695652174,0.115384615384615,0.361111111111111,0.104803493449782,0.10989010989011,0.113207547169811,0.124183006535948,0.742857142857143,0.0833333333333333,0.128571428571429,0.0947368421052632,0.0815347721822542,0.188679245283019,0.223684210526316,0.227272727272727,0.658536585365854,0.233333333333333,0.2,3,
0.521739130434783,0.5,0.75,0.458515283842795,0.21978021978022,0.150943396226415,0.542483660130719,0.228571428571429,0.416666666666667,0.414285714285714,0.494736842105263,0.466426858513189,0.534591194968553,0.144736842105263,0,0.341463414634146,0.4,0.533333333333333,3,
0.608695652173913,0.692307692307692,1,0.423580786026201,0.131868131868132,0.169811320754717,0.666666666666667,0.171428571428571,0.583333333333333,0.628571428571429,0.489473684210526,0.579136690647482,0.534591194968553,0.0789473684210526,0,0.878048780487805,0.466666666666667,0.833333333333333,1,
0.347826086956522,0.192307692307692,0.472222222222222,0.148471615720524,0.131868131868132,0.0943396226415094,0.156862745098039,0.657142857142857,0.0833333333333333,0.214285714285714,0.194736842105263,0.112709832134293,0.119496855345912,0.171052631578947,0.318181818181818,0.170731707317073,0.433333333333333,0.4,0,
0.347826086956522,0.307692307692308,0.319444444444444,0.131004366812227,0.131868131868132,0.0754716981132075,0.0718954248366013,0.828571428571429,0,0.271428571428571,0.0947368421052632,0.0467625899280576,0.257861635220126,0.223684210526316,0.545454545454545,0.0731707317073171,0.333333333333333,0.233333333333333,0,
0.41304347826087,0.461538461538462,0.472222222222222,0.362445414847162,0.296703296703297,0.0943396226415094,0.294117647058824,0.428571428571429,0.166666666666667,0.357142857142857,0.257894736842105,0.229016786570743,0.465408805031447,0.144736842105263,0.363636363636364,0.146341463414634,0.633333333333333,0.666666666666667,2,
0.326086956521739,0.0384615384615385,0.25,0.157205240174672,0.131868131868132,0.0754716981132075,0.0980392156862745,0.742857142857143,0.0833333333333333,0.171428571428571,0.0947368421052632,0.0707434052757794,0.0251572327044025,0.0526315789473684,0.181818181818182,0.24390243902439,0.766666666666667,0.833333333333333,0,
0.326086956521739,0.423076923076923,0.416666666666667,0.205240174672489,0.153846153846154,0.113207547169811,0.202614379084967,0.571428571428571,0.0833333333333333,0.357142857142857,0.173684210526316,0.152278177458034,0.40251572327044,0.118421052631579,0.318181818181818,0.195121951219512,0.666666666666667,0.733333333333333,2,
0.739130434782609,0.692307692307692,0.875,0.34061135371179,0.0989010989010989,0.169811320754717,0.660130718954248,0.142857142857143,0.583333333333333,0.628571428571429,0.505263157894737,0.586330935251799,0.679245283018868,0.171052631578947,0.0909090909090909,0.0975609756097561,0.4,0.566666666666667,1,
0.282608695652174,0.461538461538462,0.361111111111111,0.0960698689956332,0.10989010989011,0.113207547169811,0.235294117647059,0.571428571428571,0.166666666666667,0.385714285714286,0.210526315789474,0.164268585131894,0.484276729559748,0.355263157894737,0,0.170731707317073,0.1,0.0333333333333333,2,
0.695652173913043,0.846153846153846,0.777777777777778,0.336244541484716,0.0989010989010989,0.132075471698113,0.699346405228758,0.114285714285714,0.666666666666667,0.814285714285714,0.531578947368421,0.634292565947242,0.672955974842767,0.197368421052632,0.181818181818182,0.121951219512195,0.366666666666667,0.433333333333333,3,
0.565217391304348,0.807692307692308,0.833333333333333,0.414847161572052,0.164835164835165,0.132075471698113,0.57516339869281,0.2,0.5,0.685714285714286,0.484210526315789,0.498800959232614,0.830188679245283,0.144736842105263,0.0909090909090909,0.170731707317073,0.433333333333333,0.566666666666667,3,
0.347826086956522,0.192307692307692,0.527777777777778,0.213973799126638,0.153846153846154,0.0943396226415094,0.222222222222222,0.571428571428571,0.166666666666667,0.128571428571429,0.189473684210526,0.155875299760192,0.207547169811321,0.131578947368421,0,0.219512195121951,0.366666666666667,0.433333333333333,3,
0.673913043478261,0.846153846153846,0.902777777777778,0.519650655021834,0.252747252747253,0.150943396226415,0.725490196078431,0.114285714285714,0.666666666666667,0.842857142857143,0.563157894736842,0.663069544364508,0.685534591194969,0.210526315789474,0.636363636363636,0.268292682926829,0.4,0.5,3,
0.434782608695652,0.230769230769231,0.319444444444444,0.183406113537118,0.120879120879121,0.0943396226415094,0.104575163398693,0.742857142857143,0.0833333333333333,0.228571428571429,0.1,0.0743405275779376,0.308176100628931,0.0526315789473684,0.409090909090909,0.170731707317073,0.733333333333333,0.766666666666667,1,
0.239130434782609,0.115384615384615,0.486111111111111,0.139737991266376,0.0879120879120879,0.0754716981132075,0.183006535947712,0.628571428571429,0.0833333333333333,0.1,0.189473684210526,0.127098321342926,0.182389937106918,0.157894736842105,0.181818181818182,0.878048780487805,0.433333333333333,0.466666666666667,1,
0.543478260869565,0.692307692307692,0.611111111111111,0.449781659388646,0.274725274725275,0.0943396226415094,0.470588235294118,0.257142857142857,0.333333333333333,0.614285714285714,0.363157894736842,0.402877697841727,0.559748427672956,0.171052631578947,0.409090909090909,0.268292682926829,0.666666666666667,0.6,2,
0.652173913043478,0.615384615384615,0.930555555555556,0.327510917030568,0.0769230769230769,0.188679245283019,0.627450980392157,0.171428571428571,0.583333333333333,0.585714285714286,0.442105263157895,0.551558752997602,0.465408805031447,0.0921052631578947,0.0454545454545455,0.292682926829268,0.5,0.633333333333333,3,
0.760869565217391,0.846153846153846,0.902777777777778,0.550218340611354,0.230769230769231,0.169811320754717,0.69281045751634,0.114285714285714,0.583333333333333,0.757142857142857,0.515789473684211,0.629496402877698,0.635220125786163,0.131578947368421,0.636363636363636,0.0975609756097561,0.466666666666667,0.533333333333333,3,
0.391304347826087,0.730769230769231,0.805555555555556,0.40174672489083,0.164835164835165,0.132075471698113,0.529411764705882,0.228571428571429,0.416666666666667,0.614285714285714,0.452631578947368,0.453237410071942,0.849056603773585,0.131578947368421,0.136363636363636,0.024390243902439,0.466666666666667,0.6,3,
0.369565217391304,0.192307692307692,0.541666666666667,0.353711790393013,0.241758241758242,0.0754716981132075,0.313725490196078,0.4,0.25,0.171428571428571,0.252631578947368,0.250599520383693,0.150943396226415,0.0921052631578947,0.0909090909090909,0.341463414634146,0.733333333333333,0.8,2,
0.804347826086957,0.5,0.833333333333333,0.406113537117904,0.153846153846154,0.132075471698113,0.529411764705882,0.228571428571429,0.416666666666667,0.442857142857143,0.415789473684211,0.452038369304556,0.320754716981132,0.0789473684210526,0.5,0.170731707317073,0.6,0.733333333333333,1,
0.369565217391304,0.5,0.486111111111111,0.126637554585153,0.0879120879120879,0.169811320754717,0.313725490196078,0.485714285714286,0.25,0.614285714285714,0.226315789473684,0.221822541966427,0.389937106918239,0.236842105263158,0,0.390243902439024,0.2,0.366666666666667,0,
0.434782608695652,0.538461538461538,0.597222222222222,0.266375545851528,0.142857142857143,0.0943396226415094,0.359477124183007,0.4,0.25,0.414285714285714,0.352631578947368,0.279376498800959,0.578616352201258,0.184210526315789,0.545454545454545,0.0975609756097561,0.366666666666667,0.366666666666667,3,
0.434782608695652,0.384615384615385,0.527777777777778,0.253275109170306,0.186813186813187,0.113207547169811,0.163398692810458,0.628571428571429,0.0833333333333333,0.385714285714286,0.136842105263158,0.116306954436451,0.314465408805031,0.0526315789473684,0.772727272727273,0.292682926829268,0.9,0.966666666666667,0,
0.695652173913043,0.5,0.833333333333333,0.397379912663755,0.153846153846154,0.132075471698113,0.529411764705882,0.228571428571429,0.416666666666667,0.457142857142857,0.405263157894737,0.447242206235012,0.327044025157233,0.0789473684210526,0.227272727272727,0.219512195121951,0.6,0.7,3,
0.391304347826087,0.153846153846154,0.5,0.148471615720524,0.0879120879120879,0.113207547169811,0.130718954248366,0.714285714285714,0.0833333333333333,0.242857142857143,0.142105263157895,0.0863309352517986,0.0943396226415094,0.131578947368421,0,0.292682926829268,0.5,0.366666666666667,0,
0.5,0.423076923076923,0.388888888888889,0.375545851528384,0.252747252747253,0.0943396226415094,0.281045751633987,0.428571428571429,0.166666666666667,0.385714285714286,0.257894736842105,0.225419664268585,0.358490566037736,0.105263157894737,0.227272727272727,0.170731707317073,0.866666666666667,0.833333333333333,2,
0.91304347826087,0.692307692307692,0.833333333333333,0.423580786026201,0.142857142857143,0.188679245283019,0.549019607843137,0.228571428571429,0.5,0.628571428571429,0.405263157894737,0.466426858513189,0.471698113207547,0.0394736842105263,1,0.024390243902439,0.733333333333333,0.9,1,
0.652173913043478,0.769230769230769,0.916666666666667,0.296943231441048,0.0879120879120879,0.150943396226415,0.65359477124183,0.171428571428571,0.583333333333333,0.714285714285714,0.473684210526316,0.570743405275779,0.716981132075472,0.184210526315789,0.727272727272727,0.585365853658537,0.366666666666667,0.533333333333333,1,
0.239130434782609,0.384615384615385,0.416666666666667,0.0829694323144105,0.0769230769230769,0.113207547169811,0.254901960784314,0.542857142857143,0.166666666666667,0.4,0.226315789473684,0.177458033573141,0.421383647798742,0.289473684210526,0.0454545454545455,0.292682926829268,0.166666666666667,0.1,2,
0.456521739130435,0.153846153846154,0.444444444444444,0.183406113537118,0.142857142857143,0.132075471698113,0.137254901960784,0.685714285714286,0.0833333333333333,0.242857142857143,0.163157894736842,0.0935251798561151,0.119496855345912,0.131578947368421,0.0909090909090909,0.170731707317073,0.533333333333333,0.466666666666667,0,
0.58695652173913,0.692307692307692,0.888888888888889,0.25764192139738,0.0549450549450549,0.150943396226415,0.61437908496732,0.171428571428571,0.5,0.657142857142857,0.457894736842105,0.535971223021583,0.528301886792453,0.131578947368421,0.227272727272727,0.51219512195122,0.4,0.5,3,
0.347826086956522,0.423076923076923,0.555555555555556,0.379912663755459,0.208791208791209,0.0754716981132075,0.326797385620915,0.4,0.25,0.357142857142857,0.310526315789474,0.254196642685851,0.446540880503145,0.0921052631578947,0.590909090909091,0.268292682926829,0.6,0.6,3,
0.695652173913043,0.807692307692308,0.902777777777778,0.475982532751092,0.21978021978022,0.150943396226415,0.57516339869281,0.2,0.5,0.642857142857143,0.442105263157895,0.495203836930456,0.660377358490566,0.118421052631579,0.454545454545455,0.48780487804878,0.466666666666667,0.566666666666667,3,
