84,18,4,
0.369565217391304,0.384615384615385,0.361111111111111,0.231441048034935,0.197802197802198,0.132075471698113,0.163398692810458,0.628571428571429,0.0833333333333333,0.4,0.168421052631579,0.116306954436451,0.345911949685535,0.105263157894737,0.136363636363636,0.0731707317073171,0.566666666666667,0.7,0,
0.434782608695652,0.423076923076923,0.805555555555556,0.406113537117904,0.164835164835165,0.169811320754717,0.464052287581699,0.285714285714286,0.416666666666667,0.4,0.378947368421053,0.384892086330935,0.270440251572327,0.0657894736842105,0.181818181818182,0.341463414634146,0.633333333333333,0.766666666666667,1,
0.5,0.846153846153846,0.875,0.423580786026201,0.197802197802198,0.132075471698113,0.601307189542484,0.171428571428571,0.5,0.685714285714286,0.510526315789474,0.52757793764988,0.861635220125786,0.197368421052632,0.272727272727273,0.0487804878048781,0.333333333333333,0.433333333333333,3,
0.347826086956522,0.115384615384615,0.152777777777778,0.0218340611353712,0.0549450549450549,0.0754716981132075,0.0392156862745098,0.885714285714286,0,0.157142857142857,0.0368421052631579,0.026378896882494,0.10062893081761,0.276315789473684,0.0909090909090909,0.341463414634146,0.166666666666667,0.133333333333333,0,
0.565217391304348,0.307692307692308,0.513888888888889,0.406113537117904,0.241758241758242,0.0754716981132075,0.42483660130719,0.285714285714286,0.333333333333333,0.3,0.378947368421053,0.360911270983213,0.264150943396226,0.171052631578947,0.181818181818182,0.24390243902439,0.733333333333333,0.6,2,
0.608695652173913,0.884615384615385,0.888888888888889,0.353711790393013,0.0659340659340659,0.0754716981132075,0.947712418300654,0,0.916666666666667,0.714285714285714,0.763157894736842,0.925659472422062,0.761006289308176,0.315789473684211,0.227272727272727,0.634146341463415,0.133333333333333,0.1,2,
0.260869565217391,0.230769230769231,0.388888888888889,0.0655021834061135,0.0549450549450549,0.0566037735849057,0.104575163398693,0.771428571428571,0.0833333333333333,0.242857142857143,0.0947368421052632,0.0683453237410072,0.207547169811321,0.210526315789474,0.363636363636364,0.195121951219512,0.2,0.2,0,
0.217391304347826,0.346153846153846,0.361111111111111,0.22707423580786,0.21978021978022,0.0943396226415094,0.248366013071895,0.542857142857143,0.166666666666667,0.371428571428571,0.231578947368421,0.178657074340528,0.314465408805031,0.25,0.181818181818182,0.0487804878048781,0.2,0.233333333333333,2,
0.543478260869565,0.846153846153846,0.847222222222222,0.502183406113537,0.241758241758242,0.169811320754717,0.738562091503268,0.114285714285714,0.666666666666667,0.857142857142857,0.531578947368421,0.676258992805755,0.672955974842767,0.197368421052632,0.272727272727273,0.341463414634146,0.366666666666667,0.466666666666667,3,
0.282608695652174,0.384615384615385,0.388888888888889,0.209606986899563,0.164835164835165,0.0943396226415094,0.248366013071895,0.514285714285714,0.166666666666667,0.342857142857143,0.257894736842105,0.183453237410072,0.345911949685535,0.210526315789474,0.181818181818182,0.219512195121951,0.4,0.366666666666667,2,
0.41304347826087,0.192307692307692,0.277777777777778,0.11353711790393,0.164835164835165,0.0566037735849057,0.0130718954248366,0.914285714285714,0,0.2,0.0263157894736842,0.0119904076738609,0.176100628930818,0.171052631578947,0.636363636363636,0.121951219512195,0.466666666666667,0.433333333333333,0,
0.565217391304348,0.5,0.902777777777778,0.458515283842795,0.186813186813187,0.169811320754717,0.555555555555556,0.228571428571429,0.5,0.485714285714286,0.431578947368421,0.468824940047962,0.314465408805031,0.0789473684210526,0,0.804878048780488,0.6,0.8,3,
0.434782608695652,0.384615384615385,0.625,0.126637554585153,0.0769230769230769,0.150943396226415,0.281045751633987,0.514285714285714,0.166666666666667,0.5,0.231578947368421,0.200239808153477,0.352201257861635,0.210526315789474,0.545454545454545,0.317073170731707,0.266666666666667,0.5,0,
0.434782608695652,0.615384615384615,0.541666666666667,0.331877729257642,0.197802197802198,0.0943396226415094,0.398692810457516,0.314285714285714,0.333333333333333,0.571428571428571,0.310526315789474,0.334532374100719,0.534591194968553,0.144736842105263,0.227272727272727,0.24390243902439,0.7,0.7,2,
0.391304347826087,0.346153846153846,0.555555555555556,0.253275109170306,0.208791208791209,0.113207547169811,0.235294117647059,0.514285714285714,0.166666666666667,0.385714285714286,0.215789473684211,0.176258992805755,0.238993710691824,0.144736842105263,0.136363636363636,0.121951219512195,0.433333333333333,0.6,0,
0.739130434782609,0.730769230769231,0.847222222222222,0.497816593886463,0.186813186813187,0.169811320754717,0.588235294117647,0.2,0.5,0.657142857142857,0.468421052631579,0.510791366906475,0.522012578616352,0.0789473684210526,0.772727272727273,0.0487804878048781,0.7,0.833333333333333,3,
0.608695652173913,0.692307692307692,0.902777777777778,0.471615720524017,0.230769230769231,0.150943396226415,0.633986928104575,0.171428571428571,0.583333333333333,0.628571428571429,0.484210526315789,0.562350119904077,0.723270440251572,0.184210526315789,0.227272727272727,0.560975609756098,0.333333333333333,0.466666666666667,3,
0.521739130434783,0.576923076923077,0.75,0.410480349344978,0.175824175824176,0.132075471698113,0.450980392156863,0.285714285714286,0.333333333333333,0.528571428571429,0.368421052631579,0.371702637889688,0.50314465408805,0.0657894736842105,0.909090909090909,0.268292682926829,0.766666666666667,0.733333333333333,3,
0.304347826086957,0.269230769230769,0.569444444444444,0.253275109170306,0.230769230769231,0.150943396226415,0.222222222222222,0.571428571428571,0.166666666666667,0.3,0.194736842105263,0.15947242206235,0.30188679245283,0.144736842105263,0,0.317073170731707,0.433333333333333,0.6,0,
0.195652173913043,0.423076923076923,0.444444444444444,0.200873362445415,0.186813186813187,0.0943396226415094,0.274509803921569,0.514285714285714,0.166666666666667,0.371428571428571,0.268421052631579,0.199040767386091,0.427672955974843,0.276315789473684,0,0.390243902439024,0.233333333333333,0.2,2,
0.239130434782609,0.423076923076923,0.513888888888889,0.200873362445415,0.131868131868132,0.0566037735849057,0.261437908496732,0.514285714285714,0.166666666666667,0.357142857142857,0.236842105263158,0.191846522781775,0.427672955974843,0.236842105263158,0.363636363636364,0.0487804878048781,0.233333333333333,0.2,1,
0.130434782608696,0.538461538461538,0.472222222222222,0.161572052401747,0.153846153846154,0.0943396226415094,0.26797385620915,0.485714285714286,0.166666666666667,0.442857142857143,0.236842105263158,0.197841726618705,0.566037735849057,0.236842105263158,0.272727272727273,0.24390243902439,0.233333333333333,0.266666666666667,2,
0.478260869565217,0.115384615384615,0.458333333333333,0.379912663755459,0.285714285714286,0.0754716981132075,0.287581699346405,0.428571428571429,0.166666666666667,0.114285714285714,0.284210526315789,0.227817745803357,0.0943396226415094,0.157894736842105,0.0909090909090909,0.463414634146341,0.766666666666667,0.766666666666667,2,
0.152173913043478,0.461538461538462,0.430555555555556,0.104803493449782,0.0989010989010989,0.0943396226415094,0.254901960784314,0.542857142857143,0.166666666666667,0.414285714285714,0.215789473684211,0.183453237410072,0.421383647798742,0.263157894736842,0.136363636363636,0.390243902439024,0.166666666666667,0.2,2,
0.782608695652174,0.807692307692308,0.958333333333333,0.528384279475983,0.230769230769231,0.169811320754717,0.666666666666667,0.142857142857143,0.583333333333333,0.728571428571429,0.505263157894737,0.588729016786571,0.647798742138365,0.118421052631579,0.5,0.780487804878049,0.433333333333333,0.7,1,
0.347826086956522,0.576923076923077,0.625,0.37117903930131,0.186813186813187,0.113207547169811,0.372549019607843,0.371428571428571,0.25,0.5,0.305263157894737,0.29136690647482,0.509433962264151,0.0657894736842105,0.727272727272727,0.121951219512195,0.633333333333333,0.666666666666667,1,
0.434782608695652,0.115384615384615,0.319444444444444,0.152838427947598,0.10989010989011,0.113207547169811,0.130718954248366,0.685714285714286,0.0833333333333333,0.257142857142857,0.147368421052632,0.0911270983213429,0.0754716981132075,0.105263157894737,0.136363636363636,0.658536585365854,0.566666666666667,0.666666666666667,0,
0.782608695652174,0.846153846153846,0.861111111111111,0.283842794759825,0.043956043956044,0.0754716981132075,0.843137254901961,0.0285714285714286,0.75,0.671428571428571,0.710526315789474,0.822541966426859,0.867924528301887,0.328947368421053,0.454545454545455,0.268292682926829,0.266666666666667,0.0666666666666667,2,
0.543478260869565,0.730769230769231,0.638888888888889,0.449781659388646,0.241758241758242,0.0566037735849057,0.522875816993464,0.2,0.416666666666667,0.614285714285714,0.431578947368421,0.462829736211031,0.70440251572327,0.210526315789474,0.181818181818182,0.146341463414634,0.6,0.466666666666667,2,
0.717391304347826,0.576923076923077,0.930555555555556,0.427947598253275,0.153846153846154,0.150943396226415,0.620915032679739,0.171428571428571,0.583333333333333,0.5,0.510526315789474,0.540767386091127,0.572327044025157,0.144736842105263,0.227272727272727,0.682926829268293,0.466666666666667,0.733333333333333,1,
0.782608695652174,0.576923076923077,0.930555555555556,0.48471615720524,0.164835164835165,0.150943396226415,0.607843137254902,0.171428571428571,0.5,0.571428571428571,0.484210526315789,0.52757793764988,0.371069182389937,0.0789473684210526,0.409090909090909,0.780487804878049,0.633333333333333,0.833333333333333,3,
0.5,0.730769230769231,0.888888888888889,0.51528384279476,0.21978021978022,0.132075471698113,0.562091503267974,0.2,0.5,0.642857142857143,0.457894736842105,0.485611510791367,0.735849056603774,0.105263157894737,0.545454545454545,0.48780487804878,0.533333333333333,0.666666666666667,3,
0.434782608695652,0.269230769230769,0.305555555555556,0.0567685589519651,0.021978021978022,0.0943396226415094,0.124183006535948,0.742857142857143,0.0833333333333333,0.385714285714286,0.157894736842105,0.0779376498800959,0.29559748427673,0.25,0.363636363636364,0.146341463414634,0.266666666666667,0.1,0,
0.195652173913043,0.423076923076923,0.319444444444444,0.0829694323144105,0.0769230769230769,0.0943396226415094,0.254901960784314,0.542857142857143,0.166666666666667,0.414285714285714,0.189473684210526,0.173860911270983,0.477987421383648,0.289473684210526,0.136363636363636,0.0975609756097561,0.1,0.0333333333333333,2,
0.347826086956522,0.423076923076923,0.583333333333333,0.139737991266376,0.0769230769230769,0.0754716981132075,0.241830065359477,0.542857142857143,0.166666666666667,0.371428571428571,0.210526315789474,0.177458033573141,0.371069182389937,0.118421052631579,0.454545454545455,0.341463414634146,0.4,0.4,3,
0.434782608695652,0.384615384615385,0.666666666666667,0.2882096069869,0.208791208791209,0.132075471698113,0.248366013071895,0.542857142857143,0.166666666666667,0.414285714285714,0.178947368421053,0.179856115107914,0.213836477987421,0.0789473684210526,0.0909090909090909,0.414634146341463,0.666666666666667,0.833333333333333,0,
0.739130434782609,0.923076923076923,0.861111111111111,0.349344978165939,0.0879120879120879,0.0943396226415094,0.797385620915033,0.0571428571428571,0.75,0.757142857142857,0.594736842105263,0.764988009592326,0.754716981132076,0.236842105263158,0.318181818181818,0.268292682926829,0.366666666666667,0.2,2,
0.565217391304348,0.692307692307692,0.666666666666667,0.366812227074236,0.164835164835165,0.0566037735849057,0.594771241830065,0.171428571428571,0.5,0.571428571428571,0.484210526315789,0.528776978417266,0.691823899371069,0.236842105263158,0.363636363636364,0.634146341463415,0.5,0.3,2,
0.956521739130435,0.730769230769231,0.972222222222222,0.541484716157205,0.197802197802198,0.188679245283019,0.65359477124183,0.142857142857143,0.583333333333333,0.642857142857143,0.515789473684211,0.580335731414868,0.69811320754717,0.0921052631578947,0.954545454545455,0.609756097560976,0.6,0.8,1,
0.58695652173913,0.615384615384615,0.777777777777778,0.445414847161572,0.175824175824176,0.132075471698113,0.483660130718954,0.257142857142857,0.416666666666667,0.542857142857143,0.378947368421053,0.401678657074341,0.421383647798742,0.0394736842105263,0.136363636363636,0.121951219512195,0.7,0.8,3,
0.521739130434783,0.538461538461538,0.652777777777778,0.262008733624454,0.186813186813187,0.132075471698113,0.287581699346405,0.485714285714286,0.25,0.442857142857143,0.226315789473684,0.209832134292566,0.459119496855346,0.118421052631579,0.0454545454545455,0.317073170731707,0.533333333333333,0.7,0,
0.304347826086957,0.115384615384615,0.180555555555556,0.0567685589519651,0.120879120879121,0.0377358490566038,0.0392156862745098,0.885714285714286,0,0.1,0.0421052631578947,0.0251798561151079,0.182389937106918,0.342105263157895,0.409090909090909,0.365853658536585,0.133333333333333,0.0666666666666667,0,
0.347826086956522,0.307692307692308,0.486111111111111,0.253275109170306,0.208791208791209,0.0566037735849057,0.26797385620915,0.485714285714286,0.166666666666667,0.257142857142857,0.236842105263158,0.201438848920863,0.283018867924528,0.171052631578947,0.0909090909090909,0,0.4,0.466666666666667,2,
0.739130434782609,0.769230769230769,0.944444444444444,0.475982532751092,0.186813186813187,0.188679245283019,0.61437908496732,0.171428571428571,0.5,0.642857142857143,0.452631578947368,0.531175059952038,0.584905660377358,0.0789473684210526,0.954545454545455,0.536585365853659,0.6,0.8,1,
0.260869565217391,0.153846153846154,0.388888888888889,0.179039301310044,0.142857142857143,0.0754716981132075,0.117647058823529,0.714285714285714,0.0833333333333333,0.171428571428571,0.105263157894737,0.0827338129496403,0.0754716981132075,0.0789473684210526,0.136363636363636,0.341463414634146,0.633333333333333,0.733333333333333,0,
0.239130434782609,0.269230769230769,0.430555555555556,0.117903930131004,0.0879120879120879,0.0943396226415094,0.248366013071895,0.542857142857143,0.166666666666667,0.228571428571429,0.194736842105263,0.175059952038369,0.352201257861635,0.276315789473684,0.545454545454545,0.024390243902439,0.133333333333333,0.166666666666667,3,
0.565217391304348,0.653846153846154,0.666666666666667,0.436681222707424,0.186813186813187,0.150943396226415,0.477124183006536,0.257142857142857,0.416666666666667,0.585714285714286,0.415789473684211,0.399280575539568,0.528301886792453,0.0921052631578947,0.545454545454545,0.268292682926829,0.6,0.666666666666667,3,
0.543478260869565,0.346153846153846,0.694444444444444,0.384279475982533,0.153846153846154,0.132075471698113,0.431372549019608,0.314285714285714,0.333333333333333,0.371428571428571,0.310526315789474,0.354916067146283,0.182389937106918,0.0263157894736842,0.136363636363636,0.195121951219512,0.766666666666667,0.9,1,
0.195652173913043,0.269230769230769,0.458333333333333,0.161572052401747,0.10989010989011,0.113207547169811,0.26797385620915,0.514285714285714,0.166666666666667,0.214285714285714,0.226315789473684,0.189448441247002,0.276729559748428,0.210526315789474,0.5,0.219512195121951,0.166666666666667,0.2,3,
0.521739130434783,0.846153846153846,0.888888888888889,0.502183406113537,0.263736263736264,0.132075471698113,0.647058823529412,0.171428571428571,0.583333333333333,0.757142857142857,0.484210526315789,0.568345323741007,0.716981132075472,0.197368421052632,0.0454545454545455,0.585365853658537,0.333333333333333,0.5,1,
0.347826086956522,0.5,0.527777777777778,0.200873362445415,0.175824175824176,0.169811320754717,0.313725490196078,0.485714285714286,0.25,0.6,0.210526315789474,0.219424460431655,0.421383647798742,0.184210526315789,0.227272727272727,0.219512195121951,0.3,0.433333333333333,0,
0.630434782608696,0.807692307692308,0.805555555555556,0.318777292576419,0.0989010989010989,0.150943396226415,0.699346405228758,0.142857142857143,0.666666666666667,0.757142857142857,0.468421052631579,0.62589928057554,0.716981132075472,0.171052631578947,0.227272727272727,0.414634146341463,0.333333333333333,0.5,3,
0.326086956521739,0.115384615384615,0.180555555555556,0.0393013100436681,0.10989010989011,0.0188679245283019,0.0392156862745098,0.885714285714286,0,0.142857142857143,0.0368421052631579,0.0239808153477218,0.169811320754717,0.381578947368421,0.318181818181818,0.341463414634146,0.133333333333333,0.0666666666666667,0,
0.608695652173913,0.884615384615385,0.833333333333333,0.436681222707424,0.164835164835165,0.188679245283019,0.751633986928105,0.114285714285714,0.666666666666667,0.857142857142857,0.531578947368421,0.68705035971223,0.59748427672956,0.184210526315789,0,0.268292682926829,0.333333333333333,0.533333333333333,3,
0.91304347826087,0.769230769230769,0.833333333333333,0.441048034934498,0.186813186813187,0.169811320754717,0.705882352941177,0.114285714285714,0.666666666666667,0.685714285714286,0.521052631578947,0.630695443645084,0.660377358490566,0.157894736842105,0.954545454545455,0.268292682926829,0.433333333333333,0.6,1,
0.282608695652174,0.384615384615385,0.416666666666667,0.0960698689956332,0.0989010989010989,0.0754716981132075,0.235294117647059,0.571428571428571,0.166666666666667,0.385714285714286,0.189473684210526,0.15947242206235,0.389937106918239,0.355263157894737,0.272727272727273,0.219512195121951,0.1,0.0333333333333333,2,
0.41304347826087,0.346153846153846,0.486111111111111,0.296943231441048,0.142857142857143,0.113207547169811,0.228758169934641,0.542857142857143,0.166666666666667,0.342857142857143,0.231578947368421,0.165467625899281,0.320754716981132,0.0394736842105263,1,0.24390243902439,1,1,3,
0.782608695652174,0.846153846153846,0.777777777777778,0.379912663755459,0.10989010989011,0.0754716981132075,0.843137254901961,0.0571428571428571,0.75,0.742857142857143,0.721052631578947,0.806954436450839,0.836477987421384,0.342105263157895,0.363636363636364,0.219512195121951,0.266666666666667,0.1,2,
0.5,0.153846153846154,0.472222222222222,0.362445414847162,0.230769230769231,0.113207547169811,0.30718954248366,0.457142857142857,0.25,0.228571428571429,0.278947368421053,0.232613908872902,0.157232704402516,0.131578947368421,0.136363636363636,0.390243902439024,0.466666666666667,0.533333333333333,1,
0.456521739130435,0.230769230769231,0.486111111111111,0.349344978165939,0.274725274725275,0.113207547169811,0.281045751633987,0.457142857142857,0.166666666666667,0.214285714285714,0.236842105263158,0.217026378896883,0.226415094339623,0.144736842105263,0.181818181818182,0.121951219512195,0.533333333333333,0.633333333333333,2,
0.369565217391304,0.230769230769231,0.680555555555556,0.336244541484716,0.164835164835165,0.113207547169811,0.411764705882353,0.342857142857143,0.333333333333333,0.2,0.368421052631579,0.328537170263789,0.283018867924528,0.144736842105263,0.5,0.365853658536585,0.433333333333333,0.466666666666667,1,
0.543478260869565,0.846153846153846,0.944444444444444,0.279475982532751,0.0659340659340659,0.169811320754717,0.73202614379085,0.114285714285714,0.666666666666667,0.857142857142857,0.531578947368421,0.663069544364508,0.679245283018868,0.184210526315789,0.363636363636364,0.731707317073171,0.366666666666667,0.566666666666667,3,
0.239130434782609,0.192307692307692,0.472222222222222,0.148471615720524,0.10989010989011,0.113207547169811,0.176470588235294,0.657142857142857,0.0833333333333333,0.128571428571429,0.157894736842105,0.117505995203837,0.113207547169811,0.171052631578947,0.409090909090909,0.48780487804878,0.233333333333333,0.333333333333333,3,
0.347826086956522,0.384615384615385,0.513888888888889,0.187772925764192,0.0769230769230769,0.113207547169811,0.209150326797386,0.571428571428571,0.166666666666667,0.4,0.173684210526316,0.148681055155875,0.408805031446541,0.0657894736842105,0.590909090909091,0.121951219512195,0.6,0.666666666666667,1,
0.304347826086957,0.346153846153846,0.277777777777778,0.0524017467248908,0.043956043956044,0.0754716981132075,0.248366013071895,0.571428571428571,0.166666666666667,0.328571428571429,0.205263157894737,0.167865707434053,0.389937106918239,0.342105263157895,0.0909090909090909,0.341463414634146,0.0666666666666667,0.0333333333333333,2,
0.217391304347826,0.153846153846154,0.125,0.0349344978165939,0.0879120879120879,0.0566037735849057,0.065359477124183,0.828571428571429,0,0.142857142857143,0.0736842105263158,0.0419664268585132,0.232704402515723,0.342105263157895,0.363636363636364,0.390243902439024,0.133333333333333,0.1,0,
0.369565217391304,0.576923076923077,0.569444444444444,0.174672489082969,0.142857142857143,0.132075471698113,0.248366013071895,0.514285714285714,0.166666666666667,0.542857142857143,0.226315789473684,0.178657074340528,0.572327044025157,0.210526315789474,0.0909090909090909,0,0.3,0.466666666666667,0,
0.369565217391304,0.346153846153846,0.319444444444444,0.174672489082969,0.131868131868132,0.0943396226415094,0.124183006535948,0.685714285714286,0.0833333333333333,0.342857142857143,0.126315789473684,0.0899280575539568,0.333333333333333,0.0789473684210526,0.681818181818182,0.0731707317073171,0.7,0.766666666666667,0,
0.282608695652174,0.423076923076923,0.347222222222222,0.109170305676856,0.0989010989010989,0.0754716981132075,0.261437908496732,0.542857142857143,0.166666666666667,0.457142857142857,0.2,0.176258992805755,0.427672955974843,0.315789473684211,0.181818181818182,0.317073170731707,0.0666666666666667,0.0666666666666667,2,
0.304347826086957,0.307692307692308,0.361111111111111,0.157205240174672,0.120879120879121,0.0754716981132075,0.235294117647059,0.571428571428571,0.166666666666667,0.257142857142857,0.178947368421053,0.160671462829736,0.433962264150943,0.263157894736842,0.863636363636364,0.0487804878048781,0.166666666666667,0.133333333333333,1,
0.369565217391304,0.384615384615385,0.444444444444444,0.231441048034935,0.186813186813187,0.113207547169811,0.156862745098039,0.657142857142857,0.0833333333333333,0.385714285714286,0.147368421052632,0.113908872901679,0.364779874213836,0.0657894736842105,0.181818181818182,0.146341463414634,0.833333333333333,0.933333333333333,0,
0.260869565217391,0.346153846153846,0.361111111111111,0.0698689956331878,0.0659340659340659,0.0943396226415094,0.241830065359477,0.571428571428571,0.166666666666667,0.357142857142857,0.205263157894737,0.164268585131894,0.320754716981132,0.342105263157895,0.454545454545455,0.170731707317073,0.133333333333333,0.0333333333333333,2,
0.347826086956522,0.0769230769230769,0.166666666666667,0.074235807860262,0.10989010989011,0.0377358490566038,0.065359477124183,0.828571428571429,0,0.1,0.0473684210526316,0.0431654676258993,0.119496855345912,0.302631578947368,0.227272727272727,0.317073170731707,0.166666666666667,0.1,1,
0.739130434782609,0.769230769230769,0.944444444444444,0.467248908296943,0.175824175824176,0.169811320754717,0.699346405228758,0.142857142857143,0.666666666666667,0.714285714285714,0.515789473684211,0.623501199040767,0.559748427672956,0.131578947368421,0.454545454545455,0.51219512195122,0.466666666666667,0.733333333333333,1,
0.673913043478261,0.730769230769231,0.972222222222222,0.296943231441048,0.0659340659340659,0.150943396226415,0.699346405228758,0.114285714285714,0.666666666666667,0.685714285714286,0.552631578947368,0.63189448441247,0.685534591194969,0.197368421052632,0.454545454545455,0.682926829268293,0.4,0.566666666666667,3,
0.652173913043478,0.576923076923077,0.777777777777778,0.558951965065502,0.263736263736264,0.150943396226415,0.607843137254902,0.171428571428571,0.5,0.5,0.505263157894737,0.538369304556355,0.553459119496855,0.157894736842105,0.0909090909090909,0.365853658536585,0.4,0.5,3,
0.891304347826087,0.923076923076923,0.861111111111111,0.336244541484716,0.0549450549450549,0.0754716981132075,0.947712418300654,0,0.916666666666667,0.728571428571429,0.826315789473684,0.940047961630695,0.955974842767296,0.342105263157895,0.0909090909090909,0.51219512195122,0.2,0.1,2,
0.369565217391304,0.307692307692308,0.527777777777778,0.179039301310044,0.0879120879120879,0.0943396226415094,0.169934640522876,0.628571428571429,0.0833333333333333,0.285714285714286,0.163157894736842,0.119904076738609,0.308176100628931,0.105263157894737,0,0.024390243902439,0.533333333333333,0.533333333333333,3,
0.5,0.269230769230769,0.527777777777778,0.2882096069869,0.120879120879121,0.0943396226415094,0.405228758169935,0.342857142857143,0.333333333333333,0.3,0.352631578947368,0.324940047961631,0.320754716981132,0.118421052631579,0.136363636363636,0.707317073170732,0.5,0.633333333333333,1,
0.478260869565217,0.769230769230769,0.763888888888889,0.427947598253275,0.197802197802198,0.150943396226415,0.529411764705882,0.228571428571429,0.416666666666667,0.6,0.473684210526316,0.449640287769784,0.805031446540881,0.157894736842105,0.136363636363636,0.0487804878048781,0.4,0.5,1,
0.543478260869565,0.192307692307692,0.527777777777778,0.379912663755459,0.197802197802198,0.113207547169811,0.372549019607843,0.371428571428571,0.25,0.257142857142857,0.352631578947368,0.294964028776978,0.20125786163522,0.105263157894737,0.409090909090909,0.48780487804878,0.533333333333333,0.6,1,
0.782608695652174,0.538461538461538,0.777777777777778,0.445414847161572,0.186813186813187,0.132075471698113,0.562091503267974,0.2,0.5,0.457142857142857,0.468421052631579,0.482014388489209,0.515723270440252,0.144736842105263,0.181818181818182,0.317073170731707,0.466666666666667,0.566666666666667,1,
0.739130434782609,0.846153846153846,0.875,0.475982532751092,0.230769230769231,0.169811320754717,0.699346405228758,0.114285714285714,0.666666666666667,0.771428571428571,0.478947368421053,0.629496402877698,0.672955974842767,0.144736842105263,0.454545454545455,0.170731707317073,0.366666666666667,0.533333333333333,1,
0.478260869565217,0.615384615384615,0.583333333333333,0.152838427947598,0.0989010989010989,0.169811320754717,0.30718954248366,0.485714285714286,0.25,0.628571428571429,0.226315789473684,0.217026378896883,0.477987421383648,0.210526315789474,0.318181818181818,0.24390243902439,0.2,0.333333333333333,0,
