84,18,4,
0.391304347826087,0.307692307692308,0.611111111111111,0.161572052401747,0.10989010989011,0.132075471698113,0.241830065359477,0.542857142857143,0.166666666666667,0.357142857142857,0.210526315789474,0.175059952038369,0.308176100628931,0.171052631578947,0.409090909090909,0.341463414634146,0.433333333333333,0.6,0,
0.282608695652174,0.115384615384615,0.416666666666667,0.170305676855895,0.153846153846154,0.132075471698113,0.137254901960784,0.685714285714286,0.0833333333333333,0.171428571428571,0.121052631578947,0.0983213429256595,0.113207547169811,0.0921052631578947,0.0909090909090909,0.24390243902439,0.6,0.7,0,
0.304347826086957,0.230769230769231,0.416666666666667,0.192139737991266,0.153846153846154,0.0943396226415094,0.202614379084967,0.571428571428571,0.0833333333333333,0.257142857142857,0.178947368421053,0.147482014388489,0.20125786163522,0.131578947368421,0.0454545454545455,0.0487804878048781,0.533333333333333,0.6,2,
0.565217391304348,0.769230769230769,0.902777777777778,0.502183406113537,0.208791208791209,0.169811320754717,0.601307189542484,0.171428571428571,0.5,0.671428571428571,0.478947368421053,0.526378896882494,0.723270440251572,0.118421052631579,0,0.146341463414634,0.5,0.666666666666667,1,
0.41304347826087,0.192307692307692,0.430555555555556,0.305676855895197,0.208791208791209,0.0943396226415094,0.274509803921569,0.485714285714286,0.166666666666667,0.214285714285714,0.268421052631579,0.205035971223022,0.132075471698113,0.144736842105263,0.181818181818182,0.585365853658537,0.433333333333333,0.466666666666667,1,
0.521739130434783,0.423076923076923,0.777777777777778,0.397379912663755,0.175824175824176,0.132075471698113,0.477124183006536,0.285714285714286,0.416666666666667,0.371428571428571,0.378947368421053,0.393285371702638,0.352201257861635,0.0921052631578947,0.181818181818182,0.195121951219512,0.5,0.6,1,
0.0869565217391304,0.192307692307692,0.319444444444444,0.135371179039301,0.131868131868132,0.0566037735849057,0.117647058823529,0.742857142857143,0.0833333333333333,0.171428571428571,0.0789473684210526,0.0755395683453237,0.188679245283019,0.263157894736842,0.590909090909091,0.51219512195122,0.233333333333333,0.2,3,
0.434782608695652,0.461538461538462,0.638888888888889,0.423580786026201,0.241758241758242,0.0943396226415094,0.470588235294118,0.257142857142857,0.416666666666667,0.385714285714286,0.384210526315789,0.406474820143885,0.465408805031447,0.171052631578947,0,0.0975609756097561,0.6,0.533333333333333,2,
0.347826086956522,0.269230769230769,0.5,0.366812227074236,0.318681318681319,0.0943396226415094,0.248366013071895,0.514285714285714,0.166666666666667,0.257142857142857,0.231578947368421,0.189448441247002,0.245283018867925,0.171052631578947,0.136363636363636,0.195121951219512,0.566666666666667,0.533333333333333,2,
0.347826086956522,0.307692307692308,0.611111111111111,0.161572052401747,0.120879120879121,0.132075471698113,0.241830065359477,0.542857142857143,0.166666666666667,0.385714285714286,0.221052631578947,0.175059952038369,0.333333333333333,0.171052631578947,0.181818181818182,0.439024390243902,0.4,0.633333333333333,0,
0.521739130434783,0.653846153846154,0.944444444444444,0.467248908296943,0.197802197802198,0.150943396226415,0.666666666666667,0.142857142857143,0.583333333333333,0.542857142857143,0.536842105263158,0.59832134292566,0.685534591194969,0.171052631578947,0.318181818181818,0.707317073170732,0.4,0.533333333333333,3,
0.347826086956522,0.346153846153846,0.555555555555556,0.205240174672489,0.164835164835165,0.0754716981132075,0.209150326797386,0.571428571428571,0.166666666666667,0.3,0.189473684210526,0.148681055155875,0.383647798742138,0.197368421052632,0.772727272727273,0.317073170731707,0.3,0.266666666666667,1,
0.478260869565217,0.346153846153846,0.625,0.305676855895197,0.208791208791209,0.132075471698113,0.26797385620915,0.514285714285714,0.166666666666667,0.371428571428571,0.2,0.195443645083933,0.257861635220126,0.0789473684210526,0.5,0.121951219512195,0.666666666666667,0.766666666666667,0,
0.456521739130435,0.346153846153846,0.388888888888889,0.200873362445415,0.186813186813187,0.0943396226415094,0.104575163398693,0.742857142857143,0.0833333333333333,0.357142857142857,0.126315789473684,0.0743405275779376,0.314465408805031,0.131578947368421,0.636363636363636,0.121951219512195,0.533333333333333,0.5,0,
0.152173913043478,0.423076923076923,0.388888888888889,0.135371179039301,0.131868131868132,0.113207547169811,0.248366013071895,0.542857142857143,0.166666666666667,0.385714285714286,0.210526315789474,0.173860911270983,0.40251572327044,0.276315789473684,0.318181818181818,0.292682926829268,0.133333333333333,0.133333333333333,2,
0.347826086956522,0.269230769230769,0.513888888888889,0.240174672489083,0.197802197802198,0.132075471698113,0.209150326797386,0.571428571428571,0.166666666666667,0.328571428571429,0.2,0.155875299760192,0.213836477987421,0.144736842105263,0,0.121951219512195,0.466666666666667,0.633333333333333,0,
0.326086956521739,0.0769230769230769,0.138888888888889,0.074235807860262,0.120879120879121,0.0566037735849057,0.0130718954248366,0.942857142857143,0,0.0571428571428571,0.0105263157894737,0.00959232613908873,0.182389937106918,0.197368421052632,0.954545454545455,0.0975609756097561,0.2,0.2,3,
0.478260869565217,0.538461538461538,0.666666666666667,0.253275109170306,0.186813186813187,0.169811320754717,0.30718954248366,0.485714285714286,0.25,0.557142857142857,0.242105263157895,0.224220623501199,0.477987421383648,0.157894736842105,0.545454545454545,0.317073170731707,0.433333333333333,0.566666666666667,0,
0.369565217391304,0.576923076923077,0.527777777777778,0.165938864628821,0.131868131868132,0.169811320754717,0.313725490196078,0.485714285714286,0.25,0.6,0.226315789473684,0.223021582733813,0.477987421383648,0.223684210526316,0.454545454545455,0.268292682926829,0.233333333333333,0.366666666666667,0,
0.369565217391304,0.115384615384615,0.236111111111111,0.11353711790393,0.10989010989011,0.0754716981132075,0.0588235294117647,0.857142857142857,0,0.128571428571429,0.0368421052631579,0.0383693045563549,0.144654088050314,0.118421052631579,1,0.560975609756098,0.466666666666667,0.466666666666667,1,
0.282608695652174,0.115384615384615,0.513888888888889,0.266375545851528,0.142857142857143,0.0943396226415094,0.248366013071895,0.542857142857143,0.166666666666667,0.142857142857143,0.231578947368421,0.176258992805755,0.138364779874214,0.0921052631578947,0,0.780487804878049,0.666666666666667,0.733333333333333,1,
0.391304347826087,0.269230769230769,0.5,0.292576419213974,0.21978021978022,0.0943396226415094,0.241830065359477,0.514285714285714,0.166666666666667,0.242857142857143,0.205263157894737,0.177458033573141,0.220125786163522,0.118421052631579,0.181818181818182,0.414634146341463,0.533333333333333,0.633333333333333,2,
0.369565217391304,0.384615384615385,0.444444444444444,0.296943231441048,0.131868131868132,0.113207547169811,0.274509803921569,0.457142857142857,0.166666666666667,0.371428571428571,0.231578947368421,0.211031175059952,0.308176100628931,0.0263157894736842,0.681818181818182,0.219512195121951,0.9,0.933333333333333,1,
0.260869565217391,0.115384615384615,0.527777777777778,0.196506550218341,0.0879120879120879,0.0943396226415094,0.228758169934641,0.542857142857143,0.166666666666667,0.142857142857143,0.2,0.164268585131894,0.157232704402516,0.0657894736842105,0.454545454545455,0.585365853658537,0.7,0.733333333333333,3,
0.760869565217391,0.692307692307692,0.875,0.406113537117904,0.142857142857143,0.169811320754717,0.647058823529412,0.142857142857143,0.583333333333333,0.6,0.484210526315789,0.571942446043165,0.490566037735849,0.105263157894737,0.318181818181818,0.0731707317073171,0.466666666666667,0.633333333333333,3,
0.717391304347826,0.807692307692308,0.875,0.248908296943231,0,0.0377358490566038,0.882352941176471,0.0285714285714286,0.833333333333333,0.685714285714286,0.715789473684211,0.848920863309353,0.836477987421384,0.342105263157895,0.181818181818182,0.268292682926829,0.166666666666667,0.0666666666666667,2,
0.108695652173913,0.115384615384615,0.277777777777778,0.0524017467248908,0.0989010989010989,0.0754716981132075,0.0718954248366013,0.828571428571429,0,0.0857142857142857,0.0578947368421053,0.0443645083932854,0.0754716981132075,0.25,0.136363636363636,0.390243902439024,0.0666666666666667,0.133333333333333,3,
0.652173913043478,0.5,0.916666666666667,0.458515283842795,0.208791208791209,0.150943396226415,0.594771241830065,0.2,0.5,0.442857142857143,0.457894736842105,0.513189448441247,0.635220125786163,0.144736842105263,0.409090909090909,0.24390243902439,0.5,0.6,1,
0.826086956521739,0.807692307692308,0.875,0.292576419213974,0.032967032967033,0.169811320754717,0.712418300653595,0.114285714285714,0.666666666666667,0.771428571428571,0.510526315789474,0.651079136690647,0.578616352201258,0.131578947368421,0.681818181818182,0.146341463414634,0.466666666666667,0.566666666666667,3,
0.652173913043478,0.846153846153846,0.833333333333333,0.393013100436681,0.164835164835165,0.169811320754717,0.65359477124183,0.142857142857143,0.583333333333333,0.814285714285714,0.457894736842105,0.577937649880096,0.691823899371069,0.184210526315789,0.454545454545455,0.341463414634146,0.366666666666667,0.433333333333333,3,
0.304347826086957,0.538461538461538,0.569444444444444,0.196506550218341,0.164835164835165,0.132075471698113,0.228758169934641,0.542857142857143,0.166666666666667,0.485714285714286,0.215789473684211,0.169064748201439,0.452830188679245,0.171052631578947,0,0.146341463414634,0.4,0.566666666666667,0,
0.58695652173913,0.653846153846154,0.569444444444444,0.406113537117904,0.21978021978022,0.0754716981132075,0.483660130718954,0.228571428571429,0.416666666666667,0.571428571428571,0.4,0.416067146282974,0.559748427672956,0.197368421052632,0.272727272727273,0.024390243902439,0.7,0.566666666666667,2,
0.282608695652174,0.307692307692308,0.361111111111111,0.126637554585153,0.0989010989010989,0.0754716981132075,0.156862745098039,0.657142857142857,0.0833333333333333,0.257142857142857,0.131578947368421,0.107913669064748,0.333333333333333,0.197368421052632,0.227272727272727,0.341463414634146,0.233333333333333,0.266666666666667,1,
0.739130434782609,0.807692307692308,0.805555555555556,0.462882096069869,0.208791208791209,0.169811320754717,0.69281045751634,0.142857142857143,0.583333333333333,0.728571428571429,0.478947368421053,0.623501199040767,0.672955974842767,0.157894736842105,0.636363636363636,0,0.4,0.533333333333333,1,
0.260869565217391,0.0769230769230769,0.0972222222222222,0.0262008733624454,0.0879120879120879,0.0188679245283019,0.0326797385620915,0.885714285714286,0,0.0571428571428571,0.0315789473684211,0.0227817745803357,0.188679245283019,0.394736842105263,0.227272727272727,0.219512195121951,0.133333333333333,0.1,0,
0.434782608695652,0.461538461538462,0.458333333333333,0.262008733624454,0.131868131868132,0.0943396226415094,0.30718954248366,0.457142857142857,0.25,0.4,0.273684210526316,0.233812949640288,0.49685534591195,0.0789473684210526,0.5,0.365853658536585,0.633333333333333,0.666666666666667,3,
0.673913043478261,0.961538461538462,0.875,0.550218340611354,0.241758241758242,0.169811320754717,0.699346405228758,0.114285714285714,0.666666666666667,0.828571428571429,0.531578947368421,0.637889688249401,0.861635220125786,0.157894736842105,0.318181818181818,0.0975609756097561,0.366666666666667,0.5,3,
0.239130434782609,0.423076923076923,0.555555555555556,0.157205240174672,0.120879120879121,0.169811320754717,0.287581699346405,0.514285714285714,0.25,0.557142857142857,0.189473684210526,0.197841726618705,0.421383647798742,0.197368421052632,0.227272727272727,0.414634146341463,0.233333333333333,0.4,0,
0.847826086956522,0.653846153846154,0.972222222222222,0.358078602620087,0.0989010989010989,0.169811320754717,0.666666666666667,0.142857142857143,0.583333333333333,0.585714285714286,0.536842105263158,0.589928057553957,0.591194968553459,0.157894736842105,0.818181818181818,0.658536585365854,0.5,0.7,1,
0.58695652173913,0.423076923076923,0.736111111111111,0.388646288209607,0.164835164835165,0.113207547169811,0.483660130718954,0.257142857142857,0.416666666666667,0.414285714285714,0.378947368421053,0.404076738609113,0.264150943396226,0.0921052631578947,0,0.0487804878048781,0.566666666666667,0.566666666666667,3,
0.391304347826087,0.269230769230769,0.805555555555556,0.384279475982533,0.186813186813187,0.132075471698113,0.42483660130719,0.342857142857143,0.333333333333333,0.242857142857143,0.336842105263158,0.336930455635492,0.352201257861635,0.0921052631578947,0.409090909090909,0.853658536585366,0.633333333333333,0.8,1,
0.369565217391304,0.346153846153846,0.319444444444444,0.0960698689956332,0.0879120879120879,0.0943396226415094,0.261437908496732,0.542857142857143,0.166666666666667,0.342857142857143,0.226315789473684,0.182254196642686,0.40251572327044,0.289473684210526,0,0.365853658536585,0.133333333333333,0.1,2,
0.478260869565217,0.461538461538462,0.902777777777778,0.454148471615721,0.186813186813187,0.150943396226415,0.490196078431373,0.285714285714286,0.416666666666667,0.457142857142857,0.378947368421053,0.402877697841727,0.308176100628931,0.0657894736842105,0.318181818181818,0.780487804878049,0.733333333333333,1,1,
0.565217391304348,0.846153846153846,0.847222222222222,0.502183406113537,0.230769230769231,0.150943396226415,0.73202614379085,0.114285714285714,0.666666666666667,0.857142857142857,0.515789473684211,0.663069544364508,0.654088050314465,0.197368421052632,0.5,0.48780487804878,0.366666666666667,0.5,3,
0.173913043478261,0.538461538461538,0.402777777777778,0.183406113537118,0.186813186813187,0.0754716981132075,0.254901960784314,0.514285714285714,0.166666666666667,0.414285714285714,0.215789473684211,0.18705035971223,0.540880503144654,0.210526315789474,0.227272727272727,0,0.233333333333333,0.233333333333333,2,
0.434782608695652,0.346153846153846,0.666666666666667,0.366812227074236,0.164835164835165,0.150943396226415,0.464052287581699,0.285714285714286,0.333333333333333,0.328571428571429,0.410526315789474,0.383693045563549,0.371069182389937,0.144736842105263,0.136363636363636,0.292682926829268,0.433333333333333,0.533333333333333,3,
0.5,0.538461538461538,0.513888888888889,0.436681222707424,0.274725274725275,0.0754716981132075,0.359477124183007,0.342857142857143,0.25,0.457142857142857,0.305263157894737,0.293764988009592,0.459119496855346,0.131578947368421,0.272727272727273,0.390243902439024,0.766666666666667,0.733333333333333,2,
0.304347826086957,0.384615384615385,0.416666666666667,0.283842794759825,0.274725274725275,0.0943396226415094,0.261437908496732,0.514285714285714,0.166666666666667,0.385714285714286,0.247368421052632,0.188249400479616,0.389937106918239,0.223684210526316,0.272727272727273,0.292682926829268,0.266666666666667,0.2,2,
0.673913043478261,0.769230769230769,0.944444444444444,0.445414847161572,0.153846153846154,0.169811320754717,0.686274509803922,0.142857142857143,0.583333333333333,0.714285714285714,0.505263157894737,0.611510791366906,0.628930817610063,0.105263157894737,0,0.219512195121951,0.4,0.666666666666667,1,
0.608695652173913,0.769230769230769,0.708333333333333,0.393013100436681,0.197802197802198,0.0754716981132075,0.601307189542484,0.171428571428571,0.5,0.614285714285714,0.531578947368421,0.541966426858513,0.660377358490566,0.25,0.227272727272727,0.341463414634146,0.533333333333333,0.366666666666667,2,
0.41304347826087,0.384615384615385,0.416666666666667,0.0873362445414847,0.0549450549450549,0.0754716981132075,0.176470588235294,0.657142857142857,0.0833333333333333,0.371428571428571,0.178947368421053,0.117505995203837,0.39622641509434,0.263157894736842,0.181818181818182,0.390243902439024,0.233333333333333,0.133333333333333,0,
0.369565217391304,0.307692307692308,0.305555555555556,0.187772925764192,0.142857142857143,0.0754716981132075,0.104575163398693,0.742857142857143,0.0833333333333333,0.328571428571429,0.1,0.0743405275779376,0.30188679245283,0.0263157894736842,0.590909090909091,0.0975609756097561,0.833333333333333,0.9,0,
0.739130434782609,0.884615384615385,0.902777777777778,0.427947598253275,0.153846153846154,0.169811320754717,0.712418300653595,0.114285714285714,0.666666666666667,0.871428571428571,0.547368421052632,0.648681055155875,0.647798742138365,0.171052631578947,0.681818181818182,0.024390243902439,0.433333333333333,0.5,3,
0.217391304347826,0.5,0.430555555555556,0.22707423580786,0.252747252747253,0.0754716981132075,0.254901960784314,0.514285714285714,0.166666666666667,0.414285714285714,0.231578947368421,0.184652278177458,0.559748427672956,0.276315789473684,0.136363636363636,0.268292682926829,0.166666666666667,0.166666666666667,2,
0.195652173913043,0.230769230769231,0.638888888888889,0.157205240174672,0.0769230769230769,0.0943396226415094,0.26797385620915,0.542857142857143,0.166666666666667,0.228571428571429,0.231578947368421,0.184652278177458,0.188679245283019,0.157894736842105,0.5,0.439024390243902,0.233333333333333,0.266666666666667,3,
0.630434782608696,0.692307692307692,0.944444444444444,0.388646288209607,0.10989010989011,0.150943396226415,0.65359477124183,0.142857142857143,0.583333333333333,0.628571428571429,0.468421052631579,0.574340527577938,0.471698113207547,0.0921052631578947,0.318181818181818,0.51219512195122,0.5,0.666666666666667,3,
0.695652173913043,0.807692307692308,0.777777777777778,0.353711790393013,0.10989010989011,0.150943396226415,0.699346405228758,0.114285714285714,0.666666666666667,0.742857142857143,0.531578947368421,0.62589928057554,0.679245283018868,0.210526315789474,0.227272727272727,0.292682926829268,0.366666666666667,0.466666666666667,3,
0.739130434782609,0.846153846153846,0.875,0.275109170305677,0.021978021978022,0.0943396226415094,0.915032679738562,0.0285714285714286,0.916666666666667,0.771428571428571,0.731578947368421,0.863309352517986,0.817610062893082,0.315789473684211,0.227272727272727,0.731707317073171,0.1,0.166666666666667,2,
0.282608695652174,0.269230769230769,0.361111111111111,0.152838427947598,0.131868131868132,0.0943396226415094,0.065359477124183,0.8,0,0.3,0.0789473684210526,0.0491606714628297,0.213836477987421,0.0526315789473684,0.318181818181818,0.268292682926829,0.866666666666667,0.9,0,
0.326086956521739,0.423076923076923,0.611111111111111,0.135371179039301,0.0879120879120879,0.188679245283019,0.281045751633987,0.514285714285714,0.25,0.571428571428571,0.242105263157895,0.200239808153477,0.345911949685535,0.210526315789474,0.318181818181818,0.268292682926829,0.233333333333333,0.466666666666667,0,
0.282608695652174,0.269230769230769,0.361111111111111,0.148471615720524,0.131868131868132,0.0377358490566038,0.163398692810458,0.657142857142857,0.0833333333333333,0.214285714285714,0.168421052631579,0.113908872901679,0.264150943396226,0.197368421052632,0.272727272727273,0.341463414634146,0.333333333333333,0.3,1,
0.347826086956522,0.115384615384615,0.388888888888889,0.161572052401747,0.131868131868132,0.113207547169811,0.176470588235294,0.6,0.0833333333333333,0.171428571428571,0.189473684210526,0.128297362110312,0.113207547169811,0.184210526315789,0.318181818181818,0.024390243902439,0.433333333333333,0.5,0,
0.326086956521739,0.269230769230769,0.541666666666667,0.344978165938865,0.164835164835165,0.0943396226415094,0.418300653594771,0.342857142857143,0.333333333333333,0.285714285714286,0.368421052631579,0.333333333333333,0.257861635220126,0.0921052631578947,0,0.707317073170732,0.433333333333333,0.6,3,
0.760869565217391,0.884615384615385,0.875,0.567685589519651,0.285714285714286,0.150943396226415,0.712418300653595,0.114285714285714,0.666666666666667,0.8,0.536842105263158,0.640287769784173,0.660377358490566,0.184210526315789,0.363636363636364,0.0731707317073171,0.366666666666667,0.533333333333333,1,
0.717391304347826,0.730769230769231,0.944444444444444,0.449781659388646,0.186813186813187,0.188679245283019,0.712418300653595,0.142857142857143,0.666666666666667,0.714285714285714,0.521052631578947,0.629496402877698,0.572327044025157,0.184210526315789,1,0.926829268292683,0.466666666666667,0.8,1,
0.282608695652174,0.423076923076923,0.513888888888889,0.222707423580786,0.142857142857143,0.0943396226415094,0.261437908496732,0.514285714285714,0.166666666666667,0.328571428571429,0.231578947368421,0.193045563549161,0.327044025157233,0.171052631578947,0.409090909090909,0,0.366666666666667,0.366666666666667,3,
0.260869565217391,0.192307692307692,0.486111111111111,0.122270742358079,0.0769230769230769,0.0943396226415094,0.228758169934641,0.571428571428571,0.166666666666667,0.185714285714286,0.215789473684211,0.160671462829736,0.226415094339623,0.210526315789474,0.318181818181818,0.609756097560976,0.233333333333333,0.233333333333333,1,
0.239130434782609,0.346153846153846,0.5,0.22707423580786,0.186813186813187,0.0943396226415094,0.254901960784314,0.514285714285714,0.166666666666667,0.357142857142857,0.257894736842105,0.185851318944844,0.30188679245283,0.210526315789474,0,0.48780487804878,0.366666666666667,0.4,2,
0.58695652173913,0.961538461538462,0.958333333333333,0.550218340611354,0.252747252747253,0.169811320754717,0.745098039215686,0.114285714285714,0.666666666666667,0.914285714285714,0.547368421052632,0.6810551558753,0.616352201257862,0.171052631578947,0,0.317073170731707,0.366666666666667,0.566666666666667,3,
0.695652173913043,0.692307692307692,0.555555555555556,0.449781659388646,0.263736263736264,0.0754716981132075,0.542483660130719,0.2,0.416666666666667,0.585714285714286,0.442105263157895,0.473621103117506,0.49685534591195,0.210526315789474,0.272727272727273,0.48780487804878,0.6,0.433333333333333,2,
0.282608695652174,0.461538461538462,0.416666666666667,0.0786026200873362,0.0989010989010989,0.0943396226415094,0.235294117647059,0.542857142857143,0.166666666666667,0.371428571428571,0.210526315789474,0.167865707434053,0.484276729559748,0.328947368421053,0.409090909090909,0.121951219512195,0.133333333333333,0.0666666666666667,2,
0.717391304347826,0.923076923076923,0.930555555555556,0.572052401746725,0.21978021978022,0.0754716981132075,0.980392156862745,0,0.916666666666667,0.757142857142857,0.815789473684211,0.962829736211031,0.949685534591195,0.355263157894737,0.409090909090909,0.75609756097561,0.133333333333333,0.1,2,
0.217391304347826,0.346153846153846,0.430555555555556,0.209606986899563,0.186813186813187,0.0943396226415094,0.241830065359477,0.542857142857143,0.166666666666667,0.342857142857143,0.221052631578947,0.176258992805755,0.308176100628931,0.197368421052632,0.0909090909090909,0.0487804878048781,0.266666666666667,0.3,2,
0.478260869565217,0.346153846153846,0.777777777777778,0.406113537117904,0.197802197802198,0.132075471698113,0.431372549019608,0.314285714285714,0.333333333333333,0.328571428571429,0.363157894736842,0.347721822541966,0.251572327044025,0.105263157894737,0.0454545454545455,0.707317073170732,0.566666666666667,0.633333333333333,3,
0.456521739130435,0.461538461538462,0.625,0.25764192139738,0.230769230769231,0.150943396226415,0.294117647058824,0.514285714285714,0.25,0.542857142857143,0.210526315789474,0.207434052757794,0.421383647798742,0.184210526315789,0.772727272727273,0.268292682926829,0.366666666666667,0.466666666666667,0,
0.630434782608696,0.692307692307692,0.888888888888889,0.493449781659389,0.21978021978022,0.150943396226415,0.601307189542484,0.171428571428571,0.5,0.628571428571429,0.473684210526316,0.523980815347722,0.540880503144654,0.118421052631579,0.136363636363636,0.463414634146341,0.4,0.533333333333333,1,
0.391304347826087,0.384615384615385,0.444444444444444,0.165938864628821,0.0989010989010989,0.0943396226415094,0.241830065359477,0.542857142857143,0.166666666666667,0.314285714285714,0.2,0.171462829736211,0.352201257861635,0.171052631578947,0.590909090909091,0.560975609756098,0.333333333333333,0.333333333333333,1,
0.5,0.461538461538462,0.847222222222222,0.423580786026201,0.208791208791209,0.132075471698113,0.522875816993464,0.228571428571429,0.416666666666667,0.357142857142857,0.463157894736842,0.441247002398082,0.540880503144654,0.184210526315789,0.136363636363636,0.463414634146341,0.433333333333333,0.533333333333333,1,
0.260869565217391,0.384615384615385,0.361111111111111,0.0829694323144105,0.0989010989010989,0.0754716981132075,0.235294117647059,0.571428571428571,0.166666666666667,0.385714285714286,0.189473684210526,0.161870503597122,0.389937106918239,0.342105263157895,0.272727272727273,0.268292682926829,0.1,0.0333333333333333,2,
0.369565217391304,0.230769230769231,0.625,0.244541484716157,0.131868131868132,0.0943396226415094,0.333333333333333,0.428571428571429,0.25,0.185714285714286,0.310526315789474,0.254196642685851,0.308176100628931,0.157894736842105,0.318181818181818,0.317073170731707,0.333333333333333,0.366666666666667,1,
0.282608695652174,0.384615384615385,0.388888888888889,0.200873362445415,0.186813186813187,0.132075471698113,0.169934640522876,0.628571428571429,0.0833333333333333,0.357142857142857,0.163157894736842,0.121103117505995,0.408805031446541,0.131578947368421,0.272727272727273,0,0.533333333333333,0.666666666666667,0,
0.217391304347826,0.269230769230769,0.180555555555556,0.0436681222707424,0.0659340659340659,0.0754716981132075,0.130718954248366,0.771428571428571,0.0833333333333333,0.314285714285714,0.0631578947368421,0.0755395683453237,0.30188679245283,0.355263157894737,0.363636363636364,0.170731707317073,0,0.0666666666666667,0,
0.260869565217391,0.384615384615385,0.361111111111111,0.0829694323144105,0.0879120879120879,0.0943396226415094,0.248366013071895,0.542857142857143,0.166666666666667,0.4,0.221052631578947,0.170263788968825,0.40251572327044,0.315789473684211,0.181818181818182,0.365853658536585,0.133333333333333,0.0666666666666667,2,
0.521739130434783,0.153846153846154,0.416666666666667,0.301310043668122,0.208791208791209,0.0943396226415094,0.254901960784314,0.485714285714286,0.166666666666667,0.157142857142857,0.194736842105263,0.194244604316547,0.0628930817610063,0.0789473684210526,0,0.390243902439024,0.833333333333333,0.9,2,
