85,18,4,
0.260869565217391,0.115384615384615,0.361111111111111,0.0829694323144105,0.0879120879120879,0.0566037735849057,0.0522875816993464,0.857142857142857,0,0.142857142857143,0.0526315789473684,0.0335731414868106,0.138364779874214,0.184210526315789,0.0454545454545455,0.439024390243902,0.333333333333333,0.3,0,
0.391304347826087,0.230769230769231,0.583333333333333,0.262008733624454,0.230769230769231,0.150943396226415,0.202614379084967,0.571428571428571,0.166666666666667,0.271428571428571,0.178947368421053,0.148681055155875,0.308176100628931,0.118421052631579,0.590909090909091,0.219512195121951,0.5,0.666666666666667,0,
0.347826086956522,0.423076923076923,0.5,0.091703056768559,0.0769230769230769,0.150943396226415,0.287581699346405,0.514285714285714,0.25,0.471428571428571,0.173684210526316,0.201438848920863,0.421383647798742,0.223684210526316,0.545454545454545,0.292682926829268,0.266666666666667,0.4,0,
0.369565217391304,0.423076923076923,0.402777777777778,0.209606986899563,0.186813186813187,0.0943396226415094,0.150326797385621,0.657142857142857,0.0833333333333333,0.385714285714286,0.184210526315789,0.105515587529976,0.333333333333333,0.210526315789474,0.136363636363636,0.0487804878048781,0.366666666666667,0.333333333333333,0,
0.5,0.230769230769231,0.333333333333333,0.0305676855895196,0.010989010989011,0.113207547169811,0.143790849673203,0.742857142857143,0.0833333333333333,0.328571428571429,0.157894736842105,0.0887290167865707,0.188679245283019,0.276315789473684,0.318181818181818,0.48780487804878,0.233333333333333,0.1,0,
0.347826086956522,0.115384615384615,0.388888888888889,0.161572052401747,0.131868131868132,0.113207547169811,0.176470588235294,0.6,0.0833333333333333,0.171428571428571,0.189473684210526,0.128297362110312,0.113207547169811,0.184210526315789,0.318181818181818,0.024390243902439,0.433333333333333,0.5,0,
0.326086956521739,0.115384615384615,0.180555555555556,0.0393013100436681,0.10989010989011,0.0188679245283019,0.0392156862745098,0.885714285714286,0,0.142857142857143,0.0368421052631579,0.0239808153477218,0.169811320754717,0.381578947368421,0.318181818181818,0.341463414634146,0.133333333333333,0.0666666666666667,0,
0.434782608695652,0.384615384615385,0.527777777777778,0.253275109170306,0.186813186813187,0.113207547169811,0.163398692810458,0.628571428571429,0.0833333333333333,0.385714285714286,0.136842105263158,0.116306954436451,0.314465408805031,0.0526315789473684,0.772727272727273,0.292682926829268,0.9,0.966666666666667,0,
0.543478260869565,0.230769230769231,0.388888888888889,0.139737991266376,0.0989010989010989,0.113207547169811,0.124183006535948,0.742857142857143,0.0833333333333333,0.371428571428571,0.152631578947368,0.0803357314148681,0.157232704402516,0.171052631578947,0.181818181818182,0.24390243902439,0.333333333333333,0.2,0,
0.434782608695652,0.346153846153846,0.333333333333333,0.235807860262009,0.230769230769231,0.132075471698113,0.143790849673203,0.657142857142857,0.0833333333333333,0.342857142857143,0.173684210526316,0.100719424460432,0.383647798742138,0.157894736842105,0.318181818181818,0.317073170731707,0.533333333333333,0.666666666666667,0,
0.282608695652174,0.153846153846154,0.402777777777778,0.200873362445415,0.175824175824176,0.113207547169811,0.169934640522876,0.628571428571429,0.0833333333333333,0.228571428571429,0.173684210526316,0.119904076738609,0.0943396226415094,0.157894736842105,0.0454545454545455,0.146341463414634,0.433333333333333,0.466666666666667,0,
0.58695652173913,0.5,0.625,0.262008733624454,0.186813186813187,0.169811320754717,0.333333333333333,0.457142857142857,0.25,0.642857142857143,0.242105263157895,0.243405275779377,0.383647798742138,0.157894736842105,0.818181818181818,0,0.433333333333333,0.5,0,
0.456521739130435,0.576923076923077,0.597222222222222,0.253275109170306,0.186813186813187,0.150943396226415,0.287581699346405,0.485714285714286,0.166666666666667,0.5,0.247368421052632,0.207434052757794,0.490566037735849,0.197368421052632,0.181818181818182,0.341463414634146,0.3,0.5,0,
0.347826086956522,0.538461538461538,0.611111111111111,0.126637554585153,0.0879120879120879,0.169811320754717,0.294117647058824,0.514285714285714,0.25,0.6,0.205263157894737,0.203836930455636,0.421383647798742,0.197368421052632,0.227272727272727,0.219512195121951,0.2,0.366666666666667,0,
0.347826086956522,0.115384615384615,0.152777777777778,0.0218340611353712,0.0549450549450549,0.0754716981132075,0.0392156862745098,0.885714285714286,0,0.157142857142857,0.0368421052631579,0.026378896882494,0.10062893081761,0.276315789473684,0.0909090909090909,0.341463414634146,0.166666666666667,0.133333333333333,0,
0.434782608695652,0.346153846153846,0.333333333333333,0.0829694323144105,0.043956043956044,0.0943396226415094,0.150326797385621,0.714285714285714,0.0833333333333333,0.371428571428571,0.178947368421053,0.0935251798561151,0.289308176100629,0.25,0.727272727272727,0.292682926829268,0.3,0.133333333333333,0,
0.369565217391304,0.538461538461538,0.625,0.179039301310044,0.120879120879121,0.132075471698113,0.261437908496732,0.514285714285714,0.166666666666667,0.528571428571429,0.236842105263158,0.193045563549161,0.471698113207547,0.184210526315789,0.181818181818182,0.0487804878048781,0.333333333333333,0.533333333333333,0,
0.217391304347826,0.461538461538462,0.458333333333333,0.248908296943231,0.230769230769231,0.113207547169811,0.196078431372549,0.571428571428571,0.0833333333333333,0.371428571428571,0.205263157894737,0.145083932853717,0.440251572327044,0.157894736842105,0.454545454545455,0.0731707317073171,0.5,0.6,0,
0.543478260869565,0.423076923076923,0.527777777777778,0.244541484716157,0.175824175824176,0.113207547169811,0.196078431372549,0.6,0.0833333333333333,0.428571428571429,0.157894736842105,0.139088729016787,0.389937106918239,0.0526315789473684,0.863636363636364,0.0487804878048781,0.833333333333333,0.866666666666667,0,
0.282608695652174,0.230769230769231,0.277777777777778,0.157205240174672,0.142857142857143,0.0943396226415094,0.0457516339869281,0.828571428571429,0,0.228571428571429,0.0526315789473684,0.0335731414868106,0.20125786163522,0.0263157894736842,0.318181818181818,0.195121951219512,0.8,0.866666666666667,0,
0.521739130434783,0.769230769230769,0.902777777777778,0.528384279475983,0.263736263736264,0.188679245283019,0.712418300653595,0.114285714285714,0.666666666666667,0.7,0.505263157894737,0.634292565947242,0.584905660377358,0.144736842105263,0.136363636363636,0.48780487804878,0.333333333333333,0.633333333333333,1,
0.739130434782609,0.807692307692308,0.777777777777778,0.423580786026201,0.164835164835165,0.188679245283019,0.69281045751634,0.142857142857143,0.583333333333333,0.742857142857143,0.478947368421053,0.611510791366906,0.679245283018868,0.157894736842105,0.0909090909090909,0.51219512195122,0.366666666666667,0.566666666666667,1,
0.543478260869565,0.576923076923077,0.847222222222222,0.432314410480349,0.197802197802198,0.132075471698113,0.555555555555556,0.2,0.5,0.485714285714286,0.452631578947368,0.479616306954436,0.408805031446541,0.118421052631579,0.0909090909090909,0.121951219512195,0.433333333333333,0.533333333333333,1,
0.782608695652174,0.769230769230769,0.958333333333333,0.510917030567686,0.241758241758242,0.188679245283019,0.712418300653595,0.142857142857143,0.666666666666667,0.728571428571429,0.505263157894737,0.633093525179856,0.647798742138365,0.171052631578947,0.590909090909091,0.682926829268293,0.4,0.666666666666667,1,
0.652173913043478,0.5,0.916666666666667,0.458515283842795,0.208791208791209,0.150943396226415,0.594771241830065,0.2,0.5,0.442857142857143,0.457894736842105,0.513189448441247,0.635220125786163,0.144736842105263,0.409090909090909,0.24390243902439,0.5,0.6,1,
0.369565217391304,0.115384615384615,0.236111111111111,0.11353711790393,0.10989010989011,0.0754716981132075,0.0588235294117647,0.857142857142857,0,0.128571428571429,0.0368421052631579,0.0383693045563549,0.144654088050314,0.118421052631579,1,0.560975609756098,0.466666666666667,0.466666666666667,1,
0.521739130434783,0.346153846153846,0.847222222222222,0.358078602620087,0.131868131868132,0.132075471698113,0.483660130718954,0.285714285714286,0.416666666666667,0.285714285714286,0.410526315789474,0.392086330935252,0.371069182389937,0.105263157894737,0.318181818181818,1,0.6,0.833333333333333,1,
0.521739130434783,0.423076923076923,0.777777777777778,0.397379912663755,0.175824175824176,0.132075471698113,0.477124183006536,0.285714285714286,0.416666666666667,0.371428571428571,0.378947368421053,0.393285371702638,0.352201257861635,0.0921052631578947,0.181818181818182,0.195121951219512,0.5,0.6,1,
0.869565217391304,0.769230769230769,0.736111111111111,0.406113537117904,0.164835164835165,0.169811320754717,0.679738562091503,0.142857142857143,0.583333333333333,0.671428571428571,0.478947368421053,0.60431654676259,0.547169811320755,0.171052631578947,0.272727272727273,0.609756097560976,0.4,0.6,1,
0.717391304347826,0.769230769230769,0.805555555555556,0.388646288209607,0.142857142857143,0.150943396226415,0.673202614379085,0.142857142857143,0.583333333333333,0.728571428571429,0.494736842105263,0.595923261390887,0.685534591194969,0.184210526315789,0.363636363636364,0.51219512195122,0.4,0.533333333333333,1,
0.434782608695652,0.230769230769231,0.638888888888889,0.331877729257642,0.131868131868132,0.132075471698113,0.359477124183007,0.371428571428571,0.25,0.228571428571429,0.294736842105263,0.280575539568345,0.125786163522013,0.0526315789473684,0.272727272727273,0.414634146341463,0.7,0.766666666666667,1,
0.347826086956522,0.115384615384615,0.402777777777778,0.253275109170306,0.175824175824176,0.0754716981132075,0.183006535947712,0.628571428571429,0.0833333333333333,0.185714285714286,0.178947368421053,0.128297362110312,0.106918238993711,0.0921052631578947,0.0454545454545455,0.926829268292683,0.566666666666667,0.766666666666667,1,
0.195652173913043,0.115384615384615,0.152777777777778,0.0436681222707424,0.0659340659340659,0.0377358490566038,0.150326797385621,0.685714285714286,0.0833333333333333,0.114285714285714,0.105263157894737,0.100719424460432,0.220125786163522,0.355263157894737,0.681818181818182,0.0975609756097561,0.166666666666667,0.0333333333333333,1,
0.847826086956522,0.653846153846154,0.888888888888889,0.406113537117904,0.120879120879121,0.169811320754717,0.627450980392157,0.171428571428571,0.583333333333333,0.585714285714286,0.489473684210526,0.545563549160672,0.484276729559748,0.105263157894737,0.681818181818182,0.536585365853659,0.5,0.7,1,
0.565217391304348,0.384615384615385,0.680555555555556,0.397379912663755,0.175824175824176,0.113207547169811,0.483660130718954,0.257142857142857,0.416666666666667,0.371428571428571,0.421052631578947,0.404076738609113,0.358490566037736,0.118421052631579,0.272727272727273,0.317073170731707,0.5,0.6,1,
0.260869565217391,0.192307692307692,0.486111111111111,0.122270742358079,0.0769230769230769,0.0943396226415094,0.228758169934641,0.571428571428571,0.166666666666667,0.185714285714286,0.215789473684211,0.160671462829736,0.226415094339623,0.210526315789474,0.318181818181818,0.609756097560976,0.233333333333333,0.233333333333333,1,
0.695652173913043,0.692307692307692,0.902777777777778,0.406113537117904,0.142857142857143,0.169811320754717,0.516339869281046,0.257142857142857,0.416666666666667,0.628571428571429,0.405263157894737,0.432853717026379,0.534591194968553,0.0657894736842105,0.818181818181818,0.0975609756097561,0.666666666666667,0.8,1,
0.434782608695652,0.346153846153846,0.805555555555556,0.384279475982533,0.175824175824176,0.132075471698113,0.477124183006536,0.285714285714286,0.416666666666667,0.285714285714286,0.4,0.388489208633094,0.40251572327044,0.144736842105263,0.454545454545455,0.51219512195122,0.433333333333333,0.533333333333333,1,
0.543478260869565,0.692307692307692,0.777777777777778,0.432314410480349,0.208791208791209,0.150943396226415,0.496732026143791,0.257142857142857,0.416666666666667,0.557142857142857,0.405263157894737,0.418465227817746,0.767295597484277,0.118421052631579,0.454545454545455,0.024390243902439,0.5,0.6,1,
0.5,0.307692307692308,0.402777777777778,0.213973799126638,0.0989010989010989,0.0943396226415094,0.189542483660131,0.6,0.0833333333333333,0.328571428571429,0.168421052631579,0.135491606714628,0.377358490566038,0.0263157894736842,0.5,0.195121951219512,0.866666666666667,0.933333333333333,1,
0.91304347826087,0.730769230769231,0.833333333333333,0.432314410480349,0.164835164835165,0.150943396226415,0.686274509803922,0.142857142857143,0.583333333333333,0.671428571428571,0.521052631578947,0.615107913669065,0.660377358490566,0.171052631578947,0.636363636363636,0.0975609756097561,0.4,0.533333333333333,1,
0.195652173913043,0.153846153846154,0.361111111111111,0.0960698689956332,0.0769230769230769,0.0943396226415094,0.130718954248366,0.742857142857143,0.0833333333333333,0.128571428571429,0.0947368421052632,0.0815347721822542,0.207547169811321,0.171052631578947,0.772727272727273,0.170731707317073,0.233333333333333,0.2,1,
0.282608695652174,0.384615384615385,0.416666666666667,0.0960698689956332,0.0989010989010989,0.0754716981132075,0.235294117647059,0.571428571428571,0.166666666666667,0.385714285714286,0.189473684210526,0.15947242206235,0.389937106918239,0.355263157894737,0.272727272727273,0.219512195121951,0.1,0.0333333333333333,2,
0.565217391304348,0.692307692307692,0.722222222222222,0.432314410480349,0.197802197802198,0.0566037735849057,0.633986928104575,0.142857142857143,0.583333333333333,0.585714285714286,0.536842105263158,0.583932853717026,0.660377358490566,0.25,0.227272727272727,0.268292682926829,0.5,0.266666666666667,2,
0.41304347826087,0.461538461538462,0.472222222222222,0.362445414847162,0.296703296703297,0.0943396226415094,0.294117647058824,0.428571428571429,0.166666666666667,0.357142857142857,0.257894736842105,0.229016786570743,0.465408805031447,0.144736842105263,0.363636363636364,0.146341463414634,0.633333333333333,0.666666666666667,2,
0.173913043478261,0.384615384615385,0.388888888888889,0.192139737991266,0.186813186813187,0.0943396226415094,0.248366013071895,0.542857142857143,0.166666666666667,0.371428571428571,0.236842105263158,0.175059952038369,0.389937106918239,0.276315789473684,0.0454545454545455,0.0487804878048781,0.2,0.133333333333333,2,
0.391304347826087,0.346153846153846,0.361111111111111,0.283842794759825,0.208791208791209,0.0943396226415094,0.215686274509804,0.514285714285714,0.166666666666667,0.314285714285714,0.205263157894737,0.169064748201439,0.314465408805031,0.105263157894737,0.181818181818182,0,0.833333333333333,0.866666666666667,2,
0.521739130434783,0.538461538461538,0.666666666666667,0.344978165938865,0.142857142857143,0.0943396226415094,0.555555555555556,0.2,0.5,0.428571428571429,0.442105263157895,0.49400479616307,0.578616352201258,0.197368421052632,0.363636363636364,0,0.533333333333333,0.333333333333333,2,
0.130434782608696,0.384615384615385,0.444444444444444,0.161572052401747,0.164835164835165,0.113207547169811,0.26797385620915,0.514285714285714,0.166666666666667,0.371428571428571,0.236842105263158,0.191846522781775,0.408805031446541,0.25,0,0.195121951219512,0.2,0.233333333333333,2,
0.260869565217391,0.461538461538462,0.416666666666667,0.0698689956331878,0.0769230769230769,0.0943396226415094,0.241830065359477,0.542857142857143,0.166666666666667,0.385714285714286,0.205263157894737,0.170263788968825,0.484276729559748,0.289473684210526,0.363636363636364,0.0975609756097561,0.166666666666667,0.1,2,
0.282608695652174,0.461538461538462,0.430555555555556,0.222707423580786,0.208791208791209,0.0943396226415094,0.222222222222222,0.542857142857143,0.166666666666667,0.371428571428571,0.194736842105263,0.165467625899281,0.421383647798742,0.171052631578947,0.227272727272727,0.146341463414634,0.433333333333333,0.5,2,
0.695652173913043,0.653846153846154,0.736111111111111,0.301310043668122,0.0769230769230769,0.0377358490566038,0.718954248366013,0.114285714285714,0.666666666666667,0.585714285714286,0.652631578947368,0.660671462829736,0.610062893081761,0.315789473684211,0.181818181818182,0.292682926829268,0.333333333333333,0.1,2,
0.5,0.615384615384615,0.805555555555556,0.362445414847162,0.131868131868132,0.0754716981132075,0.660130718954248,0.142857142857143,0.583333333333333,0.485714285714286,0.515789473684211,0.594724220623501,0.635220125786163,0.236842105263158,0.363636363636364,0.682926829268293,0.4,0.266666666666667,2,
0.282608695652174,0.346153846153846,0.333333333333333,0.0786026200873362,0.0769230769230769,0.0754716981132075,0.235294117647059,0.571428571428571,0.166666666666667,0.357142857142857,0.210526315789474,0.161870503597122,0.389937106918239,0.368421052631579,0.0454545454545455,0.0731707317073171,0.1,0.0333333333333333,2,
0.195652173913043,0.461538461538462,0.388888888888889,0.152838427947598,0.186813186813187,0.0754716981132075,0.228758169934641,0.571428571428571,0.166666666666667,0.357142857142857,0.205263157894737,0.163069544364508,0.471698113207547,0.276315789473684,0,0.024390243902439,0.166666666666667,0.1,2,
0.260869565217391,0.384615384615385,0.361111111111111,0.0698689956331878,0.0769230769230769,0.0566037735849057,0.235294117647059,0.571428571428571,0.166666666666667,0.385714285714286,0.2,0.163069544364508,0.408805031446541,0.368421052631579,0.363636363636364,0.0487804878048781,0.1,0,2,
0.260869565217391,0.423076923076923,0.361111111111111,0.091703056768559,0.120879120879121,0.0754716981132075,0.235294117647059,0.542857142857143,0.166666666666667,0.385714285714286,0.210526315789474,0.166666666666667,0.477987421383648,0.328947368421053,0.363636363636364,0.024390243902439,0.133333333333333,0.0666666666666667,2,
0.739130434782609,0.923076923076923,0.861111111111111,0.349344978165939,0.0879120879120879,0.0943396226415094,0.797385620915033,0.0571428571428571,0.75,0.757142857142857,0.594736842105263,0.764988009592326,0.754716981132076,0.236842105263158,0.318181818181818,0.268292682926829,0.366666666666667,0.2,2,
0.173913043478261,0.461538461538462,0.388888888888889,0.14410480349345,0.142857142857143,0.0943396226415094,0.261437908496732,0.542857142857143,0.166666666666667,0.471428571428571,0.194736842105263,0.178657074340528,0.440251572327044,0.289473684210526,0.136363636363636,0.317073170731707,0.1,0.0666666666666667,2,
0.217391304347826,0.307692307692308,0.416666666666667,0.222707423580786,0.197802197802198,0.0943396226415094,0.209150326797386,0.571428571428571,0.166666666666667,0.328571428571429,0.2,0.149880095923261,0.238993710691824,0.157894736842105,0.181818181818182,0.292682926829268,0.4,0.466666666666667,2,
0.195652173913043,0.461538461538462,0.388888888888889,0.200873362445415,0.241758241758242,0.0566037735849057,0.235294117647059,0.542857142857143,0.166666666666667,0.371428571428571,0.205263157894737,0.165467625899281,0.471698113207547,0.276315789473684,0.227272727272727,0,0.166666666666667,0.1,2,
0.630434782608696,0.461538461538462,0.625,0.388646288209607,0.186813186813187,0.0754716981132075,0.522875816993464,0.2,0.416666666666667,0.4,0.457894736842105,0.462829736211031,0.339622641509434,0.223684210526316,0.272727272727273,0.170731707317073,0.633333333333333,0.4,2,
0.369565217391304,0.192307692307692,0.486111111111111,0.262008733624454,0.186813186813187,0.0943396226415094,0.254901960784314,0.485714285714286,0.166666666666667,0.185714285714286,0.2,0.193045563549161,0.188679245283019,0.0921052631578947,0,0,0.633333333333333,0.766666666666667,2,
0.456521739130435,0.461538461538462,0.444444444444444,0.327510917030568,0.241758241758242,0.0754716981132075,0.287581699346405,0.428571428571429,0.166666666666667,0.371428571428571,0.268421052631579,0.226618705035971,0.515723270440252,0.131578947368421,0.227272727272727,0.121951219512195,0.566666666666667,0.566666666666667,2,
0.239130434782609,0.269230769230769,0.430555555555556,0.117903930131004,0.0879120879120879,0.0943396226415094,0.248366013071895,0.542857142857143,0.166666666666667,0.228571428571429,0.194736842105263,0.175059952038369,0.352201257861635,0.276315789473684,0.545454545454545,0.024390243902439,0.133333333333333,0.166666666666667,3,
0.717391304347826,0.769230769230769,0.805555555555556,0.432314410480349,0.175824175824176,0.169811320754717,0.705882352941177,0.114285714285714,0.666666666666667,0.7,0.515789473684211,0.630695443645084,0.660377358490566,0.157894736842105,0.454545454545455,0.585365853658537,0.4,0.533333333333333,3,
0.434782608695652,0.0769230769230769,0.444444444444444,0.296943231441048,0.164835164835165,0.0943396226415094,0.241830065359477,0.514285714285714,0.166666666666667,0.0857142857142857,0.205263157894737,0.179856115107914,0.10062893081761,0.0394736842105263,0.227272727272727,0.731707317073171,0.9,0.966666666666667,3,
0.717391304347826,0.615384615384615,0.930555555555556,0.393013100436681,0.10989010989011,0.169811320754717,0.666666666666667,0.142857142857143,0.583333333333333,0.614285714285714,0.494736842105263,0.58273381294964,0.39622641509434,0.105263157894737,0,0.951219512195122,0.533333333333333,0.833333333333333,3,
0.608695652173913,0.730769230769231,0.902777777777778,0.253275109170306,0.0659340659340659,0.150943396226415,0.65359477124183,0.142857142857143,0.583333333333333,0.642857142857143,0.505263157894737,0.581534772182254,0.59748427672956,0.197368421052632,0.545454545454545,0.268292682926829,0.333333333333333,0.433333333333333,3,
0.695652173913043,0.884615384615385,0.805555555555556,0.458515283842795,0.186813186813187,0.169811320754717,0.686274509803922,0.142857142857143,0.583333333333333,0.785714285714286,0.5,0.613908872901679,0.672955974842767,0.171052631578947,0.0909090909090909,0.463414634146341,0.4,0.6,3,
0.58695652173913,0.692307692307692,0.958333333333333,0.554585152838428,0.252747252747253,0.169811320754717,0.705882352941177,0.114285714285714,0.666666666666667,0.642857142857143,0.568421052631579,0.645083932853717,0.610062893081761,0.184210526315789,0.5,0.463414634146341,0.433333333333333,0.566666666666667,3,
0.652173913043478,0.846153846153846,0.875,0.467248908296943,0.197802197802198,0.169811320754717,0.65359477124183,0.142857142857143,0.583333333333333,0.671428571428571,0.521052631578947,0.586330935251799,0.880503144654088,0.171052631578947,0.227272727272727,0.390243902439024,0.4,0.5,3,
0.478260869565217,0.5,0.902777777777778,0.502183406113537,0.230769230769231,0.132075471698113,0.581699346405229,0.2,0.5,0.428571428571429,0.489473684210526,0.501199040767386,0.578616352201258,0.131578947368421,0.227272727272727,0.926829268292683,0.5,0.7,3,
0.391304347826087,0.5,0.847222222222222,0.414847161572052,0.197802197802198,0.132075471698113,0.549019607843137,0.228571428571429,0.5,0.4,0.468421052631579,0.467625899280576,0.566037735849057,0.184210526315789,0.227272727272727,0.195121951219512,0.333333333333333,0.433333333333333,3,
0.608695652173913,0.846153846153846,0.847222222222222,0.344978165938865,0.10989010989011,0.207547169811321,0.738562091503268,0.114285714285714,0.666666666666667,0.842857142857143,0.5,0.667865707434053,0.59748427672956,0.157894736842105,0.227272727272727,0.24390243902439,0.333333333333333,0.566666666666667,3,
0.543478260869565,0.846153846153846,0.847222222222222,0.502183406113537,0.241758241758242,0.169811320754717,0.738562091503268,0.114285714285714,0.666666666666667,0.857142857142857,0.531578947368421,0.676258992805755,0.672955974842767,0.197368421052632,0.272727272727273,0.341463414634146,0.366666666666667,0.466666666666667,3,
0.58695652173913,0.615384615384615,0.777777777777778,0.445414847161572,0.175824175824176,0.132075471698113,0.483660130718954,0.257142857142857,0.416666666666667,0.542857142857143,0.378947368421053,0.401678657074341,0.421383647798742,0.0394736842105263,0.136363636363636,0.121951219512195,0.7,0.8,3,
0.58695652173913,0.846153846153846,0.847222222222222,0.37117903930131,0.10989010989011,0.150943396226415,0.718954248366013,0.114285714285714,0.666666666666667,0.842857142857143,0.5,0.655875299760192,0.641509433962264,0.157894736842105,0.318181818181818,0.414634146341463,0.4,0.533333333333333,3,
0.630434782608696,0.730769230769231,0.805555555555556,0.528384279475983,0.263736263736264,0.150943396226415,0.666666666666667,0.142857142857143,0.583333333333333,0.657142857142857,0.515789473684211,0.597122302158273,0.566037735849057,0.157894736842105,0,0.390243902439024,0.366666666666667,0.5,3,
0.326086956521739,0.269230769230769,0.402777777777778,0.183406113537118,0.131868131868132,0.0943396226415094,0.117647058823529,0.714285714285714,0.0833333333333333,0.228571428571429,0.0894736842105263,0.0815347721822542,0.220125786163522,0.0657894736842105,0.0454545454545455,0.024390243902439,0.566666666666667,0.633333333333333,3,
0.282608695652174,0.307692307692308,0.361111111111111,0.109170305676856,0.0879120879120879,0.0943396226415094,0.150326797385621,0.685714285714286,0.0833333333333333,0.257142857142857,0.126315789473684,0.0983213429256595,0.352201257861635,0.197368421052632,0.136363636363636,0.0975609756097561,0.133333333333333,0.2,3,
0.217391304347826,0.230769230769231,0.402777777777778,0.100436681222707,0.0769230769230769,0.0566037735849057,0.150326797385621,0.657142857142857,0.0833333333333333,0.185714285714286,0.131578947368421,0.107913669064748,0.333333333333333,0.131578947368421,0.727272727272727,0.146341463414634,0.366666666666667,0.3,3,
0.478260869565217,0.576923076923077,0.888888888888889,0.480349344978166,0.21978021978022,0.132075471698113,0.607843137254902,0.171428571428571,0.5,0.471428571428571,0.510526315789474,0.532374100719424,0.584905660377358,0.197368421052632,0.227272727272727,0.219512195121951,0.333333333333333,0.4,3,
0.369565217391304,0.115384615384615,0.527777777777778,0.327510917030568,0.186813186813187,0.113207547169811,0.294117647058824,0.457142857142857,0.166666666666667,0.114285714285714,0.273684210526316,0.219424460431655,0.207547169811321,0.0921052631578947,0.0454545454545455,0.48780487804878,0.533333333333333,0.566666666666667,3,
0.108695652173913,0.115384615384615,0.152777777777778,0.0524017467248908,0.0989010989010989,0.0377358490566038,0.0522875816993464,0.885714285714286,0,0.0857142857142857,0.0263157894736842,0.0299760191846523,0.163522012578616,0.328947368421053,0.0454545454545455,0.292682926829268,0.0333333333333333,0.1,3,
