85,18,4,
0.326086956521739,0.346153846153846,0.361111111111111,0.126637554585153,0.10989010989011,0.0754716981132075,0.0718954248366013,0.8,0,0.371428571428571,0.0894736842105263,0.0515587529976019,0.320754716981132,0.0921052631578947,0.363636363636364,0.0975609756097561,0.566666666666667,0.566666666666667,0,
0.369565217391304,0.538461538461538,0.458333333333333,0.139737991266376,0.120879120879121,0.169811320754717,0.320261437908497,0.457142857142857,0.25,0.5,0.221052631578947,0.23021582733813,0.477987421383648,0.236842105263158,0.5,0.195121951219512,0.233333333333333,0.333333333333333,0,
0.326086956521739,0.423076923076923,0.625,0.152838427947598,0.0989010989010989,0.169811320754717,0.294117647058824,0.485714285714286,0.25,0.528571428571429,0.242105263157895,0.21462829736211,0.415094339622642,0.223684210526316,0.227272727272727,0.390243902439024,0.266666666666667,0.466666666666667,0,
0.260869565217391,0.115384615384615,0.152777777777778,0.0480349344978166,0.0989010989010989,0.0566037735849057,0.0457516339869281,0.885714285714286,0,0.0857142857142857,0.0473684210526316,0.0275779376498801,0.113207547169811,0.289473684210526,0.590909090909091,0.121951219512195,0.166666666666667,0.1,0,
0.434782608695652,0.5,0.625,0.283842794759825,0.208791208791209,0.132075471698113,0.254901960784314,0.514285714285714,0.166666666666667,0.414285714285714,0.205263157894737,0.185851318944844,0.440251572327044,0.105263157894737,0,0.0975609756097561,0.633333333333333,0.766666666666667,0,
0.5,0.461538461538462,0.652777777777778,0.283842794759825,0.21978021978022,0.150943396226415,0.274509803921569,0.514285714285714,0.166666666666667,0.442857142857143,0.194736842105263,0.200239808153477,0.408805031446541,0.105263157894737,0.409090909090909,0.195121951219512,0.533333333333333,0.666666666666667,0,
0.326086956521739,0.0384615384615385,0.25,0.157205240174672,0.131868131868132,0.0754716981132075,0.0980392156862745,0.742857142857143,0.0833333333333333,0.171428571428571,0.0947368421052632,0.0707434052757794,0.0251572327044025,0.0526315789473684,0.181818181818182,0.24390243902439,0.766666666666667,0.833333333333333,0,
0.41304347826087,0.307692307692308,0.361111111111111,0.091703056768559,0.0549450549450549,0.0943396226415094,0.176470588235294,0.685714285714286,0.0833333333333333,0.357142857142857,0.157894736842105,0.109112709832134,0.327044025157233,0.289473684210526,0.318181818181818,0.463414634146341,0.2,0.1,0,
0.217391304347826,0.153846153846154,0.125,0.0349344978165939,0.0879120879120879,0.0566037735849057,0.065359477124183,0.828571428571429,0,0.142857142857143,0.0736842105263158,0.0419664268585132,0.232704402515723,0.342105263157895,0.363636363636364,0.390243902439024,0.133333333333333,0.1,0,
0.434782608695652,0.307692307692308,0.486111111111111,0.0873362445414847,0.043956043956044,0.0943396226415094,0.183006535947712,0.657142857142857,0.0833333333333333,0.328571428571429,0.178947368421053,0.119904076738609,0.251572327044025,0.236842105263158,0.227272727272727,0.365853658536585,0.266666666666667,0.133333333333333,0,
0.347826086956522,0.269230769230769,0.25,0.14410480349345,0.120879120879121,0.0943396226415094,0.065359477124183,0.8,0,0.314285714285714,0.0842105263157895,0.0491606714628297,0.257861635220126,0.0526315789473684,0.318181818181818,0.0975609756097561,0.766666666666667,0.833333333333333,0,
0.41304347826087,0.269230769230769,0.583333333333333,0.25764192139738,0.175824175824176,0.132075471698113,0.222222222222222,0.542857142857143,0.166666666666667,0.314285714285714,0.184210526315789,0.161870503597122,0.176100628930818,0.0657894736842105,0.409090909090909,0,0.766666666666667,0.833333333333333,0,
0.434782608695652,0.307692307692308,0.583333333333333,0.240174672489083,0.175824175824176,0.132075471698113,0.209150326797386,0.571428571428571,0.166666666666667,0.357142857142857,0.157894736842105,0.149880095923261,0.113207547169811,0.0526315789473684,0.272727272727273,0.24390243902439,0.766666666666667,0.866666666666667,0,
0.260869565217391,0.230769230769231,0.388888888888889,0.0655021834061135,0.0549450549450549,0.0566037735849057,0.104575163398693,0.771428571428571,0.0833333333333333,0.242857142857143,0.0947368421052632,0.0683453237410072,0.207547169811321,0.210526315789474,0.363636363636364,0.195121951219512,0.2,0.2,0,
0.347826086956522,0.346153846153846,0.625,0.174672489082969,0.120879120879121,0.150943396226415,0.261437908496732,0.514285714285714,0.166666666666667,0.371428571428571,0.226315789473684,0.193045563549161,0.327044025157233,0.171052631578947,0.363636363636364,0.317073170731707,0.366666666666667,0.533333333333333,0,
0.347826086956522,0.5,0.472222222222222,0.135371179039301,0.131868131868132,0.132075471698113,0.294117647058824,0.514285714285714,0.25,0.571428571428571,0.210526315789474,0.206235011990408,0.427672955974843,0.263157894736842,0.545454545454545,0.0731707317073171,0.266666666666667,0.333333333333333,0,
0.5,0.230769230769231,0.513888888888889,0.244541484716157,0.164835164835165,0.113207547169811,0.183006535947712,0.6,0.0833333333333333,0.457142857142857,0.163157894736842,0.13189448441247,0.0943396226415094,0.0394736842105263,0.681818181818182,0.0731707317073171,0.833333333333333,0.9,0,
0.41304347826087,0.384615384615385,0.416666666666667,0.0873362445414847,0.0549450549450549,0.0754716981132075,0.176470588235294,0.657142857142857,0.0833333333333333,0.371428571428571,0.178947368421053,0.117505995203837,0.39622641509434,0.263157894736842,0.181818181818182,0.390243902439024,0.233333333333333,0.133333333333333,0,
0.347826086956522,0.153846153846154,0.152777777777778,0.0305676855895196,0.0769230769230769,0.0566037735849057,0.0522875816993464,0.857142857142857,0,0.128571428571429,0.0421052631578947,0.0347721822541966,0.238993710691824,0.302631578947368,0.318181818181818,0.0975609756097561,0.166666666666667,0.0666666666666667,0,
0.347826086956522,0.0769230769230769,0.416666666666667,0.148471615720524,0.120879120879121,0.0943396226415094,0.0915032679738562,0.771428571428571,0,0.142857142857143,0.0894736842105263,0.0635491606714628,0.0188679245283019,0.0657894736842105,0.181818181818182,0.463414634146341,0.766666666666667,0.866666666666667,0,
0.369565217391304,0.115384615384615,0.625,0.349344978165939,0.186813186813187,0.0754716981132075,0.313725490196078,0.428571428571429,0.25,0.1,0.3,0.241007194244604,0.188679245283019,0.0921052631578947,0.409090909090909,0.75609756097561,0.633333333333333,0.733333333333333,1,
0.543478260869565,0.192307692307692,0.527777777777778,0.379912663755459,0.197802197802198,0.113207547169811,0.372549019607843,0.371428571428571,0.25,0.257142857142857,0.352631578947368,0.294964028776978,0.20125786163522,0.105263157894737,0.409090909090909,0.48780487804878,0.533333333333333,0.6,1,
0.456521739130435,0.5,0.513888888888889,0.283842794759825,0.142857142857143,0.113207547169811,0.300653594771242,0.457142857142857,0.25,0.428571428571429,0.268421052631579,0.226618705035971,0.452830188679245,0.105263157894737,0.545454545454545,0.0487804878048781,0.566666666666667,0.6,1,
0.717391304347826,0.807692307692308,0.847222222222222,0.51528384279476,0.21978021978022,0.188679245283019,0.718954248366013,0.114285714285714,0.666666666666667,0.785714285714286,0.515789473684211,0.643884892086331,0.572327044025157,0.144736842105263,0.136363636363636,0.0975609756097561,0.366666666666667,0.666666666666667,1,
0.41304347826087,0.115384615384615,0.527777777777778,0.266375545851528,0.10989010989011,0.113207547169811,0.26797385620915,0.485714285714286,0.166666666666667,0.142857142857143,0.205263157894737,0.197841726618705,0.0943396226415094,0.0131578947368421,0.181818181818182,0.463414634146341,0.9,1,1,
0.717391304347826,0.615384615384615,0.916666666666667,0.467248908296943,0.186813186813187,0.132075471698113,0.627450980392157,0.171428571428571,0.583333333333333,0.571428571428571,0.494736842105263,0.552757793764988,0.471698113207547,0.118421052631579,0.0454545454545455,0.585365853658537,0.466666666666667,0.7,1,
0.282608695652174,0.115384615384615,0.513888888888889,0.266375545851528,0.142857142857143,0.0943396226415094,0.248366013071895,0.542857142857143,0.166666666666667,0.142857142857143,0.231578947368421,0.176258992805755,0.138364779874214,0.0921052631578947,0,0.780487804878049,0.666666666666667,0.733333333333333,1,
0.456521739130435,0.384615384615385,0.402777777777778,0.248908296943231,0.131868131868132,0.0943396226415094,0.261437908496732,0.485714285714286,0.166666666666667,0.357142857142857,0.236842105263158,0.197841726618705,0.490566037735849,0.105263157894737,0.545454545454545,0.268292682926829,0.566666666666667,0.566666666666667,1,
0.804347826086957,0.769230769230769,0.888888888888889,0.519650655021834,0.208791208791209,0.150943396226415,0.647058823529412,0.171428571428571,0.583333333333333,0.657142857142857,0.489473684210526,0.569544364508393,0.635220125786163,0.105263157894737,0.227272727272727,0.390243902439024,0.466666666666667,0.733333333333333,1,
0.608695652173913,0.692307692307692,1,0.423580786026201,0.131868131868132,0.169811320754717,0.666666666666667,0.171428571428571,0.583333333333333,0.628571428571429,0.489473684210526,0.579136690647482,0.534591194968553,0.0789473684210526,0,0.878048780487805,0.466666666666667,0.833333333333333,1,
0.391304347826087,0.461538461538462,0.541666666666667,0.314410480349345,0.131868131868132,0.132075471698113,0.333333333333333,0.4,0.25,0.428571428571429,0.284210526315789,0.26378896882494,0.440251572327044,0.0394736842105263,0,0.24390243902439,0.766666666666667,0.9,1,
0.391304347826087,0.115384615384615,0.444444444444444,0.253275109170306,0.142857142857143,0.113207547169811,0.248366013071895,0.514285714285714,0.166666666666667,0.214285714285714,0.189473684210526,0.179856115107914,0.0754716981132075,0.0526315789473684,0.0909090909090909,0.536585365853659,0.666666666666667,0.8,1,
0.326086956521739,0.576923076923077,0.694444444444444,0.323144104803493,0.142857142857143,0.113207547169811,0.411764705882353,0.342857142857143,0.333333333333333,0.485714285714286,0.368421052631579,0.330935251798561,0.559748427672956,0.118421052631579,0.590909090909091,0.390243902439024,0.533333333333333,0.6,1,
0.369565217391304,0.0384615384615385,0.361111111111111,0.235807860262009,0.131868131868132,0.0943396226415094,0.183006535947712,0.6,0.0833333333333333,0.0857142857142857,0.184210526315789,0.136690647482014,0.050314465408805,0.0263157894736842,0.0454545454545455,0.0731707317073171,0.833333333333333,0.866666666666667,1,
0.804347826086957,0.807692307692308,0.861111111111111,0.423580786026201,0.186813186813187,0.169811320754717,0.660130718954248,0.142857142857143,0.583333333333333,0.757142857142857,0.484210526315789,0.581534772182254,0.70440251572327,0.184210526315789,0.772727272727273,0.390243902439024,0.4,0.566666666666667,1,
0.347826086956522,0.192307692307692,0.583333333333333,0.22707423580786,0.131868131868132,0.113207547169811,0.26797385620915,0.485714285714286,0.166666666666667,0.157142857142857,0.257894736842105,0.200239808153477,0.176100628930818,0.144736842105263,0.0454545454545455,0.024390243902439,0.366666666666667,0.366666666666667,1,
0.782608695652174,0.807692307692308,0.875,0.441048034934498,0.175824175824176,0.169811320754717,0.718954248366013,0.114285714285714,0.666666666666667,0.814285714285714,0.521052631578947,0.642685851318945,0.654088050314465,0.157894736842105,0.272727272727273,0.341463414634146,0.366666666666667,0.633333333333333,1,
0.130434782608696,0.192307692307692,0.208333333333333,0.0698689956331878,0.0879120879120879,0.0566037735849057,0.196078431372549,0.628571428571429,0.166666666666667,0.142857142857143,0.121052631578947,0.133093525179856,0.226415094339623,0.289473684210526,0.181818181818182,0.0487804878048781,0.133333333333333,0.0666666666666667,1,
0.652173913043478,0.692307692307692,0.902777777777778,0.305676855895197,0.0989010989010989,0.169811320754717,0.640522875816993,0.171428571428571,0.583333333333333,0.642857142857143,0.484210526315789,0.558752997601918,0.710691823899371,0.184210526315789,0.363636363636364,0.219512195121951,0.366666666666667,0.5,1,
0.326086956521739,0.153846153846154,0.236111111111111,0.122270742358079,0.164835164835165,0.0754716981132075,0.150326797385621,0.685714285714286,0.0833333333333333,0.1,0.110526315789474,0.0971223021582734,0.220125786163522,0.315789473684211,0.727272727272727,0.390243902439024,0.133333333333333,0.1,1,
0.391304347826087,0.230769230769231,0.666666666666667,0.37117903930131,0.175824175824176,0.132075471698113,0.411764705882353,0.342857142857143,0.333333333333333,0.2,0.352631578947368,0.327338129496403,0.29559748427673,0.131578947368421,0,0.560975609756098,0.5,0.566666666666667,1,
0.782608695652174,0.538461538461538,0.777777777777778,0.445414847161572,0.186813186813187,0.132075471698113,0.562091503267974,0.2,0.5,0.457142857142857,0.468421052631579,0.482014388489209,0.515723270440252,0.144736842105263,0.181818181818182,0.317073170731707,0.466666666666667,0.566666666666667,1,
0.608695652173913,0.884615384615385,0.888888888888889,0.353711790393013,0.0659340659340659,0.0754716981132075,0.947712418300654,0,0.916666666666667,0.714285714285714,0.763157894736842,0.925659472422062,0.761006289308176,0.315789473684211,0.227272727272727,0.634146341463415,0.133333333333333,0.1,2,
0.304347826086957,0.5,0.430555555555556,0.240174672489083,0.208791208791209,0.0754716981132075,0.254901960784314,0.514285714285714,0.166666666666667,0.4,0.236842105263158,0.190647482014389,0.50314465408805,0.184210526315789,0.0909090909090909,0,0.333333333333333,0.3,2,
0.478260869565217,0.538461538461538,0.458333333333333,0.397379912663755,0.252747252747253,0.0943396226415094,0.359477124183007,0.342857142857143,0.25,0.485714285714286,0.284210526315789,0.294964028776978,0.477987421383648,0.131578947368421,0.409090909090909,0.463414634146341,0.8,0.833333333333333,2,
0.456521739130435,0.615384615384615,0.541666666666667,0.432314410480349,0.263736263736264,0.0566037735849057,0.405228758169935,0.314285714285714,0.333333333333333,0.514285714285714,0.347368421052632,0.336930455635492,0.610062893081761,0.157894736842105,0.272727272727273,0.0487804878048781,0.7,0.6,2,
0.260869565217391,0.384615384615385,0.402777777777778,0.161572052401747,0.164835164835165,0.0943396226415094,0.261437908496732,0.514285714285714,0.166666666666667,0.385714285714286,0.252631578947368,0.188249400479616,0.440251572327044,0.328947368421053,0.0454545454545455,0.0975609756097561,0.166666666666667,0.1,2,
0.630434782608696,0.807692307692308,0.805555555555556,0.423580786026201,0.153846153846154,0.0754716981132075,0.738562091503268,0.0857142857142857,0.666666666666667,0.671428571428571,0.610526315789474,0.697841726618705,0.767295597484277,0.263157894736842,0.409090909090909,0.341463414634146,0.4,0.2,2,
0.58695652173913,0.692307692307692,0.680555555555556,0.414847161572052,0.197802197802198,0.0754716981132075,0.581699346405229,0.171428571428571,0.5,0.585714285714286,0.468421052631579,0.525179856115108,0.60377358490566,0.197368421052632,0.272727272727273,0.170731707317073,0.566666666666667,0.4,2,
0.58695652173913,0.653846153846154,0.569444444444444,0.406113537117904,0.21978021978022,0.0754716981132075,0.483660130718954,0.228571428571429,0.416666666666667,0.571428571428571,0.4,0.416067146282974,0.559748427672956,0.197368421052632,0.272727272727273,0.024390243902439,0.7,0.566666666666667,2,
0.326086956521739,0.269230769230769,0.458333333333333,0.301310043668122,0.230769230769231,0.0943396226415094,0.248366013071895,0.514285714285714,0.166666666666667,0.271428571428571,0.231578947368421,0.188249400479616,0.264150943396226,0.131578947368421,0.0909090909090909,0.48780487804878,0.666666666666667,0.633333333333333,2,
0.304347826086957,0.230769230769231,0.416666666666667,0.192139737991266,0.153846153846154,0.0943396226415094,0.202614379084967,0.571428571428571,0.0833333333333333,0.257142857142857,0.178947368421053,0.147482014388489,0.20125786163522,0.131578947368421,0.0454545454545455,0.0487804878048781,0.533333333333333,0.6,2,
0.5,0.538461538461538,0.513888888888889,0.436681222707424,0.274725274725275,0.0754716981132075,0.359477124183007,0.342857142857143,0.25,0.457142857142857,0.305263157894737,0.293764988009592,0.459119496855346,0.131578947368421,0.272727272727273,0.390243902439024,0.766666666666667,0.733333333333333,2,
0.391304347826087,0.5,0.486111111111111,0.353711790393013,0.307692307692308,0.0943396226415094,0.274509803921569,0.457142857142857,0.166666666666667,0.414285714285714,0.252631578947368,0.213429256594724,0.522012578616352,0.171052631578947,0.363636363636364,0.195121951219512,0.533333333333333,0.6,2,
0.173913043478261,0.384615384615385,0.388888888888889,0.152838427947598,0.164835164835165,0.0943396226415094,0.241830065359477,0.571428571428571,0.166666666666667,0.385714285714286,0.221052631578947,0.166666666666667,0.389937106918239,0.315789473684211,0.0454545454545455,0.341463414634146,0.133333333333333,0.1,2,
0.456521739130435,0.423076923076923,0.611111111111111,0.489082969432314,0.296703296703297,0.0754716981132075,0.470588235294118,0.257142857142857,0.416666666666667,0.385714285714286,0.410526315789474,0.408872901678657,0.283018867924528,0.184210526315789,0.181818181818182,0.536585365853659,0.666666666666667,0.533333333333333,2,
0.391304347826087,0.269230769230769,0.5,0.292576419213974,0.21978021978022,0.0943396226415094,0.241830065359477,0.514285714285714,0.166666666666667,0.242857142857143,0.205263157894737,0.177458033573141,0.220125786163522,0.118421052631579,0.181818181818182,0.414634146341463,0.533333333333333,0.633333333333333,2,
0.282608695652174,0.346153846153846,0.347222222222222,0.091703056768559,0.0769230769230769,0.0943396226415094,0.248366013071895,0.542857142857143,0.166666666666667,0.314285714285714,0.215789473684211,0.171462829736211,0.39622641509434,0.342105263157895,0.0909090909090909,0.195121951219512,0.133333333333333,0.0333333333333333,2,
0.173913043478261,0.461538461538462,0.388888888888889,0.218340611353712,0.241758241758242,0.377358490566038,0.254901960784314,0.542857142857143,0.166666666666667,0.414285714285714,0.294736842105263,0.1810551558753,0.484276729559748,0.381578947368421,0.0454545454545455,0.24390243902439,0.133333333333333,0.133333333333333,2,
0.347826086956522,0.346153846153846,0.416666666666667,0.192139737991266,0.164835164835165,0.0943396226415094,0.228758169934641,0.542857142857143,0.166666666666667,0.357142857142857,0.242105263157895,0.166666666666667,0.276729559748428,0.223684210526316,0.0909090909090909,0.146341463414634,0.333333333333333,0.266666666666667,2,
0.282608695652174,0.423076923076923,0.347222222222222,0.109170305676856,0.0989010989010989,0.0754716981132075,0.261437908496732,0.542857142857143,0.166666666666667,0.457142857142857,0.2,0.176258992805755,0.427672955974843,0.315789473684211,0.181818181818182,0.317073170731707,0.0666666666666667,0.0666666666666667,2,
0.630434782608696,0.461538461538462,0.597222222222222,0.410480349344978,0.197802197802198,0.0566037735849057,0.535947712418301,0.2,0.416666666666667,0.4,0.5,0.470023980815348,0.364779874213836,0.263157894736842,0,0.658536585365854,0.566666666666667,0.333333333333333,2,
0.434782608695652,0.461538461538462,0.638888888888889,0.423580786026201,0.241758241758242,0.0943396226415094,0.470588235294118,0.257142857142857,0.416666666666667,0.385714285714286,0.384210526315789,0.406474820143885,0.465408805031447,0.171052631578947,0,0.0975609756097561,0.6,0.533333333333333,2,
0.217391304347826,0.423076923076923,0.416666666666667,0.270742358078603,0.241758241758242,0.0566037735849057,0.202614379084967,0.571428571428571,0.0833333333333333,0.357142857142857,0.189473684210526,0.146282973621103,0.383647798742138,0.131578947368421,0.318181818181818,0.146341463414634,0.4,0.4,2,
0.347826086956522,0.423076923076923,0.555555555555556,0.379912663755459,0.208791208791209,0.0754716981132075,0.326797385620915,0.4,0.25,0.357142857142857,0.310526315789474,0.254196642685851,0.446540880503145,0.0921052631578947,0.590909090909091,0.268292682926829,0.6,0.6,3,
0.347826086956522,0.115384615384615,0.402777777777778,0.165938864628821,0.10989010989011,0.0943396226415094,0.150326797385621,0.685714285714286,0.0833333333333333,0.114285714285714,0.126315789473684,0.0983213429256595,0.119496855345912,0.0921052631578947,0.136363636363636,0.878048780487805,0.566666666666667,0.733333333333333,3,
0.41304347826087,0.346153846153846,0.402777777777778,0.213973799126638,0.120879120879121,0.113207547169811,0.183006535947712,0.628571428571429,0.0833333333333333,0.285714285714286,0.184210526315789,0.127098321342926,0.264150943396226,0.0657894736842105,0.454545454545455,0.51219512195122,0.766666666666667,0.833333333333333,3,
0.521739130434783,0.153846153846154,0.5,0.283842794759825,0.142857142857143,0.113207547169811,0.320261437908497,0.428571428571429,0.25,0.185714285714286,0.310526315789474,0.248201438848921,0.169811320754717,0.171052631578947,0,0,0.4,0.366666666666667,3,
0.260869565217391,0.153846153846154,0.555555555555556,0.235807860262009,0.131868131868132,0.113207547169811,0.26797385620915,0.514285714285714,0.166666666666667,0.114285714285714,0.257894736842105,0.196642685851319,0.169811320754717,0.131578947368421,0.272727272727273,0.51219512195122,0.5,0.533333333333333,3,
0.391304347826087,0.461538461538462,0.486111111111111,0.218340611353712,0.10989010989011,0.0754716981132075,0.248366013071895,0.514285714285714,0.166666666666667,0.4,0.210526315789474,0.1810551558753,0.446540880503145,0.0921052631578947,0.727272727272727,0.0487804878048781,0.566666666666667,0.566666666666667,3,
0.565217391304348,0.807692307692308,0.833333333333333,0.414847161572052,0.164835164835165,0.132075471698113,0.57516339869281,0.2,0.5,0.685714285714286,0.484210526315789,0.498800959232614,0.830188679245283,0.144736842105263,0.0909090909090909,0.170731707317073,0.433333333333333,0.566666666666667,3,
0.782608695652174,0.615384615384615,0.875,0.358078602620087,0.10989010989011,0.169811320754717,0.61437908496732,0.171428571428571,0.5,0.542857142857143,0.431578947368421,0.534772182254197,0.484276729559748,0.0789473684210526,0.545454545454545,0.51219512195122,0.533333333333333,0.666666666666667,3,
0.565217391304348,0.730769230769231,0.888888888888889,0.318777292576419,0.0879120879120879,0.150943396226415,0.640522875816993,0.171428571428571,0.583333333333333,0.685714285714286,0.468421052631579,0.567146282973621,0.666666666666667,0.184210526315789,0.136363636363636,0.0487804878048781,0.366666666666667,0.433333333333333,3,
0.5,0.807692307692308,0.888888888888889,0.310043668122271,0.120879120879121,0.150943396226415,0.673202614379085,0.142857142857143,0.583333333333333,0.814285714285714,0.478947368421053,0.597122302158273,0.710691823899371,0.210526315789474,0.590909090909091,0.560975609756098,0.333333333333333,0.433333333333333,3,
0.195652173913043,0.269230769230769,0.458333333333333,0.161572052401747,0.10989010989011,0.113207547169811,0.26797385620915,0.514285714285714,0.166666666666667,0.214285714285714,0.226315789473684,0.189448441247002,0.276729559748428,0.210526315789474,0.5,0.219512195121951,0.166666666666667,0.2,3,
0.41304347826087,0.230769230769231,0.708333333333333,0.379912663755459,0.164835164835165,0.113207547169811,0.418300653594771,0.314285714285714,0.333333333333333,0.271428571428571,0.347368421052632,0.338129496402878,0.264150943396226,0.105263157894737,0.136363636363636,0.560975609756098,0.533333333333333,0.633333333333333,3,
0.739130434782609,0.769230769230769,0.875,0.510917030567686,0.208791208791209,0.169811320754717,0.633986928104575,0.171428571428571,0.583333333333333,0.642857142857143,0.484210526315789,0.562350119904077,0.647798742138365,0.0921052631578947,0,0.024390243902439,0.5,0.666666666666667,3,
0.565217391304348,0.923076923076923,0.958333333333333,0.506550218340611,0.208791208791209,0.169811320754717,0.712418300653595,0.114285714285714,0.666666666666667,0.828571428571429,0.547368421052632,0.648681055155875,0.79874213836478,0.144736842105263,0.454545454545455,0.609756097560976,0.4,0.633333333333333,3,
0.521739130434783,0.576923076923077,0.902777777777778,0.471615720524017,0.186813186813187,0.169811320754717,0.581699346405229,0.2,0.5,0.528571428571429,0.431578947368421,0.501199040767386,0.333333333333333,0.0657894736842105,0.0909090909090909,0.170731707317073,0.566666666666667,0.7,3,
0.347826086956522,0.653846153846154,0.597222222222222,0.397379912663755,0.197802197802198,0.0754716981132075,0.431372549019608,0.314285714285714,0.333333333333333,0.542857142857143,0.405263157894737,0.356115107913669,0.635220125786163,0.157894736842105,0.0454545454545455,0.146341463414634,0.433333333333333,0.433333333333333,3,
0.347826086956522,0.115384615384615,0.444444444444444,0.161572052401747,0.0989010989010989,0.0943396226415094,0.169934640522876,0.628571428571429,0.0833333333333333,0.114285714285714,0.173684210526316,0.122302158273381,0.132075471698113,0.171052631578947,0.0454545454545455,0.024390243902439,0.366666666666667,0.366666666666667,3,
0.58695652173913,0.961538461538462,0.958333333333333,0.550218340611354,0.252747252747253,0.169811320754717,0.745098039215686,0.114285714285714,0.666666666666667,0.914285714285714,0.547368421052632,0.6810551558753,0.616352201257862,0.171052631578947,0,0.317073170731707,0.366666666666667,0.566666666666667,3,
0.41304347826087,0.384615384615385,0.402777777777778,0.235807860262009,0.0989010989010989,0.0943396226415094,0.241830065359477,0.514285714285714,0.166666666666667,0.357142857142857,0.210526315789474,0.178657074340528,0.371069182389937,0.0526315789473684,0.636363636363636,0.439024390243902,0.733333333333333,0.733333333333333,3,
0.0652173913043478,0.192307692307692,0.25,0.091703056768559,0.120879120879121,0.0566037735849057,0.137254901960784,0.714285714285714,0.0833333333333333,0.128571428571429,0.115789473684211,0.0899280575539568,0.226415094339623,0.368421052631579,0,0.51219512195122,0.0333333333333333,0.1,3,
0.543478260869565,0.461538461538462,0.5,0.270742358078603,0.142857142857143,0.0943396226415094,0.294117647058824,0.457142857142857,0.25,0.428571428571429,0.284210526315789,0.224220623501199,0.484276729559748,0.131578947368421,0.590909090909091,0.24390243902439,0.466666666666667,0.5,3,
