85,18,4,
0.326086956521739,0.423076923076923,0.611111111111111,0.135371179039301,0.0879120879120879,0.188679245283019,0.281045751633987,0.514285714285714,0.25,0.571428571428571,0.242105263157895,0.200239808153477,0.345911949685535,0.210526315789474,0.318181818181818,0.268292682926829,0.233333333333333,0.466666666666667,0,
0.543478260869565,0.423076923076923,0.666666666666667,0.314410480349345,0.21978021978022,0.150943396226415,0.300653594771242,0.485714285714286,0.25,0.442857142857143,0.226315789473684,0.219424460431655,0.283018867924528,0.0921052631578947,0.636363636363636,0.219512195121951,0.6,0.7,0,
0.543478260869565,0.230769230769231,0.388888888888889,0.074235807860262,0.021978021978022,0.0943396226415094,0.143790849673203,0.714285714285714,0.0833333333333333,0.342857142857143,0.178947368421053,0.092326139088729,0.157232704402516,0.210526315789474,0.181818181818182,0.024390243902439,0.333333333333333,0.166666666666667,0,
0.282608695652174,0.230769230769231,0.25,0.091703056768559,0.0879120879120879,0.0566037735849057,0.0326797385620915,0.885714285714286,0,0.228571428571429,0.0526315789473684,0.0239808153477218,0.245283018867925,0.131578947368421,0.318181818181818,0.146341463414634,0.466666666666667,0.433333333333333,0,
0.391304347826087,0.346153846153846,0.361111111111111,0.165938864628821,0.120879120879121,0.132075471698113,0.143790849673203,0.685714285714286,0.0833333333333333,0.342857142857143,0.173684210526316,0.100719424460432,0.345911949685535,0.131578947368421,0.272727272727273,0.121951219512195,0.5,0.533333333333333,0,
0.41304347826087,0.269230769230769,0.361111111111111,0.0305676855895196,0.010989010989011,0.0943396226415094,0.176470588235294,0.685714285714286,0.166666666666667,0.314285714285714,0.152631578947368,0.111510791366906,0.245283018867925,0.342105263157895,0.545454545454545,0.463414634146341,0.2,0.0666666666666667,0,
0.282608695652174,0.269230769230769,0.361111111111111,0.152838427947598,0.131868131868132,0.0943396226415094,0.065359477124183,0.8,0,0.3,0.0789473684210526,0.0491606714628297,0.213836477987421,0.0526315789473684,0.318181818181818,0.268292682926829,0.866666666666667,0.9,0,
0.369565217391304,0.5,0.486111111111111,0.126637554585153,0.0879120879120879,0.169811320754717,0.313725490196078,0.485714285714286,0.25,0.614285714285714,0.226315789473684,0.221822541966427,0.389937106918239,0.236842105263158,0,0.390243902439024,0.2,0.366666666666667,0,
0.239130434782609,0.153846153846154,0.416666666666667,0.200873362445415,0.153846153846154,0.0943396226415094,0.163398692810458,0.657142857142857,0.0833333333333333,0.314285714285714,0.136842105263158,0.112709832134293,0.0754716981132075,0.0657894736842105,0,0.560975609756098,0.666666666666667,0.8,0,
0.260869565217391,0.0769230769230769,0.0972222222222222,0.0262008733624454,0.0879120879120879,0.0188679245283019,0.0326797385620915,0.885714285714286,0,0.0571428571428571,0.0315789473684211,0.0227817745803357,0.188679245283019,0.394736842105263,0.227272727272727,0.219512195121951,0.133333333333333,0.1,0,
0.347826086956522,0.423076923076923,0.416666666666667,0.14410480349345,0.120879120879121,0.0754716981132075,0.156862745098039,0.657142857142857,0.0833333333333333,0.4,0.2,0.106714628297362,0.358490566037736,0.25,0.454545454545455,0.0731707317073171,0.333333333333333,0.2,0,
0.391304347826087,0.346153846153846,0.555555555555556,0.253275109170306,0.208791208791209,0.113207547169811,0.235294117647059,0.514285714285714,0.166666666666667,0.385714285714286,0.215789473684211,0.176258992805755,0.238993710691824,0.144736842105263,0.136363636363636,0.121951219512195,0.433333333333333,0.6,0,
0.456521739130435,0.346153846153846,0.388888888888889,0.200873362445415,0.186813186813187,0.0943396226415094,0.104575163398693,0.742857142857143,0.0833333333333333,0.357142857142857,0.126315789473684,0.0743405275779376,0.314465408805031,0.131578947368421,0.636363636363636,0.121951219512195,0.533333333333333,0.5,0,
0.456521739130435,0.115384615384615,0.361111111111111,0.205240174672489,0.153846153846154,0.113207547169811,0.137254901960784,0.685714285714286,0.0833333333333333,0.242857142857143,0.126315789473684,0.0971223021582734,0.0628930817610063,0.0394736842105263,0.409090909090909,0.0731707317073171,0.833333333333333,0.9,0,
0.347826086956522,0.538461538461538,0.569444444444444,0.187772925764192,0.186813186813187,0.169811320754717,0.287581699346405,0.514285714285714,0.25,0.642857142857143,0.210526315789474,0.201438848920863,0.49685534591195,0.223684210526316,0.272727272727273,0.317073170731707,0.266666666666667,0.4,0,
0.391304347826087,0.115384615384615,0.277777777777778,0.0960698689956332,0.0989010989010989,0.0754716981132075,0.0457516339869281,0.857142857142857,0,0.171428571428571,0.0473684210526316,0.0323741007194245,0.0566037735849057,0.105263157894737,0.272727272727273,0.341463414634146,0.533333333333333,0.566666666666667,0,
0.304347826086957,0.346153846153846,0.333333333333333,0.200873362445415,0.186813186813187,0.150943396226415,0.137254901960784,0.685714285714286,0.0833333333333333,0.328571428571429,0.142105263157895,0.0971223021582734,0.314465408805031,0.105263157894737,0.318181818181818,0,0.566666666666667,0.666666666666667,0,
0.391304347826087,0.423076923076923,0.361111111111111,0.205240174672489,0.175824175824176,0.0943396226415094,0.163398692810458,0.628571428571429,0.0833333333333333,0.4,0.189473684210526,0.115107913669065,0.364779874213836,0.171052631578947,0.0454545454545455,0.219512195121951,0.4,0.433333333333333,0,
0.391304347826087,0.307692307692308,0.361111111111111,0.117903930131004,0.0989010989010989,0.132075471698113,0.0915032679738562,0.771428571428571,0.0833333333333333,0.371428571428571,0.152631578947368,0.0635491606714628,0.289308176100629,0.171052631578947,0.136363636363636,0.24390243902439,0.5,0.433333333333333,0,
0.347826086956522,0.269230769230769,0.277777777777778,0.117903930131004,0.0989010989010989,0.0754716981132075,0.0392156862745098,0.857142857142857,0,0.271428571428571,0.068421052631579,0.0299760191846523,0.276729559748428,0.0789473684210526,0.454545454545455,0.195121951219512,0.566666666666667,0.6,0,
0.434782608695652,0.230769230769231,0.319444444444444,0.183406113537118,0.120879120879121,0.0943396226415094,0.104575163398693,0.742857142857143,0.0833333333333333,0.228571428571429,0.1,0.0743405275779376,0.308176100628931,0.0526315789473684,0.409090909090909,0.170731707317073,0.733333333333333,0.766666666666667,1,
0.652173913043478,0.769230769230769,0.916666666666667,0.296943231441048,0.0879120879120879,0.150943396226415,0.65359477124183,0.171428571428571,0.583333333333333,0.714285714285714,0.473684210526316,0.570743405275779,0.716981132075472,0.184210526315789,0.727272727272727,0.585365853658537,0.366666666666667,0.533333333333333,1,
0.347826086956522,0.153846153846154,0.194444444444444,0.0655021834061135,0.0659340659340659,0.0566037735849057,0.143790849673203,0.685714285714286,0.0833333333333333,0.128571428571429,0.110526315789474,0.0983213429256595,0.232704402515723,0.263157894736842,0.727272727272727,0.341463414634146,0.266666666666667,0.133333333333333,1,
0.369565217391304,0.115384615384615,0.472222222222222,0.292576419213974,0.142857142857143,0.113207547169811,0.294117647058824,0.457142857142857,0.166666666666667,0.142857142857143,0.247368421052632,0.219424460431655,0.0880503144654088,0.0263157894736842,0.272727272727273,0.51219512195122,0.7,0.766666666666667,1,
0.260869565217391,0.269230769230769,0.444444444444444,0.152838427947598,0.131868131868132,0.0566037735849057,0.130718954248366,0.685714285714286,0.0833333333333333,0.242857142857143,0.152631578947368,0.0911270983213429,0.257861635220126,0.118421052631579,0.136363636363636,0.219512195121951,0.5,0.466666666666667,1,
0.434782608695652,0.230769230769231,0.652777777777778,0.344978165938865,0.186813186813187,0.113207547169811,0.372549019607843,0.4,0.25,0.228571428571429,0.368421052631579,0.28537170263789,0.251572327044025,0.171052631578947,0.318181818181818,0.609756097560976,0.4,0.466666666666667,1,
0.58695652173913,0.5,0.888888888888889,0.349344978165939,0.142857142857143,0.132075471698113,0.555555555555556,0.228571428571429,0.5,0.414285714285714,0.484210526315789,0.47242206235012,0.559748427672956,0.184210526315789,0.590909090909091,0.317073170731707,0.433333333333333,0.533333333333333,1,
0.760869565217391,0.769230769230769,0.875,0.427947598253275,0.186813186813187,0.150943396226415,0.705882352941177,0.114285714285714,0.666666666666667,0.714285714285714,0.494736842105263,0.63189448441247,0.660377358490566,0.184210526315789,0.5,0.24390243902439,0.4,0.6,1,
0.760869565217391,0.692307692307692,0.833333333333333,0.445414847161572,0.175824175824176,0.150943396226415,0.549019607843137,0.228571428571429,0.5,0.585714285714286,0.442105263157895,0.470023980815348,0.578616352201258,0.0789473684210526,0.318181818181818,0.390243902439024,0.6,0.8,1,
0.434782608695652,0.423076923076923,0.805555555555556,0.406113537117904,0.164835164835165,0.169811320754717,0.464052287581699,0.285714285714286,0.416666666666667,0.4,0.378947368421053,0.384892086330935,0.270440251572327,0.0657894736842105,0.181818181818182,0.341463414634146,0.633333333333333,0.766666666666667,1,
0.108695652173913,0.192307692307692,0.319444444444444,0.0480349344978166,0.043956043956044,0.0754716981132075,0.196078431372549,0.6,0.166666666666667,0.171428571428571,0.168421052631579,0.1378896882494,0.232704402515723,0.236842105263158,0.0909090909090909,0.0975609756097561,0.166666666666667,0.133333333333333,1,
0.717391304347826,0.769230769230769,0.805555555555556,0.314410480349345,0.0769230769230769,0.150943396226415,0.679738562091503,0.142857142857143,0.583333333333333,0.757142857142857,0.552631578947368,0.607913669064748,0.685534591194969,0.197368421052632,0.0454545454545455,0.219512195121951,0.366666666666667,0.533333333333333,1,
0.608695652173913,0.692307692307692,0.805555555555556,0.393013100436681,0.142857142857143,0.150943396226415,0.542483660130719,0.228571428571429,0.416666666666667,0.614285714285714,0.468421052631579,0.465227817745803,0.691823899371069,0.105263157894737,0,0.24390243902439,0.533333333333333,0.666666666666667,1,
0.260869565217391,0.269230769230769,0.361111111111111,0.139737991266376,0.120879120879121,0.0754716981132075,0.196078431372549,0.628571428571429,0.166666666666667,0.271428571428571,0.178947368421053,0.133093525179856,0.345911949685535,0.236842105263158,0.0909090909090909,0.536585365853659,0.2,0.166666666666667,1,
0.478260869565217,0.153846153846154,0.430555555555556,0.292576419213974,0.153846153846154,0.132075471698113,0.294117647058824,0.485714285714286,0.25,0.228571428571429,0.252631578947368,0.217026378896883,0.10062893081761,0.0526315789473684,0.227272727272727,0.975609756097561,0.666666666666667,0.9,1,
0.347826086956522,0.384615384615385,0.513888888888889,0.187772925764192,0.0769230769230769,0.113207547169811,0.209150326797386,0.571428571428571,0.166666666666667,0.4,0.173684210526316,0.148681055155875,0.408805031446541,0.0657894736842105,0.590909090909091,0.121951219512195,0.6,0.666666666666667,1,
0.695652173913043,0.692307692307692,0.944444444444444,0.423580786026201,0.164835164835165,0.169811320754717,0.705882352941177,0.114285714285714,0.666666666666667,0.642857142857143,0.536842105263158,0.63189448441247,0.584905660377358,0.171052631578947,0.545454545454545,0.390243902439024,0.433333333333333,0.633333333333333,1,
0.782608695652174,0.615384615384615,0.958333333333333,0.388646288209607,0.131868131868132,0.150943396226415,0.620915032679739,0.171428571428571,0.583333333333333,0.542857142857143,0.5,0.540767386091127,0.654088050314465,0.144736842105263,0.590909090909091,0.75609756097561,0.5,0.7,1,
0.326086956521739,0.461538461538462,0.583333333333333,0.222707423580786,0.0989010989010989,0.113207547169811,0.274509803921569,0.485714285714286,0.166666666666667,0.442857142857143,0.263157894736842,0.207434052757794,0.383647798742138,0.131578947368421,0.136363636363636,0,0.4,0.4,1,
0.826086956521739,0.769230769230769,0.944444444444444,0.467248908296943,0.153846153846154,0.169811320754717,0.620915032679739,0.171428571428571,0.5,0.7,0.457894736842105,0.541966426858513,0.672955974842767,0.0657894736842105,0.954545454545455,0.0487804878048781,0.666666666666667,0.8,1,
0.760869565217391,0.884615384615385,0.875,0.567685589519651,0.285714285714286,0.150943396226415,0.712418300653595,0.114285714285714,0.666666666666667,0.8,0.536842105263158,0.640287769784173,0.660377358490566,0.184210526315789,0.363636363636364,0.0731707317073171,0.366666666666667,0.533333333333333,1,
0.391304347826087,0.269230769230769,0.805555555555556,0.384279475982533,0.186813186813187,0.132075471698113,0.42483660130719,0.342857142857143,0.333333333333333,0.242857142857143,0.336842105263158,0.336930455635492,0.352201257861635,0.0921052631578947,0.409090909090909,0.853658536585366,0.633333333333333,0.8,1,
0.58695652173913,0.115384615384615,0.458333333333333,0.414847161572052,0.285714285714286,0.0754716981132075,0.326797385620915,0.4,0.25,0.128571428571429,0.310526315789474,0.260191846522782,0.10062893081761,0.171052631578947,0.272727272727273,0.463414634146341,0.8,0.766666666666667,2,
0.347826086956522,0.423076923076923,0.388888888888889,0.0393013100436681,0.032967032967033,0.0943396226415094,0.248366013071895,0.542857142857143,0.166666666666667,0.414285714285714,0.215789473684211,0.172661870503597,0.50314465408805,0.381578947368421,0.272727272727273,0.121951219512195,0.1,0.0333333333333333,2,
0.782608695652174,0.846153846153846,0.777777777777778,0.379912663755459,0.10989010989011,0.0754716981132075,0.843137254901961,0.0571428571428571,0.75,0.742857142857143,0.721052631578947,0.806954436450839,0.836477987421384,0.342105263157895,0.363636363636364,0.219512195121951,0.266666666666667,0.1,2,
0.760869565217391,0.884615384615385,0.861111111111111,0.620087336244541,0.307692307692308,0.0754716981132075,0.830065359477124,0.0571428571428571,0.75,0.7,0.705263157894737,0.804556354916067,0.748427672955975,0.302631578947368,0.409090909090909,0.317073170731707,0.333333333333333,0.133333333333333,2,
0.739130434782609,0.846153846153846,0.875,0.275109170305677,0.021978021978022,0.0943396226415094,0.915032679738562,0.0285714285714286,0.916666666666667,0.771428571428571,0.731578947368421,0.863309352517986,0.817610062893082,0.315789473684211,0.227272727272727,0.731707317073171,0.1,0.166666666666667,2,
0.543478260869565,0.192307692307692,0.444444444444444,0.384279475982533,0.241758241758242,0.0566037735849057,0.352941176470588,0.342857142857143,0.25,0.185714285714286,0.310526315789474,0.29136690647482,0.182389937106918,0.144736842105263,0.0454545454545455,0.0731707317073171,0.8,0.7,2,
0.195652173913043,0.423076923076923,0.444444444444444,0.139737991266376,0.153846153846154,0.0943396226415094,0.228758169934641,0.571428571428571,0.166666666666667,0.357142857142857,0.226315789473684,0.15947242206235,0.465408805031447,0.289473684210526,0.272727272727273,0.414634146341463,0.166666666666667,0.133333333333333,2,
0.326086956521739,0.230769230769231,0.416666666666667,0.270742358078603,0.208791208791209,0.0943396226415094,0.235294117647059,0.514285714285714,0.166666666666667,0.228571428571429,0.194736842105263,0.177458033573141,0.213836477987421,0.131578947368421,0.227272727272727,0.317073170731707,0.566666666666667,0.666666666666667,2,
0.673913043478261,0.615384615384615,0.680555555555556,0.279475982532751,0.0769230769230769,0.0377358490566038,0.65359477124183,0.142857142857143,0.583333333333333,0.5,0.568421052631579,0.597122302158273,0.559748427672956,0.25,0.0454545454545455,0.560975609756098,0.466666666666667,0.266666666666667,2,
0.369565217391304,0.192307692307692,0.541666666666667,0.353711790393013,0.241758241758242,0.0754716981132075,0.313725490196078,0.4,0.25,0.171428571428571,0.252631578947368,0.250599520383693,0.150943396226415,0.0921052631578947,0.0909090909090909,0.341463414634146,0.733333333333333,0.8,2,
0.695652173913043,0.692307692307692,0.736111111111111,0.244541484716157,0.043956043956044,0.0943396226415094,0.686274509803922,0.114285714285714,0.583333333333333,0.671428571428571,0.578947368421053,0.622302158273381,0.622641509433962,0.289473684210526,0.409090909090909,0.609756097560976,0.4,0.233333333333333,2,
0.608695652173913,0.769230769230769,0.708333333333333,0.393013100436681,0.197802197802198,0.0754716981132075,0.601307189542484,0.171428571428571,0.5,0.614285714285714,0.531578947368421,0.541966426858513,0.660377358490566,0.25,0.227272727272727,0.341463414634146,0.533333333333333,0.366666666666667,2,
0.304347826086957,0.346153846153846,0.416666666666667,0.152838427947598,0.131868131868132,0.0943396226415094,0.241830065359477,0.542857142857143,0.166666666666667,0.342857142857143,0.247368421052632,0.171462829736211,0.29559748427673,0.25,0.272727272727273,0.219512195121951,0.3,0.233333333333333,2,
0.456521739130435,0.461538461538462,0.680555555555556,0.475982532751092,0.263736263736264,0.0566037735849057,0.483660130718954,0.257142857142857,0.416666666666667,0.385714285714286,0.389473684210526,0.418465227817746,0.459119496855346,0.157894736842105,0.181818181818182,0.317073170731707,0.633333333333333,0.566666666666667,2,
0.347826086956522,0.307692307692308,0.5,0.344978165938865,0.285714285714286,0.0943396226415094,0.294117647058824,0.457142857142857,0.166666666666667,0.257142857142857,0.268421052631579,0.226618705035971,0.276729559748428,0.197368421052632,0.363636363636364,0.292682926829268,0.5,0.466666666666667,2,
0.173913043478261,0.346153846153846,0.319444444444444,0.091703056768559,0.0879120879120879,0.113207547169811,0.241830065359477,0.571428571428571,0.166666666666667,0.385714285714286,0.189473684210526,0.163069544364508,0.39622641509434,0.355263157894737,0.318181818181818,0.170731707317073,0.1,0.0333333333333333,2,
0.869565217391304,0.923076923076923,0.958333333333333,0.393013100436681,0.0989010989010989,0.0754716981132075,0.967320261437909,0,0.916666666666667,0.814285714285714,0.831578947368421,0.956834532374101,0.955974842767296,0.342105263157895,0.5,0.51219512195122,0.2,0.0666666666666667,2,
0.282608695652174,0.384615384615385,0.402777777777778,0.0829694323144105,0.0769230769230769,0.0754716981132075,0.248366013071895,0.571428571428571,0.166666666666667,0.371428571428571,0.231578947368421,0.169064748201439,0.427672955974843,0.368421052631579,0.136363636363636,0.170731707317073,0.133333333333333,0.0333333333333333,2,
0.152173913043478,0.423076923076923,0.388888888888889,0.135371179039301,0.131868131868132,0.113207547169811,0.248366013071895,0.542857142857143,0.166666666666667,0.385714285714286,0.210526315789474,0.173860911270983,0.40251572327044,0.276315789473684,0.318181818181818,0.292682926829268,0.133333333333333,0.133333333333333,2,
0.304347826086957,0.423076923076923,0.347222222222222,0.0873362445414847,0.0989010989010989,0.0754716981132075,0.241830065359477,0.571428571428571,0.166666666666667,0.371428571428571,0.210526315789474,0.164268585131894,0.389937106918239,0.368421052631579,0.181818181818182,0.292682926829268,0.1,0.0333333333333333,2,
0.239130434782609,0.461538461538462,0.361111111111111,0.218340611353712,0.197802197802198,0.0754716981132075,0.215686274509804,0.571428571428571,0.166666666666667,0.371428571428571,0.2,0.15347721822542,0.427672955974843,0.184210526315789,0.0909090909090909,0.0731707317073171,0.266666666666667,0.233333333333333,2,
0.217391304347826,0.346153846153846,0.361111111111111,0.22707423580786,0.21978021978022,0.0943396226415094,0.248366013071895,0.542857142857143,0.166666666666667,0.371428571428571,0.231578947368421,0.178657074340528,0.314465408805031,0.25,0.181818181818182,0.0487804878048781,0.2,0.233333333333333,2,
0.521739130434783,0.5,0.75,0.458515283842795,0.21978021978022,0.150943396226415,0.542483660130719,0.228571428571429,0.416666666666667,0.414285714285714,0.494736842105263,0.466426858513189,0.534591194968553,0.144736842105263,0,0.341463414634146,0.4,0.533333333333333,3,
0.391304347826087,0.307692307692308,0.736111111111111,0.406113537117904,0.197802197802198,0.132075471698113,0.464052287581699,0.285714285714286,0.333333333333333,0.271428571428571,0.378947368421053,0.383693045563549,0.276729559748428,0.0921052631578947,0.5,0.585365853658537,0.566666666666667,0.633333333333333,3,
0.456521739130435,0.230769230769231,0.680555555555556,0.393013100436681,0.164835164835165,0.132075471698113,0.392156862745098,0.342857142857143,0.333333333333333,0.242857142857143,0.321052631578947,0.311750599520384,0.0754716981132075,0.0526315789473684,0.181818181818182,0.560975609756098,0.833333333333333,0.933333333333333,3,
0.695652173913043,0.5,0.833333333333333,0.397379912663755,0.153846153846154,0.132075471698113,0.529411764705882,0.228571428571429,0.416666666666667,0.457142857142857,0.405263157894737,0.447242206235012,0.327044025157233,0.0789473684210526,0.227272727272727,0.219512195121951,0.6,0.7,3,
0.630434782608696,0.807692307692308,0.833333333333333,0.25764192139738,0.0659340659340659,0.150943396226415,0.660130718954248,0.142857142857143,0.583333333333333,0.785714285714286,0.468421052631579,0.581534772182254,0.578616352201258,0.223684210526316,0.545454545454545,0.658536585365854,0.366666666666667,0.466666666666667,3,
0.717391304347826,0.730769230769231,0.930555555555556,0.467248908296943,0.164835164835165,0.113207547169811,0.57516339869281,0.2,0.5,0.614285714285714,0.463157894736842,0.501199040767386,0.572327044025157,0.105263157894737,0.409090909090909,0.414634146341463,0.6,0.666666666666667,3,
0.152173913043478,0.115384615384615,0.402777777777778,0.100436681222707,0.0989010989010989,0.0943396226415094,0.104575163398693,0.771428571428571,0.0833333333333333,0.0857142857142857,0.0894736842105263,0.0671462829736211,0.150943396226415,0.144736842105263,0.0909090909090909,0.51219512195122,0.233333333333333,0.333333333333333,3,
0.673913043478261,0.846153846153846,0.902777777777778,0.519650655021834,0.252747252747253,0.150943396226415,0.725490196078431,0.114285714285714,0.666666666666667,0.842857142857143,0.563157894736842,0.663069544364508,0.685534591194969,0.210526315789474,0.636363636363636,0.268292682926829,0.4,0.5,3,
0.347826086956522,0.346153846153846,0.486111111111111,0.157205240174672,0.0879120879120879,0.0754716981132075,0.215686274509804,0.571428571428571,0.166666666666667,0.3,0.210526315789474,0.15347721822542,0.358490566037736,0.157894736842105,0.681818181818182,0.634146341463415,0.5,0.566666666666667,3,
0.260869565217391,0.269230769230769,0.361111111111111,0.074235807860262,0.0549450549450549,0.0377358490566038,0.261437908496732,0.514285714285714,0.166666666666667,0.214285714285714,0.210526315789474,0.18705035971223,0.339622641509434,0.368421052631579,0.590909090909091,0.0731707317073171,0.133333333333333,0.0666666666666667,3,
0.152173913043478,0.153846153846154,0.236111111111111,0.0524017467248908,0.0879120879120879,0.0754716981132075,0.0849673202614379,0.8,0.0833333333333333,0.1,0.0631578947368421,0.0539568345323741,0.144654088050314,0.289473684210526,0.363636363636364,0.121951219512195,0.0666666666666667,0.1,3,
0.5,0.846153846153846,0.805555555555556,0.248908296943231,0.0769230769230769,0.150943396226415,0.673202614379085,0.142857142857143,0.583333333333333,0.814285714285714,0.505263157894737,0.59832134292566,0.70440251572327,0.223684210526316,0.136363636363636,0.146341463414634,0.3,0.4,3,
0.304347826086957,0.423076923076923,0.805555555555556,0.467248908296943,0.252747252747253,0.150943396226415,0.503267973856209,0.257142857142857,0.416666666666667,0.328571428571429,0.442105263157895,0.420863309352518,0.433962264150943,0.157894736842105,0.0909090909090909,0.51219512195122,0.366666666666667,0.433333333333333,3,
0.543478260869565,0.846153846153846,0.847222222222222,0.541484716157205,0.252747252747253,0.132075471698113,0.640522875816993,0.142857142857143,0.583333333333333,0.714285714285714,0.557894736842105,0.571942446043165,0.855345911949686,0.171052631578947,0.0454545454545455,0.146341463414634,0.4,0.533333333333333,3,
0.130434782608696,0.230769230769231,0.444444444444444,0.100436681222707,0.0659340659340659,0.132075471698113,0.196078431372549,0.628571428571429,0.166666666666667,0.242857142857143,0.184210526315789,0.133093525179856,0.220125786163522,0.236842105263158,0.318181818181818,0.51219512195122,0.166666666666667,0.266666666666667,3,
0.652173913043478,0.307692307692308,0.597222222222222,0.393013100436681,0.175824175824176,0.132075471698113,0.411764705882353,0.342857142857143,0.333333333333333,0.342857142857143,0.363157894736842,0.324940047961631,0.182389937106918,0.0789473684210526,0.318181818181818,0.731707317073171,0.7,0.833333333333333,3,
0.673913043478261,0.923076923076923,0.875,0.489082969432314,0.241758241758242,0.169811320754717,0.699346405228758,0.114285714285714,0.666666666666667,0.828571428571429,0.515789473684211,0.628297362110312,0.691823899371069,0.184210526315789,0.181818181818182,0.0731707317073171,0.333333333333333,0.5,3,
0.673913043478261,0.961538461538462,0.875,0.550218340611354,0.241758241758242,0.169811320754717,0.699346405228758,0.114285714285714,0.666666666666667,0.828571428571429,0.531578947368421,0.637889688249401,0.861635220125786,0.157894736842105,0.318181818181818,0.0975609756097561,0.366666666666667,0.5,3,
0.608695652173913,0.576923076923077,0.930555555555556,0.51528384279476,0.230769230769231,0.150943396226415,0.627450980392157,0.171428571428571,0.583333333333333,0.514285714285714,0.536842105263158,0.547961630695444,0.59748427672956,0.144736842105263,0.227272727272727,0.926829268292683,0.466666666666667,0.7,3,
0.739130434782609,0.461538461538462,0.722222222222222,0.406113537117904,0.164835164835165,0.150943396226415,0.496732026143791,0.257142857142857,0.416666666666667,0.428571428571429,0.378947368421053,0.410071942446043,0.314465408805031,0.0657894736842105,0.545454545454545,0.48780487804878,0.633333333333333,0.733333333333333,3,
0.630434782608696,0.692307692307692,0.944444444444444,0.388646288209607,0.10989010989011,0.150943396226415,0.65359477124183,0.142857142857143,0.583333333333333,0.628571428571429,0.468421052631579,0.574340527577938,0.471698113207547,0.0921052631578947,0.318181818181818,0.51219512195122,0.5,0.666666666666667,3,
