85,18,4,
0.217391304347826,0.269230769230769,0.263888888888889,0.0524017467248908,0.0659340659340659,0.0943396226415094,0.130718954248366,0.742857142857143,0.0833333333333333,0.271428571428571,0.0789473684210526,0.079136690647482,0.30188679245283,0.328947368421053,0.545454545454545,0.146341463414634,0.0333333333333333,0.0666666666666667,0,
0.478260869565217,0.307692307692308,0.583333333333333,0.2882096069869,0.197802197802198,0.132075471698113,0.215686274509804,0.571428571428571,0.166666666666667,0.385714285714286,0.173684210526316,0.155875299760192,0.19496855345912,0.0657894736842105,0.181818181818182,0.195121951219512,0.766666666666667,0.866666666666667,0,
0.434782608695652,0.346153846153846,0.416666666666667,0.117903930131004,0.0989010989010989,0.0943396226415094,0.0980392156862745,0.771428571428571,0.0833333333333333,0.385714285714286,0.136842105263158,0.0671462829736211,0.270440251572327,0.197368421052632,0.227272727272727,0.0975609756097561,0.433333333333333,0.3,0,
0.304347826086957,0.153846153846154,0.166666666666667,0.0524017467248908,0.0769230769230769,0.0754716981132075,0.0196078431372549,0.914285714285714,0,0.114285714285714,0.0263157894736842,0.0143884892086331,0.220125786163522,0.197368421052632,0.5,0.536585365853659,0.333333333333333,0.3,0,
0.5,0.423076923076923,0.625,0.270742358078603,0.208791208791209,0.150943396226415,0.281045751633987,0.485714285714286,0.166666666666667,0.457142857142857,0.194736842105263,0.205035971223022,0.314465408805031,0.105263157894737,0.136363636363636,0.24390243902439,0.533333333333333,0.7,0,
0.282608695652174,0.192307692307692,0.25,0.0655021834061135,0.0989010989010989,0.0377358490566038,0.0392156862745098,0.885714285714286,0,0.157142857142857,0.0526315789473684,0.0287769784172662,0.270440251572327,0.25,0.409090909090909,0.0487804878048781,0.266666666666667,0.166666666666667,0,
0.369565217391304,0.384615384615385,0.569444444444444,0.554585152838428,0.54945054945055,0.830188679245283,0.248366013071895,0.542857142857143,0.166666666666667,0.442857142857143,0.368421052631579,0.177458033573141,0.345911949685535,0.421052631578947,0.227272727272727,0.219512195121951,0.333333333333333,0.5,0,
0.369565217391304,0.5,0.458333333333333,0.14410480349345,0.120879120879121,0.169811320754717,0.320261437908497,0.485714285714286,0.25,0.571428571428571,0.210526315789474,0.226618705035971,0.484276729559748,0.223684210526316,0,0.219512195121951,0.2,0.4,0,
0.369565217391304,0.576923076923077,0.569444444444444,0.174672489082969,0.142857142857143,0.132075471698113,0.248366013071895,0.514285714285714,0.166666666666667,0.542857142857143,0.226315789473684,0.178657074340528,0.572327044025157,0.210526315789474,0.0909090909090909,0,0.3,0.466666666666667,0,
0.304347826086957,0.538461538461538,0.569444444444444,0.196506550218341,0.164835164835165,0.132075471698113,0.228758169934641,0.542857142857143,0.166666666666667,0.485714285714286,0.215789473684211,0.169064748201439,0.452830188679245,0.171052631578947,0,0.146341463414634,0.4,0.566666666666667,0,
0.434782608695652,0.576923076923077,0.611111111111111,0.200873362445415,0.175824175824176,0.169811320754717,0.287581699346405,0.514285714285714,0.25,0.671428571428571,0.215789473684211,0.203836930455636,0.49685534591195,0.184210526315789,0.363636363636364,0.365853658536585,0.3,0.466666666666667,0,
0.304347826086957,0.346153846153846,0.333333333333333,0.200873362445415,0.186813186813187,0.150943396226415,0.137254901960784,0.685714285714286,0.0833333333333333,0.342857142857143,0.142105263157895,0.0959232613908873,0.314465408805031,0.105263157894737,0.318181818181818,0.024390243902439,0.566666666666667,0.666666666666667,0,
0.478260869565217,0.346153846153846,0.625,0.305676855895197,0.208791208791209,0.132075471698113,0.26797385620915,0.514285714285714,0.166666666666667,0.371428571428571,0.2,0.195443645083933,0.257861635220126,0.0789473684210526,0.5,0.121951219512195,0.666666666666667,0.766666666666667,0,
0.347826086956522,0.307692307692308,0.611111111111111,0.161572052401747,0.120879120879121,0.132075471698113,0.241830065359477,0.542857142857143,0.166666666666667,0.385714285714286,0.221052631578947,0.175059952038369,0.333333333333333,0.171052631578947,0.181818181818182,0.439024390243902,0.4,0.633333333333333,0,
0.391304347826087,0.384615384615385,0.416666666666667,0.126637554585153,0.0879120879120879,0.113207547169811,0.117647058823529,0.714285714285714,0.0833333333333333,0.4,0.152631578947368,0.0827338129496403,0.29559748427673,0.144736842105263,0.0454545454545455,0.195121951219512,0.466666666666667,0.433333333333333,0,
0.260869565217391,0.153846153846154,0.388888888888889,0.179039301310044,0.142857142857143,0.0754716981132075,0.117647058823529,0.714285714285714,0.0833333333333333,0.171428571428571,0.105263157894737,0.0827338129496403,0.0754716981132075,0.0789473684210526,0.136363636363636,0.341463414634146,0.633333333333333,0.733333333333333,0,
0.456521739130435,0.538461538461538,0.625,1,1,0.886792452830189,0.281045751633987,0.485714285714286,0.166666666666667,0.528571428571429,1,0.203836930455636,0.490566037735849,1,0.545454545454545,0.219512195121951,0.4,0.5,0,
0.41304347826087,0.269230769230769,0.305555555555556,0.174672489082969,0.131868131868132,0.113207547169811,0.0980392156862745,0.742857142857143,0,0.3,0.1,0.0683453237410072,0.257861635220126,0.0394736842105263,0.590909090909091,0.024390243902439,0.933333333333333,0.966666666666667,0,
0.434782608695652,0.269230769230769,0.305555555555556,0.0567685589519651,0.021978021978022,0.0943396226415094,0.124183006535948,0.742857142857143,0.0833333333333333,0.385714285714286,0.157894736842105,0.0779376498800959,0.29559748427673,0.25,0.363636363636364,0.146341463414634,0.266666666666667,0.1,0,
0.478260869565217,0.192307692307692,0.361111111111111,0.0960698689956332,0.0549450549450549,0.113207547169811,0.137254901960784,0.742857142857143,0.0833333333333333,0.314285714285714,0.147368421052632,0.0827338129496403,0.19496855345912,0.25,0.5,0.195121951219512,0.266666666666667,0.0666666666666667,0,
0.608695652173913,0.846153846153846,0.944444444444444,0.541484716157205,0.241758241758242,0.188679245283019,0.673202614379085,0.142857142857143,0.583333333333333,0.714285714285714,0.521052631578947,0.599520383693046,0.660377358490566,0.157894736842105,0.0909090909090909,0.390243902439024,0.4,0.6,1,
0.58695652173913,0.730769230769231,0.888888888888889,0.37117903930131,0.131868131868132,0.150943396226415,0.627450980392157,0.171428571428571,0.583333333333333,0.642857142857143,0.473684210526316,0.54916067146283,0.553459119496855,0.144736842105263,0.0454545454545455,0.536585365853659,0.366666666666667,0.566666666666667,1,
0.673913043478261,0.653846153846154,0.916666666666667,0.458515283842795,0.208791208791209,0.150943396226415,0.620915032679739,0.171428571428571,0.5,0.571428571428571,0.489473684210526,0.540767386091127,0.69811320754717,0.184210526315789,0.636363636363636,0.219512195121951,0.4,0.5,1,
0.739130434782609,0.846153846153846,0.875,0.475982532751092,0.230769230769231,0.169811320754717,0.699346405228758,0.114285714285714,0.666666666666667,0.771428571428571,0.478947368421053,0.629496402877698,0.672955974842767,0.144736842105263,0.454545454545455,0.170731707317073,0.366666666666667,0.533333333333333,1,
0.304347826086957,0.230769230769231,0.472222222222222,0.209606986899563,0.120879120879121,0.0754716981132075,0.254901960784314,0.514285714285714,0.166666666666667,0.257142857142857,0.231578947368421,0.183453237410072,0.19496855345912,0.144736842105263,0.0454545454545455,0.804878048780488,0.366666666666667,0.5,1,
0.673913043478261,0.807692307692308,0.847222222222222,0.406113537117904,0.186813186813187,0.169811320754717,0.660130718954248,0.142857142857143,0.583333333333333,0.771428571428571,0.463157894736842,0.581534772182254,0.710691823899371,0.197368421052632,0.636363636363636,0.0975609756097561,0.366666666666667,0.5,1,
0.608695652173913,0.884615384615385,0.847222222222222,0.554585152838428,0.274725274725275,0.150943396226415,0.686274509803922,0.142857142857143,0.583333333333333,0.757142857142857,0.536842105263158,0.616306954436451,0.672955974842767,0.171052631578947,0.0909090909090909,0.146341463414634,0.366666666666667,0.533333333333333,1,
0.760869565217391,0.807692307692308,0.875,0.471615720524017,0.197802197802198,0.169811320754717,0.627450980392157,0.171428571428571,0.583333333333333,0.628571428571429,0.515789473684211,0.556354916067146,0.823899371069182,0.157894736842105,0.409090909090909,0,0.433333333333333,0.533333333333333,1,
0.347826086956522,0.269230769230769,0.680555555555556,0.305676855895197,0.120879120879121,0.113207547169811,0.42483660130719,0.314285714285714,0.333333333333333,0.214285714285714,0.378947368421053,0.344124700239808,0.289308176100629,0.144736842105263,0.318181818181818,0.439024390243902,0.433333333333333,0.5,1,
0.91304347826087,0.769230769230769,0.833333333333333,0.441048034934498,0.186813186813187,0.169811320754717,0.705882352941177,0.114285714285714,0.666666666666667,0.685714285714286,0.521052631578947,0.630695443645084,0.660377358490566,0.157894736842105,0.954545454545455,0.268292682926829,0.433333333333333,0.6,1,
0.391304347826087,0.115384615384615,0.513888888888889,0.231441048034935,0.0989010989010989,0.0943396226415094,0.281045751633987,0.457142857142857,0.166666666666667,0.114285714285714,0.247368421052632,0.212230215827338,0.0880503144654088,0.0789473684210526,0.363636363636364,0.365853658536585,0.633333333333333,0.666666666666667,1,
0.326086956521739,0.346153846153846,0.513888888888889,0.205240174672489,0.120879120879121,0.113207547169811,0.183006535947712,0.6,0.0833333333333333,0.342857142857143,0.184210526315789,0.130695443645084,0.308176100628931,0.0657894736842105,0.454545454545455,0.268292682926829,0.733333333333333,0.8,1,
0.543478260869565,0.538461538461538,0.958333333333333,0.427947598253275,0.131868131868132,0.169811320754717,0.568627450980392,0.228571428571429,0.5,0.514285714285714,0.405263157894737,0.482014388489209,0.352201257861635,0.0263157894736842,0.0454545454545455,0.804878048780488,0.6,0.9,1,
0.434782608695652,0.0384615384615385,0.444444444444444,0.174672489082969,0.0989010989010989,0.0754716981132075,0.137254901960784,0.685714285714286,0.0833333333333333,0.0714285714285714,0.147368421052632,0.0947242206235012,0.10062893081761,0.0526315789473684,0.227272727272727,0.48780487804878,0.8,0.833333333333333,1,
0.695652173913043,0.769230769230769,0.902777777777778,0.349344978165939,0.10989010989011,0.169811320754717,0.647058823529412,0.142857142857143,0.583333333333333,0.714285714285714,0.494736842105263,0.571942446043165,0.685534591194969,0.157894736842105,0,0.365853658536585,0.333333333333333,0.533333333333333,1,
0.543478260869565,0.346153846153846,0.694444444444444,0.384279475982533,0.153846153846154,0.132075471698113,0.431372549019608,0.314285714285714,0.333333333333333,0.371428571428571,0.310526315789474,0.354916067146283,0.182389937106918,0.0263157894736842,0.136363636363636,0.195121951219512,0.766666666666667,0.9,1,
0.304347826086957,0.192307692307692,0.430555555555556,0.0829694323144105,0.0659340659340659,0.113207547169811,0.163398692810458,0.657142857142857,0.0833333333333333,0.128571428571429,0.147368421052632,0.111510791366906,0.226415094339623,0.210526315789474,0,0.219512195121951,0.166666666666667,0.166666666666667,1,
0.608695652173913,0.5,0.902777777777778,0.397379912663755,0.153846153846154,0.150943396226415,0.562091503267974,0.228571428571429,0.5,0.457142857142857,0.436842105263158,0.47242206235012,0.540880503144654,0.0921052631578947,0.318181818181818,0.926829268292683,0.533333333333333,0.8,1,
0.391304347826087,0.192307692307692,0.486111111111111,0.139737991266376,0.0659340659340659,0.0754716981132075,0.209150326797386,0.6,0.166666666666667,0.185714285714286,0.184210526315789,0.145083932853717,0.251572327044025,0.131578947368421,0.0454545454545455,0.170731707317073,0.333333333333333,0.333333333333333,1,
0.434782608695652,0.538461538461538,0.666666666666667,0.419213973799127,0.208791208791209,0.0943396226415094,0.398692810457516,0.342857142857143,0.333333333333333,0.471428571428571,0.352631578947368,0.321342925659472,0.60377358490566,0.0921052631578947,0,0.0731707317073171,0.633333333333333,0.7,1,
0.217391304347826,0.153846153846154,0.194444444444444,0.0611353711790393,0.0879120879120879,0.0377358490566038,0.111111111111111,0.742857142857143,0.0833333333333333,0.128571428571429,0.0842105263157895,0.0731414868105516,0.19496855345912,0.289473684210526,0.181818181818182,0.317073170731707,0.133333333333333,0.1,1,
0.521739130434783,0.461538461538462,0.5,0.310043668122271,0.142857142857143,0.132075471698113,0.294117647058824,0.457142857142857,0.25,0.442857142857143,0.263157894736842,0.223021582733813,0.377358490566038,0.0526315789473684,0.727272727272727,0.292682926829268,0.733333333333333,0.833333333333333,1,
0.826086956521739,0.961538461538462,0.902777777777778,0.344978165938865,0.043956043956044,0.0754716981132075,1,0,1,0.8,0.815789473684211,1,0.918238993710692,0.342105263157895,0.181818181818182,0.195121951219512,0.166666666666667,0.0666666666666667,2,
0.673913043478261,0.730769230769231,0.75,0.454148471615721,0.208791208791209,0.0566037735849057,0.627450980392157,0.142857142857143,0.583333333333333,0.614285714285714,0.510526315789474,0.577937649880096,0.685534591194969,0.223684210526316,0.5,0.0975609756097561,0.566666666666667,0.333333333333333,2,
0.326086956521739,0.5,0.472222222222222,0.292576419213974,0.230769230769231,0.0754716981132075,0.261437908496732,0.485714285714286,0.166666666666667,0.428571428571429,0.263157894736842,0.197841726618705,0.522012578616352,0.157894736842105,0.227272727272727,0.268292682926829,0.433333333333333,0.466666666666667,2,
0.891304347826087,0.923076923076923,0.861111111111111,0.336244541484716,0.0549450549450549,0.0754716981132075,0.947712418300654,0,0.916666666666667,0.728571428571429,0.826315789473684,0.940047961630695,0.955974842767296,0.342105263157895,0.0909090909090909,0.51219512195122,0.2,0.1,2,
0.173913043478261,0.461538461538462,0.388888888888889,0.283842794759825,0.285714285714286,0.0754716981132075,0.254901960784314,0.514285714285714,0.166666666666667,0.4,0.226315789473684,0.182254196642686,0.484276729559748,0.210526315789474,0.318181818181818,0,0.233333333333333,0.266666666666667,2,
0.260869565217391,0.384615384615385,0.361111111111111,0.0829694323144105,0.0879120879120879,0.0943396226415094,0.248366013071895,0.542857142857143,0.166666666666667,0.4,0.221052631578947,0.170263788968825,0.40251572327044,0.315789473684211,0.181818181818182,0.365853658536585,0.133333333333333,0.0666666666666667,2,
0.173913043478261,0.5,0.430555555555556,0.11353711790393,0.0989010989010989,0.0943396226415094,0.26797385620915,0.514285714285714,0.166666666666667,0.442857142857143,0.221052631578947,0.189448441247002,0.515723270440252,0.289473684210526,0.136363636363636,0.341463414634146,0.133333333333333,0.166666666666667,2,
0.217391304347826,0.423076923076923,0.388888888888889,0.174672489082969,0.153846153846154,0.113207547169811,0.228758169934641,0.542857142857143,0.166666666666667,0.357142857142857,0.210526315789474,0.169064748201439,0.446540880503145,0.197368421052632,0.0454545454545455,0.024390243902439,0.3,0.333333333333333,2,
0.760869565217391,0.923076923076923,0.916666666666667,0.318777292576419,0.043956043956044,0.0566037735849057,0.941176470588235,0,0.916666666666667,0.742857142857143,0.815789473684211,0.937649880095923,0.955974842767296,0.368421052631579,0.5,0.0487804878048781,0.2,0,2,
0.41304347826087,0.230769230769231,0.5,0.331877729257642,0.263736263736264,0.0754716981132075,0.261437908496732,0.485714285714286,0.166666666666667,0.185714285714286,0.257894736842105,0.199040767386091,0.213836477987421,0.171052631578947,0.272727272727273,0.341463414634146,0.633333333333333,0.633333333333333,2,
0.304347826086957,0.307692307692308,0.5,0.266375545851528,0.21978021978022,0.0943396226415094,0.235294117647059,0.542857142857143,0.166666666666667,0.314285714285714,0.215789473684211,0.171462829736211,0.270440251572327,0.171052631578947,0.318181818181818,0.317073170731707,0.4,0.466666666666667,2,
0.478260869565217,0.384615384615385,0.430555555555556,0.240174672489083,0.186813186813187,0.0754716981132075,0.215686274509804,0.542857142857143,0.166666666666667,0.328571428571429,0.205263157894737,0.165467625899281,0.389937106918239,0.105263157894737,0.363636363636364,0.0975609756097561,0.633333333333333,0.633333333333333,2,
0.717391304347826,0.923076923076923,0.930555555555556,0.572052401746725,0.21978021978022,0.0754716981132075,0.980392156862745,0,0.916666666666667,0.757142857142857,0.815789473684211,0.962829736211031,0.949685534591195,0.355263157894737,0.409090909090909,0.75609756097561,0.133333333333333,0.1,2,
0.5,0.5,0.416666666666667,0.393013100436681,0.252747252747253,0.0754716981132075,0.359477124183007,0.371428571428571,0.25,0.428571428571429,0.278947368421053,0.29136690647482,0.389937106918239,0.131578947368421,0.772727272727273,0.24390243902439,0.8,0.733333333333333,2,
0.239130434782609,0.384615384615385,0.5,0.331877729257642,0.307692307692308,0.0943396226415094,0.281045751633987,0.485714285714286,0.166666666666667,0.357142857142857,0.263157894736842,0.209832134292566,0.40251572327044,0.236842105263158,0.227272727272727,0.292682926829268,0.3,0.3,2,
0.478260869565217,0.384615384615385,0.597222222222222,0.410480349344978,0.241758241758242,0.0754716981132075,0.42483660130719,0.285714285714286,0.333333333333333,0.3,0.310526315789474,0.359712230215827,0.339622641509434,0.118421052631579,0.272727272727273,0.0975609756097561,0.666666666666667,0.566666666666667,2,
0.630434782608696,0.692307692307692,0.722222222222222,0.393013100436681,0.142857142857143,0.0754716981132075,0.705882352941177,0.114285714285714,0.666666666666667,0.628571428571429,0.615789473684211,0.655875299760192,0.628930817610063,0.276315789473684,0.318181818181818,0.170731707317073,0.4,0.166666666666667,2,
0.543478260869565,0.0769230769230769,0.416666666666667,0.34061135371179,0.230769230769231,0.0566037735849057,0.281045751633987,0.428571428571429,0.166666666666667,0.0857142857142857,0.284210526315789,0.224220623501199,0.050314465408805,0.157894736842105,0.136363636363636,0.536585365853659,0.866666666666667,0.8,2,
0.260869565217391,0.384615384615385,0.361111111111111,0.0829694323144105,0.0989010989010989,0.0754716981132075,0.235294117647059,0.571428571428571,0.166666666666667,0.385714285714286,0.189473684210526,0.161870503597122,0.389937106918239,0.342105263157895,0.272727272727273,0.268292682926829,0.1,0.0333333333333333,2,
0.239130434782609,0.384615384615385,0.416666666666667,0.0829694323144105,0.0769230769230769,0.113207547169811,0.254901960784314,0.542857142857143,0.166666666666667,0.4,0.226315789473684,0.177458033573141,0.421383647798742,0.289473684210526,0.0454545454545455,0.292682926829268,0.166666666666667,0.1,2,
0.326086956521739,0.423076923076923,0.430555555555556,0.266375545851528,0.252747252747253,0.0943396226415094,0.209150326797386,0.571428571428571,0.166666666666667,0.328571428571429,0.194736842105263,0.15347721822542,0.39622641509434,0.157894736842105,0.181818181818182,0.0975609756097561,0.4,0.4,2,
0.391304347826087,0.346153846153846,0.611111111111111,0.458515283842795,0.307692307692308,0.0754716981132075,0.38562091503268,0.342857142857143,0.25,0.285714285714286,0.310526315789474,0.314148681055156,0.327044025157233,0.131578947368421,0.136363636363636,0.292682926829268,0.666666666666667,0.666666666666667,2,
0.260869565217391,0.115384615384615,0.527777777777778,0.196506550218341,0.0879120879120879,0.0943396226415094,0.228758169934641,0.542857142857143,0.166666666666667,0.142857142857143,0.2,0.164268585131894,0.157232704402516,0.0657894736842105,0.454545454545455,0.585365853658537,0.7,0.733333333333333,3,
0.630434782608696,0.807692307692308,0.805555555555556,0.275109170305677,0.0659340659340659,0.150943396226415,0.686274509803922,0.142857142857143,0.583333333333333,0.8,0.515789473684211,0.609112709832134,0.716981132075472,0.171052631578947,0,0.75609756097561,0.366666666666667,0.566666666666667,3,
0.326086956521739,0.0384615384615385,0.402777777777778,0.209606986899563,0.10989010989011,0.0566037735849057,0.169934640522876,0.628571428571429,0.0833333333333333,0.0571428571428571,0.147368421052632,0.119904076738609,0.0691823899371069,0.0394736842105263,0.409090909090909,0.707317073170732,0.933333333333333,0.966666666666667,3,
0.608695652173913,0.615384615384615,0.875,0.471615720524017,0.21978021978022,0.150943396226415,0.581699346405229,0.2,0.5,0.542857142857143,0.447368421052632,0.5,0.408805031446541,0.131578947368421,0.181818181818182,0.268292682926829,0.433333333333333,0.5,3,
0.152173913043478,0.0384615384615385,0.0277777777777778,0.0262008733624454,0.10989010989011,0.0188679245283019,0.0130718954248366,0.942857142857143,0,0.0142857142857143,0.00526315789473684,0.00839328537170264,0.0754716981132075,0.368421052631579,0.181818181818182,0.170731707317073,0.1,0.0666666666666667,3,
0.260869565217391,0.192307692307692,0.444444444444444,0.11353711790393,0.0659340659340659,0.132075471698113,0.143790849673203,0.714285714285714,0.0833333333333333,0.2,0.0789473684210526,0.092326139088729,0.0880503144654088,0.0789473684210526,0.0454545454545455,0.585365853658537,0.4,0.566666666666667,3,
0.304347826086957,0.461538461538462,0.583333333333333,0.262008733624454,0.142857142857143,0.113207547169811,0.287581699346405,0.457142857142857,0.166666666666667,0.371428571428571,0.268421052631579,0.218225419664269,0.408805031446541,0.144736842105263,0.0909090909090909,0.0487804878048781,0.466666666666667,0.5,3,
0.347826086956522,0.192307692307692,0.527777777777778,0.213973799126638,0.153846153846154,0.0943396226415094,0.222222222222222,0.571428571428571,0.166666666666667,0.128571428571429,0.189473684210526,0.155875299760192,0.207547169811321,0.131578947368421,0,0.219512195121951,0.366666666666667,0.433333333333333,3,
0,0.153846153846154,0.180555555555556,0.0305676855895196,0.0769230769230769,0.0754716981132075,0.0915032679738562,0.828571428571429,0.0833333333333333,0.142857142857143,0.0263157894736842,0.0515587529976019,0.238993710691824,0.302631578947368,0.0454545454545455,0.365853658536585,0,0.1,3,
0.369565217391304,0.269230769230769,0.597222222222222,0.323144104803493,0.153846153846154,0.113207547169811,0.431372549019608,0.314285714285714,0.333333333333333,0.2,0.363157894736842,0.345323741007194,0.30188679245283,0.157894736842105,0.0454545454545455,0.341463414634146,0.366666666666667,0.4,3,
0.239130434782609,0.192307692307692,0.361111111111111,0.148471615720524,0.164835164835165,0.0754716981132075,0.0915032679738562,0.8,0.0833333333333333,0.2,0.0736842105263158,0.0575539568345324,0.188679245283019,0.144736842105263,0.181818181818182,0.170731707317073,0.3,0.3,3,
0.739130434782609,0.730769230769231,0.875,0.358078602620087,0.10989010989011,0.169811320754717,0.666666666666667,0.142857142857143,0.583333333333333,0.628571428571429,0.457894736842105,0.589928057553957,0.50314465408805,0.0921052631578947,0.272727272727273,0.121951219512195,0.433333333333333,0.566666666666667,3,
0.521739130434783,0.5,0.847222222222222,0.462882096069869,0.208791208791209,0.113207547169811,0.522875816993464,0.257142857142857,0.416666666666667,0.471428571428571,0.410526315789474,0.434052757793765,0.377358490566038,0.0921052631578947,0.0454545454545455,0.780487804878049,0.5,0.633333333333333,3,
0.456521739130435,0.5,0.541666666666667,0.336244541484716,0.164835164835165,0.113207547169811,0.359477124183007,0.4,0.25,0.428571428571429,0.315789473684211,0.280575539568345,0.528301886792453,0.105263157894737,0.545454545454545,0.365853658536585,0.5,0.566666666666667,3,
0.434782608695652,0.0384615384615385,0.361111111111111,0.157205240174672,0.0989010989010989,0.0943396226415094,0.117647058823529,0.714285714285714,0.0833333333333333,0.0285714285714286,0.110526315789474,0.0803357314148681,0.0314465408805031,0.0394736842105263,0.227272727272727,0.707317073170732,0.833333333333333,0.866666666666667,3,
0.826086956521739,0.807692307692308,0.875,0.292576419213974,0.032967032967033,0.169811320754717,0.712418300653595,0.114285714285714,0.666666666666667,0.771428571428571,0.510526315789474,0.651079136690647,0.578616352201258,0.131578947368421,0.681818181818182,0.146341463414634,0.466666666666667,0.566666666666667,3,
0.369565217391304,0.230769230769231,0.638888888888889,0.283842794759825,0.164835164835165,0.0943396226415094,0.326797385620915,0.428571428571429,0.25,0.185714285714286,0.336842105263158,0.244604316546763,0.238993710691824,0.197368421052632,0.0454545454545455,0.536585365853659,0.3,0.333333333333333,3,
0.543478260869565,0.807692307692308,0.888888888888889,0.358078602620087,0.131868131868132,0.150943396226415,0.660130718954248,0.171428571428571,0.583333333333333,0.771428571428571,0.489473684210526,0.57673860911271,0.679245283018868,0.184210526315789,0.0454545454545455,0.634146341463415,0.333333333333333,0.466666666666667,3,
0.260869565217391,0.115384615384615,0.444444444444444,0.100436681222707,0.0989010989010989,0.0943396226415094,0.0980392156862745,0.8,0.0833333333333333,0.1,0.0736842105263158,0.0587529976019185,0.0880503144654088,0.144736842105263,0.136363636363636,0.731707317073171,0.266666666666667,0.433333333333333,3,
0.673913043478261,0.923076923076923,0.875,0.51528384279476,0.274725274725275,0.188679245283019,0.712418300653595,0.114285714285714,0.666666666666667,0.842857142857143,0.489473684210526,0.640287769784173,0.685534591194969,0.171052631578947,0.5,0.292682926829268,0.333333333333333,0.466666666666667,3,
0.521739130434783,0.153846153846154,0.527777777777778,0.336244541484716,0.164835164835165,0.113207547169811,0.320261437908497,0.428571428571429,0.25,0.185714285714286,0.273684210526316,0.245803357314149,0.050314465408805,0.0394736842105263,0.0909090909090909,0.682926829268293,0.9,1,3,
