85,18,4,
0.456521739130435,0.153846153846154,0.444444444444444,0.183406113537118,0.142857142857143,0.132075471698113,0.137254901960784,0.685714285714286,0.0833333333333333,0.242857142857143,0.163157894736842,0.0935251798561151,0.119496855345912,0.131578947368421,0.0909090909090909,0.170731707317073,0.533333333333333,0.466666666666667,0,
0.369565217391304,0.576923076923077,0.625,0.231441048034935,0.186813186813187,0.169811320754717,0.320261437908497,0.485714285714286,0.25,0.7,0.236842105263158,0.229016786570743,0.484276729559748,0.197368421052632,0.136363636363636,0.390243902439024,0.3,0.466666666666667,0,
0.347826086956522,0.5,0.611111111111111,0.25764192139738,0.208791208791209,0.169811320754717,0.30718954248366,0.485714285714286,0.25,0.585714285714286,0.226315789473684,0.220623501199041,0.421383647798742,0.171052631578947,0.0454545454545455,0.48780487804878,0.333333333333333,0.533333333333333,0,
0.391304347826087,0.307692307692308,0.333333333333333,0.192139737991266,0.153846153846154,0.113207547169811,0.111111111111111,0.714285714285714,0.0833333333333333,0.342857142857143,0.163157894736842,0.0779376498800959,0.276729559748428,0.118421052631579,0.272727272727273,0.292682926829268,0.6,0.666666666666667,0,
0.456521739130435,0.461538461538462,0.625,0.244541484716157,0.175824175824176,0.150943396226415,0.300653594771242,0.485714285714286,0.25,0.557142857142857,0.231578947368421,0.219424460431655,0.333333333333333,0.118421052631579,0.0454545454545455,0.146341463414634,0.433333333333333,0.6,0,
0.521739130434783,0.0769230769230769,0.361111111111111,0.205240174672489,0.186813186813187,0.113207547169811,0.104575163398693,0.742857142857143,0.0833333333333333,0.157142857142857,0.0947368421052632,0.0743405275779376,0.0188679245283019,0.0921052631578947,0.272727272727273,0.0487804878048781,0.633333333333333,0.633333333333333,0,
0.369565217391304,0.230769230769231,0.236111111111111,0.0436681222707424,0.010989010989011,0.0943396226415094,0.150326797385621,0.714285714285714,0.0833333333333333,0.3,0.131578947368421,0.092326139088729,0.264150943396226,0.342105263157895,0.545454545454545,0.195121951219512,0.233333333333333,0.0333333333333333,0,
0.347826086956522,0.461538461538462,0.625,0.196506550218341,0.131868131868132,0.169811320754717,0.300653594771242,0.485714285714286,0.25,0.571428571428571,0.247368421052632,0.213429256594724,0.40251572327044,0.210526315789474,0.545454545454545,0.390243902439024,0.233333333333333,0.4,0,
0.369565217391304,0.615384615384615,0.625,0.161572052401747,0.10989010989011,0.169811320754717,0.30718954248366,0.485714285714286,0.25,0.7,0.226315789473684,0.217026378896883,0.484276729559748,0.210526315789474,0.0454545454545455,0.268292682926829,0.2,0.366666666666667,0,
0.369565217391304,0.576923076923077,0.527777777777778,0.131004366812227,0.0989010989010989,0.169811320754717,0.313725490196078,0.485714285714286,0.25,0.7,0.205263157894737,0.218225419664269,0.477987421383648,0.223684210526316,0.0454545454545455,0.341463414634146,0.2,0.366666666666667,0,
0.456521739130435,0.461538461538462,0.569444444444444,0.270742358078603,0.21978021978022,0.132075471698113,0.215686274509804,0.571428571428571,0.166666666666667,0.414285714285714,0.178947368421053,0.154676258992806,0.440251572327044,0.0921052631578947,0.5,0.341463414634146,0.6,0.7,0,
0.282608695652174,0.576923076923077,0.486111111111111,0.139737991266376,0.120879120879121,0.150943396226415,0.320261437908497,0.485714285714286,0.25,0.642857142857143,0.210526315789474,0.224220623501199,0.477987421383648,0.210526315789474,0.136363636363636,0.024390243902439,0.233333333333333,0.366666666666667,0,
0.478260869565217,0.576923076923077,0.597222222222222,0.323144104803493,0.274725274725275,0.150943396226415,0.326797385620915,0.457142857142857,0.25,0.585714285714286,0.242105263157895,0.233812949640288,0.471698113207547,0.144736842105263,0.272727272727273,0.390243902439024,0.366666666666667,0.533333333333333,0,
0.456521739130435,0.115384615384615,0.388888888888889,0.100436681222707,0.0769230769230769,0.0943396226415094,0.0980392156862745,0.742857142857143,0.0833333333333333,0.2,0.131578947368421,0.0695443645083933,0.0440251572327044,0.0921052631578947,0.0454545454545455,0.0487804878048781,0.633333333333333,0.5,0,
0.434782608695652,0.5,0.583333333333333,0.179039301310044,0.120879120879121,0.169811320754717,0.30718954248366,0.485714285714286,0.25,0.6,0.263157894736842,0.224220623501199,0.50314465408805,0.236842105263158,0.0909090909090909,0.0975609756097561,0.233333333333333,0.433333333333333,0,
0.260869565217391,0.461538461538462,0.583333333333333,0.126637554585153,0.0989010989010989,0.169811320754717,0.30718954248366,0.485714285714286,0.25,0.542857142857143,0.210526315789474,0.213429256594724,0.40251572327044,0.223684210526316,0.454545454545455,0.51219512195122,0.233333333333333,0.4,0,
0.304347826086957,0.115384615384615,0.180555555555556,0.0567685589519651,0.120879120879121,0.0377358490566038,0.0392156862745098,0.885714285714286,0,0.1,0.0421052631578947,0.0251798561151079,0.182389937106918,0.342105263157895,0.409090909090909,0.365853658536585,0.133333333333333,0.0666666666666667,0,
0.347826086956522,0.5,0.527777777777778,0.200873362445415,0.175824175824176,0.169811320754717,0.313725490196078,0.485714285714286,0.25,0.6,0.210526315789474,0.219424460431655,0.421383647798742,0.184210526315789,0.227272727272727,0.219512195121951,0.3,0.433333333333333,0,
0.434782608695652,0.384615384615385,0.666666666666667,0.2882096069869,0.208791208791209,0.132075471698113,0.248366013071895,0.542857142857143,0.166666666666667,0.414285714285714,0.178947368421053,0.179856115107914,0.213836477987421,0.0789473684210526,0.0909090909090909,0.414634146341463,0.666666666666667,0.833333333333333,0,
0.239130434782609,0.423076923076923,0.555555555555556,0.157205240174672,0.120879120879121,0.169811320754717,0.287581699346405,0.514285714285714,0.25,0.557142857142857,0.189473684210526,0.197841726618705,0.421383647798742,0.197368421052632,0.227272727272727,0.414634146341463,0.233333333333333,0.4,0,
0.260869565217391,0.0384615384615385,0.180555555555556,0.100436681222707,0.120879120879121,0.0754716981132075,0.0261437908496732,0.914285714285714,0,0.0428571428571429,0.0368421052631579,0.0155875299760192,0.113207547169811,0.144736842105263,0.136363636363636,0.48780487804878,0.3,0.266666666666667,1,
0.282608695652174,0.307692307692308,0.361111111111111,0.126637554585153,0.0989010989010989,0.0754716981132075,0.156862745098039,0.657142857142857,0.0833333333333333,0.257142857142857,0.131578947368421,0.107913669064748,0.333333333333333,0.197368421052632,0.227272727272727,0.341463414634146,0.233333333333333,0.266666666666667,1,
0.739130434782609,0.807692307692308,0.805555555555556,0.462882096069869,0.208791208791209,0.169811320754717,0.69281045751634,0.142857142857143,0.583333333333333,0.728571428571429,0.478947368421053,0.623501199040767,0.672955974842767,0.157894736842105,0.636363636363636,0,0.4,0.533333333333333,1,
0.326086956521739,0.153846153846154,0.319444444444444,0.11353711790393,0.120879120879121,0.0566037735849057,0.0849673202614379,0.8,0.0833333333333333,0.171428571428571,0.0578947368421053,0.0551558752997602,0.226415094339623,0.197368421052632,0.636363636363636,0.48780487804878,0.266666666666667,0.233333333333333,1,
0.543478260869565,0.230769230769231,0.569444444444444,0.379912663755459,0.186813186813187,0.132075471698113,0.352941176470588,0.4,0.25,0.285714285714286,0.284210526315789,0.276978417266187,0.138364779874214,0.0394736842105263,0.363636363636364,0.463414634146341,0.7,0.8,1,
0.58695652173913,0.807692307692308,0.861111111111111,0.445414847161572,0.197802197802198,0.150943396226415,0.562091503267974,0.2,0.5,0.657142857142857,0.494736842105263,0.483213429256595,0.823899371069182,0.171052631578947,0.181818181818182,0.268292682926829,0.366666666666667,0.5,1,
0.282608695652174,0.269230769230769,0.361111111111111,0.148471615720524,0.131868131868132,0.0377358490566038,0.163398692810458,0.657142857142857,0.0833333333333333,0.214285714285714,0.168421052631579,0.113908872901679,0.264150943396226,0.197368421052632,0.272727272727273,0.341463414634146,0.333333333333333,0.3,1,
0.5,0.653846153846154,0.75,0.48471615720524,0.21978021978022,0.132075471698113,0.490196078431373,0.257142857142857,0.416666666666667,0.571428571428571,0.442105263157895,0.408872901678657,0.660377358490566,0.105263157894737,0.363636363636364,0.146341463414634,0.566666666666667,0.666666666666667,1,
0.739130434782609,0.807692307692308,0.944444444444444,0.541484716157205,0.230769230769231,0.188679245283019,0.69281045751634,0.142857142857143,0.666666666666667,0.742857142857143,0.489473684210526,0.618705035971223,0.723270440251572,0.105263157894737,0.590909090909091,0.609756097560976,0.466666666666667,0.766666666666667,1,
0.391304347826087,0.230769230769231,0.444444444444444,0.126637554585153,0.0879120879120879,0.0943396226415094,0.222222222222222,0.571428571428571,0.166666666666667,0.2,0.210526315789474,0.155875299760192,0.251572327044025,0.236842105263158,0.409090909090909,0.439024390243902,0.266666666666667,0.266666666666667,1,
0.673913043478261,0.692307692307692,0.944444444444444,0.388646288209607,0.131868131868132,0.169811320754717,0.686274509803922,0.142857142857143,0.583333333333333,0.642857142857143,0.536842105263158,0.611510791366906,0.591194968553459,0.171052631578947,0.681818181818182,0.536585365853659,0.466666666666667,0.666666666666667,1,
0.326086956521739,0.192307692307692,0.25,0.14410480349345,0.142857142857143,0.0566037735849057,0.235294117647059,0.571428571428571,0.166666666666667,0.185714285714286,0.173684210526316,0.161870503597122,0.30188679245283,0.355263157894737,0.545454545454545,0,0.133333333333333,0.0666666666666667,1,
0.695652173913043,0.461538461538462,0.833333333333333,0.397379912663755,0.153846153846154,0.150943396226415,0.562091503267974,0.2,0.5,0.442857142857143,0.442105263157895,0.482014388489209,0.484276729559748,0.105263157894737,0.363636363636364,0.121951219512195,0.533333333333333,0.633333333333333,1,
0.347826086956522,0.461538461538462,0.513888888888889,0.366812227074236,0.186813186813187,0.132075471698113,0.320261437908497,0.428571428571429,0.25,0.471428571428571,0.315789473684211,0.247002398081535,0.408805031446541,0.0921052631578947,0.181818181818182,0.0487804878048781,0.6,0.666666666666667,1,
0.739130434782609,0.769230769230769,0.944444444444444,0.475982532751092,0.186813186813187,0.188679245283019,0.61437908496732,0.171428571428571,0.5,0.642857142857143,0.452631578947368,0.531175059952038,0.584905660377358,0.0789473684210526,0.954545454545455,0.536585365853659,0.6,0.8,1,
0.217391304347826,0.153846153846154,0.194444444444444,0.117903930131004,0.153846153846154,0.0377358490566038,0.150326797385621,0.685714285714286,0.0833333333333333,0.128571428571429,0.115789473684211,0.10431654676259,0.20125786163522,0.342105263157895,0.136363636363636,0.146341463414634,0.133333333333333,0.0666666666666667,1,
0.673913043478261,0.846153846153846,0.833333333333333,0.423580786026201,0.208791208791209,0.150943396226415,0.666666666666667,0.142857142857143,0.583333333333333,0.785714285714286,0.494736842105263,0.594724220623501,0.70440251572327,0.197368421052632,0.0454545454545455,0.024390243902439,0.3,0.433333333333333,1,
0.760869565217391,0.730769230769231,0.958333333333333,0.34061135371179,0.0879120879120879,0.188679245283019,0.679738562091503,0.142857142857143,0.583333333333333,0.757142857142857,0.521052631578947,0.603117505995204,0.660377358490566,0.171052631578947,0.454545454545455,0.682926829268293,0.433333333333333,0.666666666666667,1,
0.478260869565217,0.461538461538462,0.902777777777778,0.454148471615721,0.186813186813187,0.150943396226415,0.490196078431373,0.285714285714286,0.416666666666667,0.457142857142857,0.378947368421053,0.402877697841727,0.308176100628931,0.0657894736842105,0.318181818181818,0.780487804878049,0.733333333333333,1,1,
0.608695652173913,0.576923076923077,0.625,0.379912663755459,0.142857142857143,0.169811320754717,0.411764705882353,0.342857142857143,0.333333333333333,0.5,0.326315789473684,0.328537170263789,0.490566037735849,0.0394736842105263,0.227272727272727,0.536585365853659,0.7,0.966666666666667,1,
0.565217391304348,0.576923076923077,0.888888888888889,0.40174672489083,0.175824175824176,0.150943396226415,0.581699346405229,0.2,0.5,0.485714285714286,0.478947368421053,0.503597122302158,0.566037735849057,0.184210526315789,0.363636363636364,0.0975609756097561,0.4,0.533333333333333,1,
0.760869565217391,0.807692307692308,0.958333333333333,0.37117903930131,0.10989010989011,0.169811320754717,0.705882352941177,0.142857142857143,0.666666666666667,0.8,0.521052631578947,0.629496402877698,0.660377358490566,0.144736842105263,0.545454545454545,0.560975609756098,0.433333333333333,0.666666666666667,1,
0.543478260869565,0.192307692307692,0.416666666666667,0.358078602620087,0.230769230769231,0.0754716981132075,0.339869281045752,0.371428571428571,0.25,0.257142857142857,0.310526315789474,0.274580335731415,0.125786163522013,0.157894736842105,0.136363636363636,0.414634146341463,0.8,0.733333333333333,2,
0.304347826086957,0.346153846153846,0.277777777777778,0.0524017467248908,0.043956043956044,0.0754716981132075,0.248366013071895,0.571428571428571,0.166666666666667,0.328571428571429,0.205263157894737,0.167865707434053,0.389937106918239,0.342105263157895,0.0909090909090909,0.341463414634146,0.0666666666666667,0.0333333333333333,2,
0.260869565217391,0.346153846153846,0.263888888888889,0.122270742358079,0.120879120879121,0.0943396226415094,0.241830065359477,0.571428571428571,0.166666666666667,0.371428571428571,0.189473684210526,0.163069544364508,0.39622641509434,0.315789473684211,0.363636363636364,0.0975609756097561,0.1,0.0333333333333333,2,
0.58695652173913,0.538461538461538,0.416666666666667,0.353711790393013,0.252747252747253,0.0943396226415094,0.326797385620915,0.4,0.25,0.5,0.257894736842105,0.266187050359712,0.39622641509434,0.118421052631579,0.409090909090909,0.146341463414634,0.8,0.8,2,
0.652173913043478,0.730769230769231,0.875,0.2882096069869,0.0549450549450549,0.0943396226415094,0.810457516339869,0.0571428571428571,0.75,0.6,0.652631578947368,0.75779376498801,0.886792452830189,0.302631578947368,0.136363636363636,0.560975609756098,0.233333333333333,0.1,2,
0.347826086956522,0.307692307692308,0.486111111111111,0.253275109170306,0.208791208791209,0.0566037735849057,0.26797385620915,0.485714285714286,0.166666666666667,0.257142857142857,0.236842105263158,0.201438848920863,0.283018867924528,0.171052631578947,0.0909090909090909,0,0.4,0.466666666666667,2,
0.260869565217391,0.346153846153846,0.416666666666667,0.11353711790393,0.0989010989010989,0.0943396226415094,0.248366013071895,0.542857142857143,0.166666666666667,0.385714285714286,0.247368421052632,0.172661870503597,0.39622641509434,0.302631578947368,0.454545454545455,0.341463414634146,0.166666666666667,0.133333333333333,2,
0.304347826086957,0.384615384615385,0.416666666666667,0.283842794759825,0.274725274725275,0.0943396226415094,0.261437908496732,0.514285714285714,0.166666666666667,0.385714285714286,0.247368421052632,0.188249400479616,0.389937106918239,0.223684210526316,0.272727272727273,0.292682926829268,0.266666666666667,0.2,2,
0.434782608695652,0.538461538461538,0.611111111111111,0.441048034934498,0.263736263736264,0.0943396226415094,0.418300653594771,0.285714285714286,0.333333333333333,0.485714285714286,0.315789473684211,0.350119904076739,0.578616352201258,0.144736842105263,0.318181818181818,0.463414634146341,0.733333333333333,0.666666666666667,2,
0.326086956521739,0.384615384615385,0.416666666666667,0.318777292576419,0.296703296703297,0.320754716981132,0.261437908496732,0.514285714285714,0.166666666666667,0.357142857142857,0.263157894736842,0.189448441247002,0.371069182389937,0.223684210526316,0.0454545454545455,0.219512195121951,0.333333333333333,0.266666666666667,2,
0.521739130434783,0.461538461538462,0.444444444444444,0.362445414847162,0.263736263736264,0.0566037735849057,0.320261437908497,0.4,0.25,0.371428571428571,0.252631578947368,0.25779376498801,0.484276729559748,0.144736842105263,0.318181818181818,0.170731707317073,0.666666666666667,0.733333333333333,2,
0.282608695652174,0.5,0.458333333333333,0.091703056768559,0.10989010989011,0.0754716981132075,0.254901960784314,0.542857142857143,0.166666666666667,0.414285714285714,0.210526315789474,0.179856115107914,0.49685534591195,0.302631578947368,0.409090909090909,0.268292682926829,0.133333333333333,0.1,2,
0.565217391304348,0.192307692307692,0.472222222222222,0.349344978165939,0.208791208791209,0.0754716981132075,0.339869281045752,0.371428571428571,0.25,0.185714285714286,0.331578947368421,0.275779376498801,0.176100628930818,0.157894736842105,0.0909090909090909,0.536585365853659,0.8,0.7,2,
0.260869565217391,0.384615384615385,0.361111111111111,0.11353711790393,0.10989010989011,0.0754716981132075,0.254901960784314,0.542857142857143,0.166666666666667,0.357142857142857,0.226315789473684,0.178657074340528,0.371069182389937,0.355263157894737,0.181818181818182,0.219512195121951,0.133333333333333,0.0666666666666667,2,
0.695652173913043,0.692307692307692,0.555555555555556,0.449781659388646,0.263736263736264,0.0754716981132075,0.542483660130719,0.2,0.416666666666667,0.585714285714286,0.442105263157895,0.473621103117506,0.49685534591195,0.210526315789474,0.272727272727273,0.48780487804878,0.6,0.433333333333333,2,
0.326086956521739,0.423076923076923,0.416666666666667,0.205240174672489,0.153846153846154,0.113207547169811,0.202614379084967,0.571428571428571,0.0833333333333333,0.357142857142857,0.173684210526316,0.152278177458034,0.40251572327044,0.118421052631579,0.318181818181818,0.195121951219512,0.666666666666667,0.733333333333333,2,
0.521739130434783,0.192307692307692,0.486111111111111,0.366812227074236,0.230769230769231,0.0754716981132075,0.38562091503268,0.314285714285714,0.25,0.157142857142857,0.363157894736842,0.3189448441247,0.176100628930818,0.197368421052632,0.0909090909090909,0.146341463414634,0.7,0.6,2,
0.217391304347826,0.5,0.458333333333333,0.14410480349345,0.131868131868132,0.0754716981132075,0.235294117647059,0.542857142857143,0.166666666666667,0.4,0.194736842105263,0.171462829736211,0.465408805031447,0.210526315789474,0.363636363636364,0,0.3,0.333333333333333,2,
0.282608695652174,0.346153846153846,0.347222222222222,0.0524017467248908,0.0659340659340659,0.0754716981132075,0.261437908496732,0.542857142857143,0.166666666666667,0.328571428571429,0.236842105263158,0.1810551558753,0.39622641509434,0.342105263157895,0.227272727272727,0.0975609756097561,0.1,0.0666666666666667,2,
0.456521739130435,0.384615384615385,0.388888888888889,0.2882096069869,0.21978021978022,0.0754716981132075,0.196078431372549,0.571428571428571,0.0833333333333333,0.342857142857143,0.178947368421053,0.151079136690647,0.427672955974843,0.0789473684210526,0.454545454545455,0.195121951219512,0.733333333333333,0.733333333333333,2,
0.304347826086957,0.346153846153846,0.5,0.240174672489083,0.197802197802198,0.0566037735849057,0.281045751633987,0.457142857142857,0.166666666666667,0.285714285714286,0.284210526315789,0.213429256594724,0.30188679245283,0.223684210526316,0.272727272727273,0.292682926829268,0.433333333333333,0.4,2,
0.673913043478261,0.730769230769231,0.847222222222222,0.445414847161572,0.164835164835165,0.150943396226415,0.562091503267974,0.2,0.5,0.614285714285714,0.405263157894737,0.483213429256595,0.59748427672956,0.0657894736842105,0.0909090909090909,0.121951219512195,0.633333333333333,0.766666666666667,3,
0.195652173913043,0.192307692307692,0.180555555555556,0.091703056768559,0.131868131868132,0.0566037735849057,0.137254901960784,0.714285714285714,0.0833333333333333,0.142857142857143,0.115789473684211,0.0899280575539568,0.232704402515723,0.368421052631579,0,0,0.0333333333333333,0.0666666666666667,3,
0.630434782608696,0.730769230769231,0.847222222222222,0.475982532751092,0.186813186813187,0.150943396226415,0.594771241830065,0.2,0.5,0.557142857142857,0.442105263157895,0.517985611510791,0.484276729559748,0.0789473684210526,0,0.463414634146341,0.566666666666667,0.733333333333333,3,
0.326086956521739,0.192307692307692,0.513888888888889,0.22707423580786,0.0989010989010989,0.0943396226415094,0.333333333333333,0.428571428571429,0.25,0.157142857142857,0.284210526315789,0.252997601918465,0.19496855345912,0.105263157894737,0.0454545454545455,0.219512195121951,0.533333333333333,0.566666666666667,3,
0.282608695652174,0.230769230769231,0.611111111111111,0.196506550218341,0.10989010989011,0.113207547169811,0.287581699346405,0.485714285714286,0.25,0.214285714285714,0.289473684210526,0.20863309352518,0.30188679245283,0.197368421052632,0,0.560975609756098,0.233333333333333,0.3,3,
0.695652173913043,0.730769230769231,0.930555555555556,0.449781659388646,0.142857142857143,0.169811320754717,0.69281045751634,0.142857142857143,0.583333333333333,0.7,0.478947368421053,0.619904076738609,0.553459119496855,0.0921052631578947,0,0.48780487804878,0.5,0.733333333333333,3,
0.5,0.730769230769231,0.888888888888889,0.51528384279476,0.21978021978022,0.132075471698113,0.562091503267974,0.2,0.5,0.642857142857143,0.457894736842105,0.485611510791367,0.735849056603774,0.105263157894737,0.545454545454545,0.48780487804878,0.533333333333333,0.666666666666667,3,
0.565217391304348,0.5,0.902777777777778,0.458515283842795,0.186813186813187,0.169811320754717,0.555555555555556,0.228571428571429,0.5,0.485714285714286,0.431578947368421,0.468824940047962,0.314465408805031,0.0789473684210526,0,0.804878048780488,0.6,0.8,3,
0.630434782608696,0.807692307692308,0.847222222222222,0.375545851528384,0.120879120879121,0.150943396226415,0.718954248366013,0.114285714285714,0.666666666666667,0.757142857142857,0.494736842105263,0.652278177458034,0.591194968553459,0.157894736842105,0.590909090909091,0.146341463414634,0.433333333333333,0.566666666666667,3,
0.521739130434783,0.653846153846154,0.944444444444444,0.467248908296943,0.197802197802198,0.150943396226415,0.666666666666667,0.142857142857143,0.583333333333333,0.542857142857143,0.536842105263158,0.59832134292566,0.685534591194969,0.171052631578947,0.318181818181818,0.707317073170732,0.4,0.533333333333333,3,
0.58695652173913,0.423076923076923,0.736111111111111,0.388646288209607,0.164835164835165,0.113207547169811,0.483660130718954,0.257142857142857,0.416666666666667,0.414285714285714,0.378947368421053,0.404076738609113,0.264150943396226,0.0921052631578947,0,0.0487804878048781,0.566666666666667,0.566666666666667,3,
0.434782608695652,0.538461538461538,0.597222222222222,0.266375545851528,0.142857142857143,0.0943396226415094,0.359477124183007,0.4,0.25,0.414285714285714,0.352631578947368,0.279376498800959,0.578616352201258,0.184210526315789,0.545454545454545,0.0975609756097561,0.366666666666667,0.366666666666667,3,
0.108695652173913,0.115384615384615,0.277777777777778,0.0524017467248908,0.0989010989010989,0.0754716981132075,0.0718954248366013,0.828571428571429,0,0.0857142857142857,0.0578947368421053,0.0443645083932854,0.0754716981132075,0.25,0.136363636363636,0.390243902439024,0.0666666666666667,0.133333333333333,3,
0.347826086956522,0.269230769230769,0.402777777777778,0.187772925764192,0.120879120879121,0.0754716981132075,0.130718954248366,0.685714285714286,0.0833333333333333,0.271428571428571,0.131578947368421,0.0911270983213429,0.264150943396226,0.0263157894736842,0.727272727272727,0.146341463414634,0.9,0.933333333333333,3,
0.326086956521739,0.423076923076923,0.513888888888889,0.275109170305677,0.131868131868132,0.0754716981132075,0.254901960784314,0.514285714285714,0.166666666666667,0.385714285714286,0.236842105263158,0.190647482014389,0.427672955974843,0.0657894736842105,0.409090909090909,0.292682926829268,0.866666666666667,0.9,3,
0.673913043478261,0.884615384615385,0.777777777777778,0.554585152838428,0.296703296703297,0.169811320754717,0.705882352941177,0.114285714285714,0.666666666666667,0.771428571428571,0.489473684210526,0.634292565947242,0.685534591194969,0.184210526315789,0.272727272727273,0.390243902439024,0.333333333333333,0.466666666666667,3,
0.478260869565217,0.692307692307692,0.777777777777778,0.40174672489083,0.175824175824176,0.132075471698113,0.509803921568627,0.257142857142857,0.416666666666667,0.614285714285714,0.410526315789474,0.430455635491607,0.792452830188679,0.118421052631579,0.590909090909091,0,0.5,0.566666666666667,3,
0.0869565217391304,0.192307692307692,0.486111111111111,0.174672489082969,0.131868131868132,0.0754716981132075,0.228758169934641,0.571428571428571,0.166666666666667,0.2,0.194736842105263,0.157074340527578,0.169811320754717,0.276315789473684,0.727272727272727,0.48780487804878,0.166666666666667,0.2,3,
0.478260869565217,0.615384615384615,0.722222222222222,0.388646288209607,0.164835164835165,0.150943396226415,0.431372549019608,0.314285714285714,0.333333333333333,0.514285714285714,0.368421052631579,0.352517985611511,0.389937106918239,0.0657894736842105,0.0909090909090909,0,0.733333333333333,0.833333333333333,3,
0.239130434782609,0.230769230769231,0.694444444444444,0.331877729257642,0.142857142857143,0.0943396226415094,0.42483660130719,0.314285714285714,0.333333333333333,0.185714285714286,0.415789473684211,0.341726618705036,0.226415094339623,0.157894736842105,0.181818181818182,0.926829268292683,0.466666666666667,0.566666666666667,3,
0.760869565217391,0.846153846153846,0.902777777777778,0.550218340611354,0.230769230769231,0.169811320754717,0.69281045751634,0.114285714285714,0.583333333333333,0.757142857142857,0.515789473684211,0.629496402877698,0.635220125786163,0.131578947368421,0.636363636363636,0.0975609756097561,0.466666666666667,0.533333333333333,3,
0.478260869565217,0.923076923076923,0.888888888888889,0.541484716157205,0.296703296703297,0.150943396226415,0.65359477124183,0.142857142857143,0.583333333333333,0.814285714285714,0.494736842105263,0.58273381294964,0.716981132075472,0.197368421052632,0,0.0975609756097561,0.333333333333333,0.4,3,
