84,18,4,
0.434782608695652,0.230769230769231,0.527777777777778,0.262008733624454,0.208791208791209,0.113207547169811,0.176470588235294,0.628571428571429,0.0833333333333333,0.314285714285714,0.142105263157895,0.127098321342926,0.106918238993711,0.0657894736842105,0.181818181818182,0.170731707317073,0.833333333333333,0.9,0,
0.434782608695652,0.538461538461538,0.625,0.248908296943231,0.197802197802198,0.188679245283019,0.281045751633987,0.485714285714286,0.166666666666667,0.557142857142857,0.257894736842105,0.203836930455636,0.433962264150943,0.223684210526316,0.0909090909090909,0.219512195121951,0.266666666666667,0.5,0,
0.478260869565217,0.384615384615385,0.5,0.165938864628821,0.10989010989011,0.150943396226415,0.254901960784314,0.514285714285714,0.166666666666667,0.442857142857143,0.226315789473684,0.185851318944844,0.314465408805031,0.157894736842105,0.0909090909090909,0.560975609756098,0.366666666666667,0.633333333333333,0,
0.282608695652174,0.384615384615385,0.388888888888889,0.200873362445415,0.186813186813187,0.132075471698113,0.169934640522876,0.628571428571429,0.0833333333333333,0.357142857142857,0.163157894736842,0.121103117505995,0.408805031446541,0.131578947368421,0.272727272727273,0,0.533333333333333,0.666666666666667,0,
0.347826086956522,0.538461538461538,0.555555555555556,0.117903930131004,0.0769230769230769,0.169811320754717,0.313725490196078,0.485714285714286,0.25,0.642857142857143,0.236842105263158,0.221822541966427,0.408805031446541,0.236842105263158,0.0454545454545455,0.170731707317073,0.2,0.4,0,
0.456521739130435,0.384615384615385,0.583333333333333,0.139737991266376,0.0769230769230769,0.150943396226415,0.281045751633987,0.485714285714286,0.166666666666667,0.442857142857143,0.242105263157895,0.209832134292566,0.327044025157233,0.197368421052632,0.0454545454545455,0.146341463414634,0.333333333333333,0.533333333333333,0,
0.195652173913043,0.384615384615385,0.416666666666667,0.637554585152838,0.637362637362637,1,0.176470588235294,0.628571428571429,0.0833333333333333,0.385714285714286,0.531578947368421,0.12589928057554,0.39622641509434,0.526315789473684,0.181818181818182,0.219512195121951,0.466666666666667,0.6,0,
0.369565217391304,0.346153846153846,0.319444444444444,0.174672489082969,0.131868131868132,0.0943396226415094,0.124183006535948,0.685714285714286,0.0833333333333333,0.342857142857143,0.126315789473684,0.0899280575539568,0.333333333333333,0.0789473684210526,0.681818181818182,0.0731707317073171,0.7,0.766666666666667,0,
0.347826086956522,0.346153846153846,0.680555555555556,0.187772925764192,0.153846153846154,0.169811320754717,0.254901960784314,0.514285714285714,0.166666666666667,0.385714285714286,0.210526315789474,0.184652278177458,0.339622641509434,0.171052631578947,0.5,0.560975609756098,0.366666666666667,0.6,0,
0.478260869565217,0.538461538461538,0.666666666666667,0.253275109170306,0.186813186813187,0.169811320754717,0.30718954248366,0.485714285714286,0.25,0.557142857142857,0.242105263157895,0.224220623501199,0.477987421383648,0.157894736842105,0.545454545454545,0.317073170731707,0.433333333333333,0.566666666666667,0,
0.347826086956522,0.269230769230769,0.541666666666667,0.218340611353712,0.186813186813187,0.132075471698113,0.209150326797386,0.571428571428571,0.166666666666667,0.3,0.2,0.152278177458034,0.251572327044025,0.157894736842105,0.363636363636364,0.170731707317073,0.4,0.533333333333333,0,
0.347826086956522,0.269230769230769,0.513888888888889,0.240174672489083,0.197802197802198,0.132075471698113,0.209150326797386,0.571428571428571,0.166666666666667,0.328571428571429,0.2,0.155875299760192,0.213836477987421,0.144736842105263,0,0.121951219512195,0.466666666666667,0.633333333333333,0,
0.5,0.269230769230769,0.416666666666667,0.0698689956331878,0.032967032967033,0.113207547169811,0.163398692810458,0.685714285714286,0.0833333333333333,0.328571428571429,0.168421052631579,0.101918465227818,0.188679245283019,0.276315789473684,0.454545454545455,0.317073170731707,0.233333333333333,0.0666666666666667,0,
0.260869565217391,0.461538461538462,0.555555555555556,0.218340611353712,0.186813186813187,0.132075471698113,0.228758169934641,0.542857142857143,0.166666666666667,0.428571428571429,0.205263157894737,0.167865707434053,0.408805031446541,0.157894736842105,0.0454545454545455,0.0975609756097561,0.4,0.6,0,
0.347826086956522,0.384615384615385,0.625,0.244541484716157,0.186813186813187,0.169811320754717,0.281045751633987,0.485714285714286,0.166666666666667,0.471428571428571,0.226315789473684,0.206235011990408,0.408805031446541,0.171052631578947,0.227272727272727,0.219512195121951,0.3,0.5,0,
0.434782608695652,0.423076923076923,0.694444444444444,0.270742358078603,0.197802197802198,0.150943396226415,0.26797385620915,0.514285714285714,0.166666666666667,0.542857142857143,0.210526315789474,0.196642685851319,0.213836477987421,0.0921052631578947,0.409090909090909,0.414634146341463,0.6,0.733333333333333,0,
0.369565217391304,0.307692307692308,0.305555555555556,0.187772925764192,0.142857142857143,0.0754716981132075,0.104575163398693,0.742857142857143,0.0833333333333333,0.328571428571429,0.1,0.0743405275779376,0.30188679245283,0.0263157894736842,0.590909090909091,0.0975609756097561,0.833333333333333,0.9,0,
0.478260869565217,0.423076923076923,0.611111111111111,0.235807860262009,0.164835164835165,0.150943396226415,0.215686274509804,0.571428571428571,0.166666666666667,0.428571428571429,0.173684210526316,0.15347721822542,0.358490566037736,0.0657894736842105,0.454545454545455,0.146341463414634,0.766666666666667,0.833333333333333,0,
0.217391304347826,0.153846153846154,0.305555555555556,0.0393013100436681,0.0659340659340659,0.0754716981132075,0.065359477124183,0.828571428571429,0,0.157142857142857,0.068421052631579,0.0407673860911271,0.163522012578616,0.263157894736842,0,0.170731707317073,0.166666666666667,0.133333333333333,0,
0.826086956521739,0.653846153846154,0.875,0.414847161572052,0.142857142857143,0.169811320754717,0.647058823529412,0.142857142857143,0.583333333333333,0.542857142857143,0.489473684210526,0.574340527577938,0.49685534591195,0.118421052631579,0.409090909090909,0.219512195121951,0.466666666666667,0.633333333333333,1,
0.239130434782609,0.0769230769230769,0.180555555555556,0.0786026200873362,0.10989010989011,0.0377358490566038,0.0261437908496732,0.942857142857143,0,0.0714285714285714,0.0263157894736842,0.0143884892086331,0.119496855345912,0.223684210526316,0.454545454545455,0.658536585365854,0.233333333333333,0.3,1,
0.630434782608696,0.807692307692308,0.916666666666667,0.510917030567686,0.230769230769231,0.169811320754717,0.620915032679739,0.171428571428571,0.583333333333333,0.657142857142857,0.515789473684211,0.544364508393285,0.811320754716981,0.157894736842105,0,0.634146341463415,0.433333333333333,0.633333333333333,1,
0.239130434782609,0.423076923076923,0.513888888888889,0.200873362445415,0.131868131868132,0.0566037735849057,0.261437908496732,0.514285714285714,0.166666666666667,0.357142857142857,0.236842105263158,0.191846522781775,0.427672955974843,0.236842105263158,0.363636363636364,0.0487804878048781,0.233333333333333,0.2,1,
0.152173913043478,0.192307692307692,0.319444444444444,0.109170305676856,0.0879120879120879,0.0943396226415094,0.222222222222222,0.571428571428571,0.166666666666667,0.171428571428571,0.2,0.155875299760192,0.308176100628931,0.315789473684211,0.409090909090909,0.48780487804878,0.133333333333333,0.133333333333333,1,
0.369565217391304,0.384615384615385,0.444444444444444,0.296943231441048,0.131868131868132,0.113207547169811,0.274509803921569,0.457142857142857,0.166666666666667,0.371428571428571,0.231578947368421,0.211031175059952,0.308176100628931,0.0263157894736842,0.681818181818182,0.219512195121951,0.9,0.933333333333333,1,
0.782608695652174,0.769230769230769,0.875,0.462882096069869,0.175824175824176,0.169811320754717,0.699346405228758,0.114285714285714,0.666666666666667,0.771428571428571,0.521052631578947,0.627098321342926,0.647798742138365,0.157894736842105,0.272727272727273,0.0731707317073171,0.4,0.6,1,
0.91304347826087,0.692307692307692,0.833333333333333,0.423580786026201,0.142857142857143,0.188679245283019,0.549019607843137,0.228571428571429,0.5,0.628571428571429,0.405263157894737,0.466426858513189,0.471698113207547,0.0394736842105263,1,0.024390243902439,0.733333333333333,0.9,1,
0.391304347826087,0.269230769230769,0.597222222222222,0.270742358078603,0.142857142857143,0.113207547169811,0.313725490196078,0.428571428571429,0.25,0.214285714285714,0.310526315789474,0.238609112709832,0.289308176100629,0.171052631578947,0.227272727272727,0.170731707317073,0.333333333333333,0.333333333333333,1,
0.391304347826087,0.230769230769231,0.597222222222222,0.2882096069869,0.142857142857143,0.113207547169811,0.392156862745098,0.342857142857143,0.333333333333333,0.228571428571429,0.352631578947368,0.31294964028777,0.270440251572327,0.171052631578947,0,0.24390243902439,0.4,0.433333333333333,1,
0.478260869565217,0.769230769230769,0.763888888888889,0.427947598253275,0.197802197802198,0.150943396226415,0.529411764705882,0.228571428571429,0.416666666666667,0.6,0.473684210526316,0.449640287769784,0.805031446540881,0.157894736842105,0.136363636363636,0.0487804878048781,0.4,0.5,1,
1,0.807692307692308,0.916666666666667,0.506550218340611,0.197802197802198,0.188679245283019,0.660130718954248,0.142857142857143,0.583333333333333,0.7,0.489473684210526,0.588729016786571,0.773584905660377,0.0921052631578947,0.909090909090909,0.024390243902439,0.533333333333333,0.7,1,
0.673913043478261,0.615384615384615,0.902777777777778,0.458515283842795,0.153846153846154,0.169811320754717,0.620915032679739,0.171428571428571,0.583333333333333,0.557142857142857,0.457894736842105,0.543165467625899,0.371069182389937,0.0657894736842105,0,0.463414634146341,0.566666666666667,0.866666666666667,1,
0.478260869565217,0.538461538461538,0.569444444444444,0.314410480349345,0.131868131868132,0.0943396226415094,0.366013071895425,0.371428571428571,0.25,0.485714285714286,0.347368421052632,0.288968824940048,0.477987421383648,0.105263157894737,0.181818181818182,0.0975609756097561,0.5,0.566666666666667,1,
0.195652173913043,0.115384615384615,0.194444444444444,0.0567685589519651,0.0659340659340659,0.0943396226415094,0.0849673202614379,0.8,0.0833333333333333,0.114285714285714,0.0842105263157895,0.0539568345323741,0.119496855345912,0.25,0.0454545454545455,0.121951219512195,0.133333333333333,0.1,1,
0.934782608695652,0.769230769230769,0.972222222222222,0.554585152838428,0.21978021978022,0.188679245283019,0.686274509803922,0.142857142857143,0.583333333333333,0.671428571428571,0.531578947368421,0.609112709832134,0.710691823899371,0.105263157894737,0.727272727272727,0.682926829268293,0.533333333333333,0.833333333333333,1,
0.543478260869565,0.653846153846154,0.694444444444444,0.384279475982533,0.175824175824176,0.132075471698113,0.42483660130719,0.314285714285714,0.333333333333333,0.528571428571429,0.342105263157895,0.345323741007194,0.553459119496855,0.0789473684210526,0.454545454545455,0.024390243902439,0.566666666666667,0.666666666666667,1,
0.760869565217391,0.807692307692308,0.902777777777778,0.432314410480349,0.164835164835165,0.169811320754717,0.588235294117647,0.2,0.5,0.657142857142857,0.452631578947368,0.508393285371703,0.792452830188679,0.118421052631579,0.545454545454545,0.0731707317073171,0.466666666666667,0.633333333333333,1,
0.717391304347826,0.576923076923077,0.930555555555556,0.427947598253275,0.153846153846154,0.150943396226415,0.620915032679739,0.171428571428571,0.583333333333333,0.5,0.510526315789474,0.540767386091127,0.572327044025157,0.144736842105263,0.227272727272727,0.682926829268293,0.466666666666667,0.733333333333333,1,
0.347826086956522,0.576923076923077,0.625,0.37117903930131,0.186813186813187,0.113207547169811,0.372549019607843,0.371428571428571,0.25,0.5,0.305263157894737,0.29136690647482,0.509433962264151,0.0657894736842105,0.727272727272727,0.121951219512195,0.633333333333333,0.666666666666667,1,
0.369565217391304,0.230769230769231,0.625,0.244541484716157,0.131868131868132,0.0943396226415094,0.333333333333333,0.428571428571429,0.25,0.185714285714286,0.310526315789474,0.254196642685851,0.308176100628931,0.157894736842105,0.318181818181818,0.317073170731707,0.333333333333333,0.366666666666667,1,
0.5,0.269230769230769,0.833333333333333,0.323144104803493,0.120879120879121,0.113207547169811,0.450980392156863,0.314285714285714,0.333333333333333,0.228571428571429,0.394736842105263,0.3621103117506,0.320754716981132,0.118421052631579,0.227272727272727,0.829268292682927,0.533333333333333,0.7,1,
0.608695652173913,0.346153846153846,0.305555555555556,0.310043668122271,0.21978021978022,0.0754716981132075,0.241830065359477,0.485714285714286,0.166666666666667,0.3,0.205263157894737,0.188249400479616,0.352201257861635,0.0789473684210526,0.318181818181818,0.268292682926829,0.866666666666667,0.933333333333333,2,
0.304347826086957,0.230769230769231,0.472222222222222,0.266375545851528,0.208791208791209,0.0754716981132075,0.215686274509804,0.542857142857143,0.166666666666667,0.228571428571429,0.226315789473684,0.160671462829736,0.188679245283019,0.144736842105263,0.136363636363636,0.51219512195122,0.633333333333333,0.633333333333333,2,
0.543478260869565,0.5,0.513888888888889,0.414847161572052,0.263736263736264,0.0943396226415094,0.352941176470588,0.371428571428571,0.25,0.457142857142857,0.284210526315789,0.28537170263789,0.446540880503145,0.131578947368421,0.590909090909091,0.219512195121951,0.8,0.733333333333333,2,
0.565217391304348,0.307692307692308,0.513888888888889,0.406113537117904,0.241758241758242,0.0754716981132075,0.42483660130719,0.285714285714286,0.333333333333333,0.3,0.378947368421053,0.360911270983213,0.264150943396226,0.171052631578947,0.181818181818182,0.24390243902439,0.733333333333333,0.6,2,
0.5,0.423076923076923,0.388888888888889,0.375545851528384,0.252747252747253,0.0943396226415094,0.281045751633987,0.428571428571429,0.166666666666667,0.385714285714286,0.257894736842105,0.225419664268585,0.358490566037736,0.105263157894737,0.227272727272727,0.170731707317073,0.866666666666667,0.833333333333333,2,
0.456521739130435,0.423076923076923,0.416666666666667,0.358078602620087,0.274725274725275,0.113207547169811,0.26797385620915,0.457142857142857,0.166666666666667,0.371428571428571,0.215789473684211,0.212230215827338,0.433962264150943,0.105263157894737,0.318181818181818,0.0487804878048781,0.766666666666667,0.833333333333333,2,
0.173913043478261,0.423076923076923,0.444444444444444,0.152838427947598,0.142857142857143,0.0754716981132075,0.26797385620915,0.514285714285714,0.166666666666667,0.4,0.263157894736842,0.195443645083933,0.433962264150943,0.289473684210526,0.0454545454545455,0.365853658536585,0.2,0.166666666666667,2,
0.239130434782609,0.423076923076923,0.347222222222222,0.104803493449782,0.0879120879120879,0.113207547169811,0.248366013071895,0.571428571428571,0.166666666666667,0.428571428571429,0.205263157894737,0.169064748201439,0.421383647798742,0.302631578947368,0.0454545454545455,0.268292682926829,0.1,0.0666666666666667,2,
0.260869565217391,0.346153846153846,0.361111111111111,0.0698689956331878,0.0659340659340659,0.0943396226415094,0.241830065359477,0.542857142857143,0.166666666666667,0.385714285714286,0.226315789473684,0.169064748201439,0.339622641509434,0.342105263157895,0.227272727272727,0.0975609756097561,0.133333333333333,0.0333333333333333,2,
0.260869565217391,0.423076923076923,0.416666666666667,0.441048034934498,0.615384615384615,0.943396226415094,0.241830065359477,0.542857142857143,0.166666666666667,0.371428571428571,0.58421052631579,0.169064748201439,0.49685534591195,0.894736842105263,0.409090909090909,0.268292682926829,0.133333333333333,0.0666666666666667,2,
0.782608695652174,0.730769230769231,0.763888888888889,0.37117903930131,0.120879120879121,0.0377358490566038,0.751633986928105,0.0857142857142857,0.666666666666667,0.571428571428571,0.694736842105263,0.709832134292566,0.679245283018868,0.302631578947368,0,0.463414634146341,0.366666666666667,0.166666666666667,2,
0.543478260869565,0.5,0.666666666666667,0.379912663755459,0.175824175824176,0.0754716981132075,0.522875816993464,0.228571428571429,0.416666666666667,0.414285714285714,0.447368421052632,0.454436450839329,0.408805031446541,0.184210526315789,0.0909090909090909,0.634146341463415,0.6,0.533333333333333,2,
0.391304347826087,0.346153846153846,0.569444444444444,0.388646288209607,0.241758241758242,0.0566037735849057,0.372549019607843,0.342857142857143,0.25,0.271428571428571,0.284210526315789,0.299760191846523,0.29559748427673,0.118421052631579,0.136363636363636,0.560975609756098,0.733333333333333,0.766666666666667,2,
0.195652173913043,0.384615384615385,0.430555555555556,0.218340611353712,0.230769230769231,0.0943396226415094,0.248366013071895,0.542857142857143,0.166666666666667,0.357142857142857,0.215789473684211,0.175059952038369,0.40251572327044,0.25,0.318181818181818,0.268292682926829,0.166666666666667,0.166666666666667,2,
0.347826086956522,0.269230769230769,0.444444444444444,0.222707423580786,0.175824175824176,0.0943396226415094,0.222222222222222,0.542857142857143,0.166666666666667,0.242857142857143,0.236842105263158,0.164268585131894,0.226415094339623,0.171052631578947,0.181818181818182,0.24390243902439,0.533333333333333,0.5,2,
0.152173913043478,0.384615384615385,0.388888888888889,0.0698689956331878,0.0769230769230769,0.113207547169811,0.248366013071895,0.542857142857143,0.166666666666667,0.385714285714286,0.215789473684211,0.173860911270983,0.421383647798742,0.342105263157895,0.181818181818182,0.195121951219512,0.1,0.0666666666666667,2,
0.304347826086957,0.384615384615385,0.347222222222222,0.100436681222707,0.0989010989010989,0.113207547169811,0.241830065359477,0.571428571428571,0.166666666666667,0.357142857142857,0.205263157894737,0.165467625899281,0.389937106918239,0.342105263157895,0.272727272727273,0.0731707317073171,0.133333333333333,0.0333333333333333,2,
0.260869565217391,0.307692307692308,0.361111111111111,0.222707423580786,0.197802197802198,0.377358490566038,0.241830065359477,0.542857142857143,0.166666666666667,0.3,0.226315789473684,0.175059952038369,0.289308176100629,0.210526315789474,0.272727272727273,0.390243902439024,0.266666666666667,0.333333333333333,2,
0.565217391304348,0.576923076923077,0.541666666666667,0.414847161572052,0.230769230769231,0.0754716981132075,0.477124183006536,0.257142857142857,0.416666666666667,0.5,0.378947368421053,0.407673860911271,0.389937106918239,0.197368421052632,0.227272727272727,0.195121951219512,0.633333333333333,0.466666666666667,2,
0.195652173913043,0.461538461538462,0.361111111111111,0.646288209606987,0.868131868131868,0.943396226415094,0.235294117647059,0.542857142857143,0.166666666666667,0.371428571428571,0.563157894736842,0.170263788968825,0.477987421383648,0.789473684210526,0.0454545454545455,0.024390243902439,0.166666666666667,0.133333333333333,2,
0.782608695652174,0.846153846153846,0.861111111111111,0.283842794759825,0.043956043956044,0.0754716981132075,0.843137254901961,0.0285714285714286,0.75,0.671428571428571,0.710526315789474,0.822541966426859,0.867924528301887,0.328947368421053,0.454545454545455,0.268292682926829,0.266666666666667,0.0666666666666667,2,
0.456521739130435,0.153846153846154,0.444444444444444,0.388646288209607,0.274725274725275,0.0754716981132075,0.300653594771242,0.428571428571429,0.166666666666667,0.214285714285714,0.284210526315789,0.241007194244604,0.113207547169811,0.144736842105263,0,0.341463414634146,0.8,0.766666666666667,2,
0.608695652173913,0.884615384615385,0.833333333333333,0.279475982532751,0.0879120879120879,0.169811320754717,0.666666666666667,0.142857142857143,0.583333333333333,0.814285714285714,0.468421052631579,0.595923261390887,0.723270440251572,0.197368421052632,0.0909090909090909,0.0731707317073171,0.3,0.366666666666667,3,
0.282608695652174,0.192307692307692,0.680555555555556,0.314410480349345,0.131868131868132,0.132075471698113,0.372549019607843,0.371428571428571,0.25,0.2,0.315789473684211,0.292565947242206,0.245283018867925,0.105263157894737,0.318181818181818,0.804878048780488,0.566666666666667,0.7,3,
0.239130434782609,0.192307692307692,0.277777777777778,0.104803493449782,0.0989010989010989,0.0566037735849057,0.130718954248366,0.685714285714286,0.0833333333333333,0.171428571428571,0.0947368421052632,0.092326139088729,0.20125786163522,0.210526315789474,0.363636363636364,0.0975609756097561,0.3,0.233333333333333,3,
0.652173913043478,0.884615384615385,0.833333333333333,0.353711790393013,0.131868131868132,0.169811320754717,0.679738562091503,0.142857142857143,0.583333333333333,0.785714285714286,0.468421052631579,0.599520383693046,0.691823899371069,0.210526315789474,0.681818181818182,0.268292682926829,0.333333333333333,0.433333333333333,3,
0.58695652173913,0.923076923076923,0.930555555555556,0.449781659388646,0.175824175824176,0.169811320754717,0.751633986928105,0.114285714285714,0.666666666666667,0.885714285714286,0.547368421052632,0.685851318944844,0.60377358490566,0.171052631578947,0.272727272727273,0.463414634146341,0.333333333333333,0.566666666666667,3,
0.152173913043478,0.230769230769231,0.277777777777778,0.0786026200873362,0.0989010989010989,0.0754716981132075,0.176470588235294,0.657142857142857,0.0833333333333333,0.185714285714286,0.110526315789474,0.116306954436451,0.207547169811321,0.276315789473684,0,0.121951219512195,0.1,0.166666666666667,3,
0.608695652173913,0.769230769230769,0.875,0.432314410480349,0.175824175824176,0.132075471698113,0.542483660130719,0.228571428571429,0.416666666666667,0.628571428571429,0.421052631578947,0.464028776978417,0.635220125786163,0.118421052631579,0.227272727272727,0.121951219512195,0.5,0.566666666666667,3,
0.260869565217391,0.230769230769231,0.513888888888889,0.205240174672489,0.131868131868132,0.113207547169811,0.248366013071895,0.542857142857143,0.166666666666667,0.228571428571429,0.242105263157895,0.176258992805755,0.150943396226415,0.184210526315789,0,0.390243902439024,0.266666666666667,0.4,3,
0.347826086956522,0.307692307692308,0.486111111111111,0.170305676855895,0.0989010989010989,0.0943396226415094,0.222222222222222,0.571428571428571,0.166666666666667,0.271428571428571,0.210526315789474,0.15947242206235,0.29559748427673,0.223684210526316,0.818181818181818,0.121951219512195,0.266666666666667,0.233333333333333,3,
0.760869565217391,0.692307692307692,0.875,0.406113537117904,0.142857142857143,0.169811320754717,0.647058823529412,0.142857142857143,0.583333333333333,0.6,0.484210526315789,0.571942446043165,0.490566037735849,0.105263157894737,0.318181818181818,0.0731707317073171,0.466666666666667,0.633333333333333,3,
0.5,0.576923076923077,0.597222222222222,0.318777292576419,0.131868131868132,0.113207547169811,0.38562091503268,0.371428571428571,0.333333333333333,0.485714285714286,0.342105263157895,0.304556354916067,0.547169811320755,0.105263157894737,0.681818181818182,0,0.633333333333333,0.666666666666667,3,
0.434782608695652,0.461538461538462,0.458333333333333,0.262008733624454,0.131868131868132,0.0943396226415094,0.30718954248366,0.457142857142857,0.25,0.4,0.273684210526316,0.233812949640288,0.49685534591195,0.0789473684210526,0.5,0.365853658536585,0.633333333333333,0.666666666666667,3,
0.0869565217391304,0.192307692307692,0.319444444444444,0.135371179039301,0.131868131868132,0.0566037735849057,0.117647058823529,0.742857142857143,0.0833333333333333,0.171428571428571,0.0789473684210526,0.0755395683453237,0.188679245283019,0.263157894736842,0.590909090909091,0.51219512195122,0.233333333333333,0.2,3,
0.304347826086957,0.615384615384615,0.638888888888889,0.375545851528384,0.186813186813187,0.132075471698113,0.42483660130719,0.314285714285714,0.333333333333333,0.5,0.352631578947368,0.344124700239808,0.628930817610063,0.105263157894737,0.5,0.170731707317073,0.533333333333333,0.6,3,
0.130434782608696,0.269230769230769,0.555555555555556,0.126637554585153,0.0879120879120879,0.0943396226415094,0.228758169934641,0.6,0.166666666666667,0.242857142857143,0.221052631578947,0.152278177458034,0.220125786163522,0.223684210526316,0.363636363636364,0.731707317073171,0.166666666666667,0.4,3,
0.347826086956522,0.423076923076923,0.583333333333333,0.139737991266376,0.0769230769230769,0.0754716981132075,0.241830065359477,0.542857142857143,0.166666666666667,0.371428571428571,0.210526315789474,0.177458033573141,0.371069182389937,0.118421052631579,0.454545454545455,0.341463414634146,0.4,0.4,3,
0.391304347826087,0.0769230769230769,0.361111111111111,0.240174672489083,0.131868131868132,0.0943396226415094,0.228758169934641,0.542857142857143,0.166666666666667,0.185714285714286,0.205263157894737,0.165467625899281,0.0880503144654088,0.0657894736842105,0.0454545454545455,0.024390243902439,0.7,0.733333333333333,3,
0.543478260869565,0.576923076923077,0.847222222222222,0.397379912663755,0.153846153846154,0.169811320754717,0.620915032679739,0.142857142857143,0.5,0.485714285714286,0.510526315789474,0.558752997601918,0.528301886792453,0.157894736842105,0.227272727272727,0.170731707317073,0.433333333333333,0.5,3,
0.543478260869565,0.961538461538462,0.847222222222222,0.454148471615721,0.197802197802198,0.188679245283019,0.745098039215686,0.114285714285714,0.666666666666667,0.914285714285714,0.5,0.676258992805755,0.672955974842767,0.157894736842105,0.272727272727273,0.024390243902439,0.3,0.5,3,
0.521739130434783,0.307692307692308,0.722222222222222,0.406113537117904,0.175824175824176,0.150943396226415,0.437908496732026,0.314285714285714,0.333333333333333,0.314285714285714,0.352631578947368,0.356115107913669,0.169811320754717,0.0526315789473684,0.181818181818182,0.0731707317073171,0.7,0.766666666666667,3,
0.434782608695652,0.384615384615385,0.527777777777778,0.270742358078603,0.131868131868132,0.0943396226415094,0.254901960784314,0.514285714285714,0.166666666666667,0.328571428571429,0.273684210526316,0.189448441247002,0.408805031446541,0.118421052631579,0.681818181818182,0.0487804878048781,0.566666666666667,0.533333333333333,3,
