85,18,4,
0.478260869565217,0.538461538461538,0.666666666666667,0.253275109170306,0.186813186813187,0.169811320754717,0.30718954248366,0.485714285714286,0.25,0.557142857142857,0.242105263157895,0.224220623501199,0.477987421383648,0.157894736842105,0.545454545454545,0.317073170731707,0.433333333333333,0.566666666666667,0,
0.369565217391304,0.384615384615385,0.569444444444444,0.554585152838428,0.54945054945055,0.830188679245283,0.248366013071895,0.542857142857143,0.166666666666667,0.442857142857143,0.368421052631579,0.177458033573141,0.345911949685535,0.421052631578947,0.227272727272727,0.219512195121951,0.333333333333333,0.5,0,
0.260869565217391,0.230769230769231,0.236111111111111,0.0960698689956332,0.0989010989010989,0.0754716981132075,0.0130718954248366,0.914285714285714,0,0.242857142857143,0.0210526315789474,0.013189448441247,0.226415094339623,0.0657894736842105,0.772727272727273,0.170731707317073,0.7,0.7,0,
0.304347826086957,0.538461538461538,0.569444444444444,0.196506550218341,0.164835164835165,0.132075471698113,0.228758169934641,0.542857142857143,0.166666666666667,0.485714285714286,0.215789473684211,0.169064748201439,0.452830188679245,0.171052631578947,0,0.146341463414634,0.4,0.566666666666667,0,
0.282608695652174,0.230769230769231,0.305555555555556,0.109170305676856,0.131868131868132,0.0754716981132075,0.0261437908496732,0.885714285714286,0,0.242857142857143,0.0368421052631579,0.0227817745803357,0.226415094339623,0.0657894736842105,0.318181818181818,0.219512195121951,0.766666666666667,0.766666666666667,0,
0.326086956521739,0.0769230769230769,0.277777777777778,0.170305676855895,0.131868131868132,0.0943396226415094,0.104575163398693,0.742857142857143,0.0833333333333333,0.157142857142857,0.0894736842105263,0.0743405275779376,0,0.0394736842105263,0.0454545454545455,0.146341463414634,0.866666666666667,0.933333333333333,0,
0.369565217391304,0.230769230769231,0.236111111111111,0.0436681222707424,0.010989010989011,0.0943396226415094,0.150326797385621,0.714285714285714,0.0833333333333333,0.3,0.131578947368421,0.092326139088729,0.264150943396226,0.342105263157895,0.545454545454545,0.195121951219512,0.233333333333333,0.0333333333333333,0,
0.347826086956522,0.192307692307692,0.472222222222222,0.148471615720524,0.131868131868132,0.0943396226415094,0.156862745098039,0.657142857142857,0.0833333333333333,0.214285714285714,0.194736842105263,0.112709832134293,0.119496855345912,0.171052631578947,0.318181818181818,0.170731707317073,0.433333333333333,0.4,0,
0.391304347826087,0.307692307692308,0.333333333333333,0.192139737991266,0.153846153846154,0.113207547169811,0.111111111111111,0.714285714285714,0.0833333333333333,0.342857142857143,0.163157894736842,0.0779376498800959,0.276729559748428,0.118421052631579,0.272727272727273,0.292682926829268,0.6,0.666666666666667,0,
0.5,0.5,0.666666666666667,0.305676855895197,0.230769230769231,0.150943396226415,0.281045751633987,0.485714285714286,0.166666666666667,0.428571428571429,0.226315789473684,0.203836930455636,0.459119496855346,0.131578947368421,0.636363636363636,0.365853658536585,0.6,0.7,0,
0.434782608695652,0.346153846153846,0.416666666666667,0.117903930131004,0.0989010989010989,0.0943396226415094,0.0980392156862745,0.771428571428571,0.0833333333333333,0.385714285714286,0.136842105263158,0.0671462829736211,0.270440251572327,0.197368421052632,0.227272727272727,0.0975609756097561,0.433333333333333,0.3,0,
0.260869565217391,0.115384615384615,0.361111111111111,0.0829694323144105,0.0879120879120879,0.0566037735849057,0.0522875816993464,0.857142857142857,0,0.142857142857143,0.0526315789473684,0.0335731414868106,0.138364779874214,0.184210526315789,0.0454545454545455,0.439024390243902,0.333333333333333,0.3,0,
0.391304347826087,0.5,0.527777777777778,0.192139737991266,0.153846153846154,0.132075471698113,0.228758169934641,0.542857142857143,0.166666666666667,0.485714285714286,0.2,0.166666666666667,0.566037735849057,0.144736842105263,0.590909090909091,0.268292682926829,0.433333333333333,0.633333333333333,0,
0.5,0.230769230769231,0.513888888888889,0.244541484716157,0.164835164835165,0.113207547169811,0.183006535947712,0.6,0.0833333333333333,0.457142857142857,0.163157894736842,0.13189448441247,0.0943396226415094,0.0394736842105263,0.681818181818182,0.0731707317073171,0.833333333333333,0.9,0,
0.391304347826087,0.423076923076923,0.361111111111111,0.205240174672489,0.175824175824176,0.0943396226415094,0.163398692810458,0.628571428571429,0.0833333333333333,0.4,0.189473684210526,0.115107913669065,0.364779874213836,0.171052631578947,0.0454545454545455,0.219512195121951,0.4,0.433333333333333,0,
0.347826086956522,0.5,0.472222222222222,0.135371179039301,0.131868131868132,0.132075471698113,0.294117647058824,0.514285714285714,0.25,0.571428571428571,0.210526315789474,0.206235011990408,0.427672955974843,0.263157894736842,0.545454545454545,0.0731707317073171,0.266666666666667,0.333333333333333,0,
0.282608695652174,0.423076923076923,0.527777777777778,0.262008733624454,0.230769230769231,0.132075471698113,0.196078431372549,0.571428571428571,0.0833333333333333,0.414285714285714,0.2,0.145083932853717,0.389937106918239,0.144736842105263,0.0454545454545455,0.268292682926829,0.466666666666667,0.666666666666667,0,
0.347826086956522,0.538461538461538,0.611111111111111,0.126637554585153,0.0879120879120879,0.169811320754717,0.294117647058824,0.514285714285714,0.25,0.6,0.205263157894737,0.203836930455636,0.421383647798742,0.197368421052632,0.227272727272727,0.219512195121951,0.2,0.366666666666667,0,
0.521739130434783,0.461538461538462,0.666666666666667,0.301310043668122,0.21978021978022,0.150943396226415,0.294117647058824,0.485714285714286,0.25,0.557142857142857,0.226315789473684,0.217026378896883,0.30188679245283,0.105263157894737,0.363636363636364,0.292682926829268,0.533333333333333,0.633333333333333,0,
0.391304347826087,0.346153846153846,0.555555555555556,0.253275109170306,0.208791208791209,0.113207547169811,0.235294117647059,0.514285714285714,0.166666666666667,0.385714285714286,0.215789473684211,0.176258992805755,0.238993710691824,0.144736842105263,0.136363636363636,0.121951219512195,0.433333333333333,0.6,0,
0.91304347826087,0.692307692307692,0.833333333333333,0.423580786026201,0.142857142857143,0.188679245283019,0.549019607843137,0.228571428571429,0.5,0.628571428571429,0.405263157894737,0.466426858513189,0.471698113207547,0.0394736842105263,1,0.024390243902439,0.733333333333333,0.9,1,
0.347826086956522,0.153846153846154,0.194444444444444,0.0655021834061135,0.0659340659340659,0.0566037735849057,0.143790849673203,0.685714285714286,0.0833333333333333,0.128571428571429,0.110526315789474,0.0983213429256595,0.232704402515723,0.263157894736842,0.727272727272727,0.341463414634146,0.266666666666667,0.133333333333333,1,
0.304347826086957,0.153846153846154,0.277777777777778,0.122270742358079,0.10989010989011,0.0754716981132075,0.104575163398693,0.742857142857143,0.0833333333333333,0.157142857142857,0.126315789473684,0.0707434052757794,0.144654088050314,0.157894736842105,0.0454545454545455,0.341463414634146,0.333333333333333,0.366666666666667,1,
0.347826086956522,0.461538461538462,0.513888888888889,0.366812227074236,0.186813186813187,0.132075471698113,0.320261437908497,0.428571428571429,0.25,0.471428571428571,0.315789473684211,0.247002398081535,0.408805031446541,0.0921052631578947,0.181818181818182,0.0487804878048781,0.6,0.666666666666667,1,
0.673913043478261,0.692307692307692,0.902777777777778,0.279475982532751,0.0769230769230769,0.150943396226415,0.627450980392157,0.171428571428571,0.583333333333333,0.628571428571429,0.473684210526316,0.547961630695444,0.70440251572327,0.171052631578947,0.409090909090909,0.48780487804878,0.366666666666667,0.533333333333333,1,
0.543478260869565,0.653846153846154,0.694444444444444,0.384279475982533,0.175824175824176,0.132075471698113,0.42483660130719,0.314285714285714,0.333333333333333,0.528571428571429,0.342105263157895,0.345323741007194,0.553459119496855,0.0789473684210526,0.454545454545455,0.024390243902439,0.566666666666667,0.666666666666667,1,
0.41304347826087,0.153846153846154,0.555555555555556,0.331877729257642,0.21978021978022,0.113207547169811,0.274509803921569,0.485714285714286,0.166666666666667,0.157142857142857,0.263157894736842,0.202637889688249,0.220125786163522,0.131578947368421,0.272727272727273,0.219512195121951,0.466666666666667,0.466666666666667,1,
0.608695652173913,0.576923076923077,0.625,0.379912663755459,0.142857142857143,0.169811320754717,0.411764705882353,0.342857142857143,0.333333333333333,0.5,0.326315789473684,0.328537170263789,0.490566037735849,0.0394736842105263,0.227272727272727,0.536585365853659,0.7,0.966666666666667,1,
0.5,0.307692307692308,0.402777777777778,0.213973799126638,0.0989010989010989,0.0943396226415094,0.189542483660131,0.6,0.0833333333333333,0.328571428571429,0.168421052631579,0.135491606714628,0.377358490566038,0.0263157894736842,0.5,0.195121951219512,0.866666666666667,0.933333333333333,1,
0.478260869565217,0.461538461538462,0.902777777777778,0.454148471615721,0.186813186813187,0.150943396226415,0.490196078431373,0.285714285714286,0.416666666666667,0.457142857142857,0.378947368421053,0.402877697841727,0.308176100628931,0.0657894736842105,0.318181818181818,0.780487804878049,0.733333333333333,1,1,
0.652173913043478,0.5,0.916666666666667,0.458515283842795,0.208791208791209,0.150943396226415,0.594771241830065,0.2,0.5,0.442857142857143,0.457894736842105,0.513189448441247,0.635220125786163,0.144736842105263,0.409090909090909,0.24390243902439,0.5,0.6,1,
0.782608695652174,0.807692307692308,0.875,0.506550218340611,0.208791208791209,0.169811320754717,0.666666666666667,0.142857142857143,0.583333333333333,0.7,0.521052631578947,0.591127098321343,0.647798742138365,0.144736842105263,0.0454545454545455,0.560975609756098,0.4,0.666666666666667,1,
0.521739130434783,0.307692307692308,0.666666666666667,0.349344978165939,0.131868131868132,0.132075471698113,0.411764705882353,0.342857142857143,0.333333333333333,0.314285714285714,0.326315789473684,0.329736211031175,0.238993710691824,0.0526315789473684,0.0454545454545455,0.121951219512195,0.666666666666667,0.8,1,
0.630434782608696,0.692307692307692,0.888888888888889,0.493449781659389,0.21978021978022,0.150943396226415,0.601307189542484,0.171428571428571,0.5,0.628571428571429,0.473684210526316,0.523980815347722,0.540880503144654,0.118421052631579,0.136363636363636,0.463414634146341,0.4,0.533333333333333,1,
0.543478260869565,0.192307692307692,0.527777777777778,0.379912663755459,0.197802197802198,0.113207547169811,0.372549019607843,0.371428571428571,0.25,0.257142857142857,0.352631578947368,0.294964028776978,0.20125786163522,0.105263157894737,0.409090909090909,0.48780487804878,0.533333333333333,0.6,1,
0.282608695652174,0.307692307692308,0.361111111111111,0.126637554585153,0.0989010989010989,0.0754716981132075,0.156862745098039,0.657142857142857,0.0833333333333333,0.257142857142857,0.131578947368421,0.107913669064748,0.333333333333333,0.197368421052632,0.227272727272727,0.341463414634146,0.233333333333333,0.266666666666667,1,
0.391304347826087,0.384615384615385,0.444444444444444,0.165938864628821,0.0989010989010989,0.0943396226415094,0.241830065359477,0.542857142857143,0.166666666666667,0.314285714285714,0.2,0.171462829736211,0.352201257861635,0.171052631578947,0.590909090909091,0.560975609756098,0.333333333333333,0.333333333333333,1,
0.543478260869565,0.538461538461538,0.958333333333333,0.427947598253275,0.131868131868132,0.169811320754717,0.568627450980392,0.228571428571429,0.5,0.514285714285714,0.405263157894737,0.482014388489209,0.352201257861635,0.0263157894736842,0.0454545454545455,0.804878048780488,0.6,0.9,1,
0.717391304347826,0.769230769230769,0.805555555555556,0.314410480349345,0.0769230769230769,0.150943396226415,0.679738562091503,0.142857142857143,0.583333333333333,0.757142857142857,0.552631578947368,0.607913669064748,0.685534591194969,0.197368421052632,0.0454545454545455,0.219512195121951,0.366666666666667,0.533333333333333,1,
0.434782608695652,0.153846153846154,0.5,0.344978165938865,0.175824175824176,0.113207547169811,0.339869281045752,0.4,0.25,0.228571428571429,0.321052631578947,0.264988009592326,0.188679245283019,0.105263157894737,0.181818181818182,0.170731707317073,0.533333333333333,0.533333333333333,1,
0.41304347826087,0.192307692307692,0.430555555555556,0.305676855895197,0.208791208791209,0.0943396226415094,0.274509803921569,0.485714285714286,0.166666666666667,0.214285714285714,0.268421052631579,0.205035971223022,0.132075471698113,0.144736842105263,0.181818181818182,0.585365853658537,0.433333333333333,0.466666666666667,1,
0.260869565217391,0.269230769230769,0.444444444444444,0.152838427947598,0.131868131868132,0.0566037735849057,0.130718954248366,0.685714285714286,0.0833333333333333,0.242857142857143,0.152631578947368,0.0911270983213429,0.257861635220126,0.118421052631579,0.136363636363636,0.219512195121951,0.5,0.466666666666667,1,
0.304347826086957,0.423076923076923,0.416666666666667,0.327510917030568,0.307692307692308,0.0754716981132075,0.222222222222222,0.542857142857143,0.166666666666667,0.328571428571429,0.194736842105263,0.170263788968825,0.433962264150943,0.131578947368421,0.272727272727273,0.024390243902439,0.6,0.666666666666667,2,
0.217391304347826,0.423076923076923,0.416666666666667,0.270742358078603,0.241758241758242,0.0566037735849057,0.202614379084967,0.571428571428571,0.0833333333333333,0.357142857142857,0.189473684210526,0.146282973621103,0.383647798742138,0.131578947368421,0.318181818181818,0.146341463414634,0.4,0.4,2,
0.195652173913043,0.423076923076923,0.444444444444444,0.139737991266376,0.153846153846154,0.0943396226415094,0.228758169934641,0.571428571428571,0.166666666666667,0.357142857142857,0.226315789473684,0.15947242206235,0.465408805031447,0.289473684210526,0.272727272727273,0.414634146341463,0.166666666666667,0.133333333333333,2,
0.217391304347826,0.423076923076923,0.388888888888889,0.174672489082969,0.153846153846154,0.113207547169811,0.228758169934641,0.542857142857143,0.166666666666667,0.357142857142857,0.210526315789474,0.169064748201439,0.446540880503145,0.197368421052632,0.0454545454545455,0.024390243902439,0.3,0.333333333333333,2,
0.41304347826087,0.230769230769231,0.5,0.331877729257642,0.263736263736264,0.0754716981132075,0.261437908496732,0.485714285714286,0.166666666666667,0.185714285714286,0.257894736842105,0.199040767386091,0.213836477987421,0.171052631578947,0.272727272727273,0.341463414634146,0.633333333333333,0.633333333333333,2,
0.695652173913043,0.692307692307692,0.736111111111111,0.244541484716157,0.043956043956044,0.0943396226415094,0.686274509803922,0.114285714285714,0.583333333333333,0.671428571428571,0.578947368421053,0.622302158273381,0.622641509433962,0.289473684210526,0.409090909090909,0.609756097560976,0.4,0.233333333333333,2,
0.173913043478261,0.5,0.430555555555556,0.161572052401747,0.153846153846154,0.0943396226415094,0.26797385620915,0.514285714285714,0.166666666666667,0.428571428571429,0.247368421052632,0.195443645083933,0.509433962264151,0.276315789473684,0.0454545454545455,0.341463414634146,0.2,0.2,2,
0.608695652173913,0.769230769230769,0.708333333333333,0.393013100436681,0.197802197802198,0.0754716981132075,0.601307189542484,0.171428571428571,0.5,0.614285714285714,0.531578947368421,0.541966426858513,0.660377358490566,0.25,0.227272727272727,0.341463414634146,0.533333333333333,0.366666666666667,2,
0.521739130434783,0.538461538461538,0.666666666666667,0.344978165938865,0.142857142857143,0.0943396226415094,0.555555555555556,0.2,0.5,0.428571428571429,0.442105263157895,0.49400479616307,0.578616352201258,0.197368421052632,0.363636363636364,0,0.533333333333333,0.333333333333333,2,
0.478260869565217,0.538461538461538,0.458333333333333,0.397379912663755,0.252747252747253,0.0943396226415094,0.359477124183007,0.342857142857143,0.25,0.485714285714286,0.284210526315789,0.294964028776978,0.477987421383648,0.131578947368421,0.409090909090909,0.463414634146341,0.8,0.833333333333333,2,
0.260869565217391,0.461538461538462,0.347222222222222,0.104803493449782,0.0989010989010989,0.113207547169811,0.254901960784314,0.542857142857143,0.166666666666667,0.385714285714286,0.210526315789474,0.177458033573141,0.484276729559748,0.289473684210526,0.0454545454545455,0.24390243902439,0.1,0.1,2,
0.478260869565217,0.115384615384615,0.458333333333333,0.379912663755459,0.285714285714286,0.0754716981132075,0.287581699346405,0.428571428571429,0.166666666666667,0.114285714285714,0.284210526315789,0.227817745803357,0.0943396226415094,0.157894736842105,0.0909090909090909,0.463414634146341,0.766666666666667,0.766666666666667,2,
0.347826086956522,0.423076923076923,0.388888888888889,0.0393013100436681,0.032967032967033,0.0943396226415094,0.248366013071895,0.542857142857143,0.166666666666667,0.414285714285714,0.215789473684211,0.172661870503597,0.50314465408805,0.381578947368421,0.272727272727273,0.121951219512195,0.1,0.0333333333333333,2,
0.282608695652174,0.384615384615385,0.416666666666667,0.0960698689956332,0.0989010989010989,0.0754716981132075,0.235294117647059,0.571428571428571,0.166666666666667,0.385714285714286,0.189473684210526,0.15947242206235,0.389937106918239,0.355263157894737,0.272727272727273,0.219512195121951,0.1,0.0333333333333333,2,
0.217391304347826,0.5,0.458333333333333,0.14410480349345,0.131868131868132,0.0754716981132075,0.235294117647059,0.542857142857143,0.166666666666667,0.4,0.194736842105263,0.171462829736211,0.465408805031447,0.210526315789474,0.363636363636364,0,0.3,0.333333333333333,2,
0.782608695652174,0.846153846153846,0.861111111111111,0.283842794759825,0.043956043956044,0.0754716981132075,0.843137254901961,0.0285714285714286,0.75,0.671428571428571,0.710526315789474,0.822541966426859,0.867924528301887,0.328947368421053,0.454545454545455,0.268292682926829,0.266666666666667,0.0666666666666667,2,
0.152173913043478,0.423076923076923,0.388888888888889,0.135371179039301,0.131868131868132,0.113207547169811,0.248366013071895,0.542857142857143,0.166666666666667,0.385714285714286,0.210526315789474,0.173860911270983,0.40251572327044,0.276315789473684,0.318181818181818,0.292682926829268,0.133333333333333,0.133333333333333,2,
0.282608695652174,0.346153846153846,0.347222222222222,0.091703056768559,0.0769230769230769,0.0943396226415094,0.248366013071895,0.542857142857143,0.166666666666667,0.314285714285714,0.215789473684211,0.171462829736211,0.39622641509434,0.342105263157895,0.0909090909090909,0.195121951219512,0.133333333333333,0.0333333333333333,2,
0.456521739130435,0.461538461538462,0.680555555555556,0.475982532751092,0.263736263736264,0.0566037735849057,0.483660130718954,0.257142857142857,0.416666666666667,0.385714285714286,0.389473684210526,0.418465227817746,0.459119496855346,0.157894736842105,0.181818181818182,0.317073170731707,0.633333333333333,0.566666666666667,2,
0.304347826086957,0.346153846153846,0.416666666666667,0.152838427947598,0.131868131868132,0.0943396226415094,0.241830065359477,0.542857142857143,0.166666666666667,0.342857142857143,0.247368421052632,0.171462829736211,0.29559748427673,0.25,0.272727272727273,0.219512195121951,0.3,0.233333333333333,2,
0.739130434782609,0.923076923076923,0.861111111111111,0.349344978165939,0.0879120879120879,0.0943396226415094,0.797385620915033,0.0571428571428571,0.75,0.757142857142857,0.594736842105263,0.764988009592326,0.754716981132076,0.236842105263158,0.318181818181818,0.268292682926829,0.366666666666667,0.2,2,
0.239130434782609,0.384615384615385,0.5,0.331877729257642,0.307692307692308,0.0943396226415094,0.281045751633987,0.485714285714286,0.166666666666667,0.357142857142857,0.263157894736842,0.209832134292566,0.40251572327044,0.236842105263158,0.227272727272727,0.292682926829268,0.3,0.3,2,
0.326086956521739,0.115384615384615,0.527777777777778,0.244541484716157,0.164835164835165,0.0754716981132075,0.183006535947712,0.628571428571429,0.0833333333333333,0.0714285714285714,0.163157894736842,0.123501199040767,0.125786163522013,0.0921052631578947,0.181818181818182,0.853658536585366,0.6,0.7,3,
0.478260869565217,0.692307692307692,0.777777777777778,0.40174672489083,0.175824175824176,0.132075471698113,0.509803921568627,0.257142857142857,0.416666666666667,0.614285714285714,0.410526315789474,0.430455635491607,0.792452830188679,0.118421052631579,0.590909090909091,0,0.5,0.566666666666667,3,
0.347826086956522,0.423076923076923,0.555555555555556,0.379912663755459,0.208791208791209,0.0754716981132075,0.326797385620915,0.4,0.25,0.357142857142857,0.310526315789474,0.254196642685851,0.446540880503145,0.0921052631578947,0.590909090909091,0.268292682926829,0.6,0.6,3,
0.434782608695652,0.384615384615385,0.527777777777778,0.270742358078603,0.131868131868132,0.0943396226415094,0.254901960784314,0.514285714285714,0.166666666666667,0.328571428571429,0.273684210526316,0.189448441247002,0.408805031446541,0.118421052631579,0.681818181818182,0.0487804878048781,0.566666666666667,0.533333333333333,3,
0.652173913043478,0.576923076923077,0.847222222222222,0.436681222707424,0.164835164835165,0.188679245283019,0.57516339869281,0.2,0.5,0.571428571428571,0.447368421052632,0.492805755395683,0.345911949685535,0.0921052631578947,0.363636363636364,0.536585365853659,0.533333333333333,0.7,3,
0.760869565217391,0.846153846153846,0.902777777777778,0.550218340611354,0.230769230769231,0.169811320754717,0.69281045751634,0.114285714285714,0.583333333333333,0.757142857142857,0.515789473684211,0.629496402877698,0.635220125786163,0.131578947368421,0.636363636363636,0.0975609756097561,0.466666666666667,0.533333333333333,3,
0.41304347826087,0.384615384615385,0.402777777777778,0.235807860262009,0.0989010989010989,0.0943396226415094,0.241830065359477,0.514285714285714,0.166666666666667,0.357142857142857,0.210526315789474,0.178657074340528,0.371069182389937,0.0526315789473684,0.636363636363636,0.439024390243902,0.733333333333333,0.733333333333333,3,
0.0869565217391304,0.192307692307692,0.319444444444444,0.135371179039301,0.131868131868132,0.0566037735849057,0.117647058823529,0.742857142857143,0.0833333333333333,0.171428571428571,0.0789473684210526,0.0755395683453237,0.188679245283019,0.263157894736842,0.590909090909091,0.51219512195122,0.233333333333333,0.2,3,
0.565217391304348,0.923076923076923,0.958333333333333,0.506550218340611,0.208791208791209,0.169811320754717,0.712418300653595,0.114285714285714,0.666666666666667,0.828571428571429,0.547368421052632,0.648681055155875,0.79874213836478,0.144736842105263,0.454545454545455,0.609756097560976,0.4,0.633333333333333,3,
0.434782608695652,0.538461538461538,0.597222222222222,0.266375545851528,0.142857142857143,0.0943396226415094,0.359477124183007,0.4,0.25,0.414285714285714,0.352631578947368,0.279376498800959,0.578616352201258,0.184210526315789,0.545454545454545,0.0975609756097561,0.366666666666667,0.366666666666667,3,
0.5,0.846153846153846,0.875,0.423580786026201,0.197802197802198,0.132075471698113,0.601307189542484,0.171428571428571,0.5,0.685714285714286,0.510526315789474,0.52757793764988,0.861635220125786,0.197368421052632,0.272727272727273,0.0487804878048781,0.333333333333333,0.433333333333333,3,
0.695652173913043,0.807692307692308,0.777777777777778,0.353711790393013,0.10989010989011,0.150943396226415,0.699346405228758,0.114285714285714,0.666666666666667,0.742857142857143,0.531578947368421,0.62589928057554,0.679245283018868,0.210526315789474,0.227272727272727,0.292682926829268,0.366666666666667,0.466666666666667,3,
0.326086956521739,0.269230769230769,0.541666666666667,0.344978165938865,0.164835164835165,0.0943396226415094,0.418300653594771,0.342857142857143,0.333333333333333,0.285714285714286,0.368421052631579,0.333333333333333,0.257861635220126,0.0921052631578947,0,0.707317073170732,0.433333333333333,0.6,3,
0.173913043478261,0.192307692307692,0.180555555555556,0.0829694323144105,0.120879120879121,0.0754716981132075,0.143790849673203,0.714285714285714,0.0833333333333333,0.142857142857143,0.0894736842105263,0.0899280575539568,0.245283018867925,0.315789473684211,0.454545454545455,0.146341463414634,0.0333333333333333,0.1,3,
0.673913043478261,0.730769230769231,0.972222222222222,0.296943231441048,0.0659340659340659,0.150943396226415,0.699346405228758,0.114285714285714,0.666666666666667,0.685714285714286,0.552631578947368,0.63189448441247,0.685534591194969,0.197368421052632,0.454545454545455,0.682926829268293,0.4,0.566666666666667,3,
0.347826086956522,0.346153846153846,0.486111111111111,0.157205240174672,0.0879120879120879,0.0754716981132075,0.215686274509804,0.571428571428571,0.166666666666667,0.3,0.210526315789474,0.15347721822542,0.358490566037736,0.157894736842105,0.681818181818182,0.634146341463415,0.5,0.566666666666667,3,
0.673913043478261,0.846153846153846,0.902777777777778,0.519650655021834,0.252747252747253,0.150943396226415,0.725490196078431,0.114285714285714,0.666666666666667,0.842857142857143,0.563157894736842,0.663069544364508,0.685534591194969,0.210526315789474,0.636363636363636,0.268292682926829,0.4,0.5,3,
0.565217391304348,0.5,0.902777777777778,0.458515283842795,0.186813186813187,0.169811320754717,0.555555555555556,0.228571428571429,0.5,0.485714285714286,0.431578947368421,0.468824940047962,0.314465408805031,0.0789473684210526,0,0.804878048780488,0.6,0.8,3,
0.673913043478261,0.846153846153846,0.902777777777778,0.489082969432314,0.230769230769231,0.169811320754717,0.607843137254902,0.171428571428571,0.5,0.728571428571429,0.478947368421053,0.526378896882494,0.672955974842767,0.157894736842105,0.409090909090909,0.439024390243902,0.433333333333333,0.5,3,
0.673913043478261,0.730769230769231,0.847222222222222,0.445414847161572,0.164835164835165,0.150943396226415,0.562091503267974,0.2,0.5,0.614285714285714,0.405263157894737,0.483213429256595,0.59748427672956,0.0657894736842105,0.0909090909090909,0.121951219512195,0.633333333333333,0.766666666666667,3,
0.717391304347826,0.615384615384615,0.930555555555556,0.393013100436681,0.10989010989011,0.169811320754717,0.666666666666667,0.142857142857143,0.583333333333333,0.614285714285714,0.494736842105263,0.58273381294964,0.39622641509434,0.105263157894737,0,0.951219512195122,0.533333333333333,0.833333333333333,3,
