85,18,4,
0.260869565217391,0.538461538461538,0.486111111111111,0.074235807860262,0.0659340659340659,0.132075471698113,0.294117647058824,0.514285714285714,0.25,0.671428571428571,0.2,0.20863309352518,0.421383647798742,0.236842105263158,0.0454545454545455,0.170731707317073,0.2,0.333333333333333,0,
0.369565217391304,0.5,0.458333333333333,0.14410480349345,0.120879120879121,0.169811320754717,0.320261437908497,0.485714285714286,0.25,0.571428571428571,0.210526315789474,0.226618705035971,0.484276729559748,0.223684210526316,0,0.219512195121951,0.2,0.4,0,
0.347826086956522,0.423076923076923,0.5,0.091703056768559,0.0769230769230769,0.150943396226415,0.287581699346405,0.514285714285714,0.25,0.471428571428571,0.173684210526316,0.201438848920863,0.421383647798742,0.223684210526316,0.545454545454545,0.292682926829268,0.266666666666667,0.4,0,
0.456521739130435,0.461538461538462,0.625,0.25764192139738,0.230769230769231,0.150943396226415,0.294117647058824,0.514285714285714,0.25,0.542857142857143,0.210526315789474,0.207434052757794,0.421383647798742,0.184210526315789,0.772727272727273,0.268292682926829,0.366666666666667,0.466666666666667,0,
0.369565217391304,0.615384615384615,0.625,0.161572052401747,0.10989010989011,0.169811320754717,0.30718954248366,0.485714285714286,0.25,0.7,0.226315789473684,0.217026378896883,0.484276729559748,0.210526315789474,0.0454545454545455,0.268292682926829,0.2,0.366666666666667,0,
0.456521739130435,0.461538461538462,0.625,0.244541484716157,0.175824175824176,0.150943396226415,0.300653594771242,0.485714285714286,0.25,0.557142857142857,0.231578947368421,0.219424460431655,0.333333333333333,0.118421052631579,0.0454545454545455,0.146341463414634,0.433333333333333,0.6,0,
0.41304347826087,0.0769230769230769,0.25,0.139737991266376,0.120879120879121,0.0754716981132075,0.065359477124183,0.828571428571429,0,0.2,0.0631578947368421,0.0455635491606715,0.0440251572327044,0.0657894736842105,0.272727272727273,0.414634146341463,0.7,0.733333333333333,0,
0.456521739130435,0.384615384615385,0.583333333333333,0.139737991266376,0.0769230769230769,0.150943396226415,0.281045751633987,0.485714285714286,0.166666666666667,0.442857142857143,0.242105263157895,0.209832134292566,0.327044025157233,0.197368421052632,0.0454545454545455,0.146341463414634,0.333333333333333,0.533333333333333,0,
0.260869565217391,0.115384615384615,0.152777777777778,0.0480349344978166,0.0989010989010989,0.0566037735849057,0.0457516339869281,0.885714285714286,0,0.0857142857142857,0.0473684210526316,0.0275779376498801,0.113207547169811,0.289473684210526,0.590909090909091,0.121951219512195,0.166666666666667,0.1,0,
0.456521739130435,0.653846153846154,0.611111111111111,0.148471615720524,0.10989010989011,0.150943396226415,0.287581699346405,0.514285714285714,0.25,0.742857142857143,0.215789473684211,0.200239808153477,0.490566037735849,0.236842105263158,0.227272727272727,0.146341463414634,0.2,0.333333333333333,0,
0.521739130434783,0.307692307692308,0.305555555555556,0.126637554585153,0.0989010989010989,0.0943396226415094,0.117647058823529,0.742857142857143,0.0833333333333333,0.357142857142857,0.147368421052632,0.0755395683453237,0.30188679245283,0.25,0.227272727272727,0.170731707317073,0.266666666666667,0.166666666666667,0,
0.326086956521739,0.346153846153846,0.361111111111111,0.126637554585153,0.10989010989011,0.0754716981132075,0.0718954248366013,0.8,0,0.371428571428571,0.0894736842105263,0.0515587529976019,0.320754716981132,0.0921052631578947,0.363636363636364,0.0975609756097561,0.566666666666667,0.566666666666667,0,
0.347826086956522,0.5,0.527777777777778,0.200873362445415,0.175824175824176,0.169811320754717,0.313725490196078,0.485714285714286,0.25,0.6,0.210526315789474,0.219424460431655,0.421383647798742,0.184210526315789,0.227272727272727,0.219512195121951,0.3,0.433333333333333,0,
0.369565217391304,0.538461538461538,0.625,0.179039301310044,0.120879120879121,0.132075471698113,0.261437908496732,0.514285714285714,0.166666666666667,0.528571428571429,0.236842105263158,0.193045563549161,0.471698113207547,0.184210526315789,0.181818181818182,0.0487804878048781,0.333333333333333,0.533333333333333,0,
0.282608695652174,0.230769230769231,0.277777777777778,0.157205240174672,0.142857142857143,0.0943396226415094,0.0457516339869281,0.828571428571429,0,0.228571428571429,0.0526315789473684,0.0335731414868106,0.20125786163522,0.0263157894736842,0.318181818181818,0.195121951219512,0.8,0.866666666666667,0,
0.239130434782609,0.153846153846154,0.180555555555556,0.074235807860262,0.131868131868132,0.0566037735849057,0.0718954248366013,0.828571428571429,0,0.1,0.0578947368421053,0.0443645083932854,0.150943396226415,0.302631578947368,0.318181818181818,0.024390243902439,0.1,0.0666666666666667,0,
0.456521739130435,0.115384615384615,0.361111111111111,0.205240174672489,0.153846153846154,0.113207547169811,0.137254901960784,0.685714285714286,0.0833333333333333,0.242857142857143,0.126315789473684,0.0971223021582734,0.0628930817610063,0.0394736842105263,0.409090909090909,0.0731707317073171,0.833333333333333,0.9,0,
0.347826086956522,0.346153846153846,0.625,0.174672489082969,0.120879120879121,0.150943396226415,0.261437908496732,0.514285714285714,0.166666666666667,0.371428571428571,0.226315789473684,0.193045563549161,0.327044025157233,0.171052631578947,0.363636363636364,0.317073170731707,0.366666666666667,0.533333333333333,0,
0.478260869565217,0.576923076923077,0.597222222222222,0.323144104803493,0.274725274725275,0.150943396226415,0.326797385620915,0.457142857142857,0.25,0.585714285714286,0.242105263157895,0.233812949640288,0.471698113207547,0.144736842105263,0.272727272727273,0.390243902439024,0.366666666666667,0.533333333333333,0,
0.41304347826087,0.269230769230769,0.583333333333333,0.25764192139738,0.175824175824176,0.132075471698113,0.222222222222222,0.542857142857143,0.166666666666667,0.314285714285714,0.184210526315789,0.161870503597122,0.176100628930818,0.0657894736842105,0.409090909090909,0,0.766666666666667,0.833333333333333,0,
0.760869565217391,0.807692307692308,0.958333333333333,0.37117903930131,0.10989010989011,0.169811320754717,0.705882352941177,0.142857142857143,0.666666666666667,0.8,0.521052631578947,0.629496402877698,0.660377358490566,0.144736842105263,0.545454545454545,0.560975609756098,0.433333333333333,0.666666666666667,1,
0.391304347826087,0.269230769230769,0.805555555555556,0.384279475982533,0.186813186813187,0.132075471698113,0.42483660130719,0.342857142857143,0.333333333333333,0.242857142857143,0.336842105263158,0.336930455635492,0.352201257861635,0.0921052631578947,0.409090909090909,0.853658536585366,0.633333333333333,0.8,1,
0.695652173913043,0.769230769230769,0.902777777777778,0.349344978165939,0.10989010989011,0.169811320754717,0.647058823529412,0.142857142857143,0.583333333333333,0.714285714285714,0.494736842105263,0.571942446043165,0.685534591194969,0.157894736842105,0,0.365853658536585,0.333333333333333,0.533333333333333,1,
0.608695652173913,0.884615384615385,0.847222222222222,0.554585152838428,0.274725274725275,0.150943396226415,0.686274509803922,0.142857142857143,0.583333333333333,0.757142857142857,0.536842105263158,0.616306954436451,0.672955974842767,0.171052631578947,0.0909090909090909,0.146341463414634,0.366666666666667,0.533333333333333,1,
0.347826086956522,0.192307692307692,0.583333333333333,0.22707423580786,0.131868131868132,0.113207547169811,0.26797385620915,0.485714285714286,0.166666666666667,0.157142857142857,0.257894736842105,0.200239808153477,0.176100628930818,0.144736842105263,0.0454545454545455,0.024390243902439,0.366666666666667,0.366666666666667,1,
0.456521739130435,0.269230769230769,0.625,0.358078602620087,0.164835164835165,0.132075471698113,0.372549019607843,0.371428571428571,0.25,0.3,0.284210526315789,0.294964028776978,0.150943396226415,0.0263157894736842,0.0909090909090909,0.219512195121951,0.8,0.966666666666667,1,
0.673913043478261,0.846153846153846,0.833333333333333,0.423580786026201,0.208791208791209,0.150943396226415,0.666666666666667,0.142857142857143,0.583333333333333,0.785714285714286,0.494736842105263,0.594724220623501,0.70440251572327,0.197368421052632,0.0454545454545455,0.024390243902439,0.3,0.433333333333333,1,
0.239130434782609,0.115384615384615,0.486111111111111,0.139737991266376,0.0879120879120879,0.0754716981132075,0.183006535947712,0.628571428571429,0.0833333333333333,0.1,0.189473684210526,0.127098321342926,0.182389937106918,0.157894736842105,0.181818181818182,0.878048780487805,0.433333333333333,0.466666666666667,1,
0.282608695652174,0.269230769230769,0.319444444444444,0.135371179039301,0.0989010989010989,0.0566037735849057,0.137254901960784,0.685714285714286,0.0833333333333333,0.242857142857143,0.115789473684211,0.0935251798561151,0.358490566037736,0.144736842105263,0.409090909090909,0.0487804878048781,0.366666666666667,0.333333333333333,1,
0.391304347826087,0.192307692307692,0.486111111111111,0.139737991266376,0.0659340659340659,0.0754716981132075,0.209150326797386,0.6,0.166666666666667,0.185714285714286,0.184210526315789,0.145083932853717,0.251572327044025,0.131578947368421,0.0454545454545455,0.170731707317073,0.333333333333333,0.333333333333333,1,
0.282608695652174,0.115384615384615,0.513888888888889,0.266375545851528,0.142857142857143,0.0943396226415094,0.248366013071895,0.542857142857143,0.166666666666667,0.142857142857143,0.231578947368421,0.176258992805755,0.138364779874214,0.0921052631578947,0,0.780487804878049,0.666666666666667,0.733333333333333,1,
0.41304347826087,0.115384615384615,0.527777777777778,0.266375545851528,0.10989010989011,0.113207547169811,0.26797385620915,0.485714285714286,0.166666666666667,0.142857142857143,0.205263157894737,0.197841726618705,0.0943396226415094,0.0131578947368421,0.181818181818182,0.463414634146341,0.9,1,1,
0.673913043478261,0.653846153846154,0.777777777777778,0.467248908296943,0.197802197802198,0.150943396226415,0.490196078431373,0.257142857142857,0.416666666666667,0.542857142857143,0.405263157894737,0.411270983213429,0.540880503144654,0.0789473684210526,0.136363636363636,0.170731707317073,0.633333333333333,0.833333333333333,1,
0.239130434782609,0.423076923076923,0.513888888888889,0.200873362445415,0.131868131868132,0.0566037735849057,0.261437908496732,0.514285714285714,0.166666666666667,0.357142857142857,0.236842105263158,0.191846522781775,0.427672955974843,0.236842105263158,0.363636363636364,0.0487804878048781,0.233333333333333,0.2,1,
0.739130434782609,0.807692307692308,0.777777777777778,0.423580786026201,0.164835164835165,0.188679245283019,0.69281045751634,0.142857142857143,0.583333333333333,0.742857142857143,0.478947368421053,0.611510791366906,0.679245283018868,0.157894736842105,0.0909090909090909,0.51219512195122,0.366666666666667,0.566666666666667,1,
0.391304347826087,0.115384615384615,0.597222222222222,0.253275109170306,0.153846153846154,0.113207547169811,0.196078431372549,0.6,0.166666666666667,0.142857142857143,0.173684210526316,0.136690647482014,0.176100628930818,0.0526315789473684,0,0.75609756097561,0.566666666666667,0.633333333333333,1,
0.282608695652174,0.269230769230769,0.305555555555556,0.157205240174672,0.164835164835165,0.0943396226415094,0.248366013071895,0.542857142857143,0.166666666666667,0.214285714285714,0.184210526315789,0.175059952038369,0.40251572327044,0.302631578947368,0.0909090909090909,0.0731707317073171,0.133333333333333,0.133333333333333,1,
0.608695652173913,0.692307692307692,0.805555555555556,0.393013100436681,0.142857142857143,0.150943396226415,0.542483660130719,0.228571428571429,0.416666666666667,0.614285714285714,0.468421052631579,0.465227817745803,0.691823899371069,0.105263157894737,0,0.24390243902439,0.533333333333333,0.666666666666667,1,
0.717391304347826,0.730769230769231,0.847222222222222,0.475982532751092,0.186813186813187,0.169811320754717,0.581699346405229,0.2,0.5,0.571428571428571,0.442105263157895,0.507194244604317,0.59748427672956,0.0789473684210526,0.0909090909090909,0.0975609756097561,0.533333333333333,0.766666666666667,1,
0.91304347826087,0.769230769230769,0.833333333333333,0.441048034934498,0.186813186813187,0.169811320754717,0.705882352941177,0.114285714285714,0.666666666666667,0.685714285714286,0.521052631578947,0.630695443645084,0.660377358490566,0.157894736842105,0.954545454545455,0.268292682926829,0.433333333333333,0.6,1,
0.739130434782609,0.807692307692308,0.944444444444444,0.541484716157205,0.230769230769231,0.188679245283019,0.69281045751634,0.142857142857143,0.666666666666667,0.742857142857143,0.489473684210526,0.618705035971223,0.723270440251572,0.105263157894737,0.590909090909091,0.609756097560976,0.466666666666667,0.766666666666667,1,
0.521739130434783,0.423076923076923,0.777777777777778,0.397379912663755,0.175824175824176,0.132075471698113,0.477124183006536,0.285714285714286,0.416666666666667,0.371428571428571,0.378947368421053,0.393285371702638,0.352201257861635,0.0921052631578947,0.181818181818182,0.195121951219512,0.5,0.6,1,
0.173913043478261,0.5,0.430555555555556,0.11353711790393,0.0989010989010989,0.0943396226415094,0.26797385620915,0.514285714285714,0.166666666666667,0.442857142857143,0.221052631578947,0.189448441247002,0.515723270440252,0.289473684210526,0.136363636363636,0.341463414634146,0.133333333333333,0.166666666666667,2,
0.434782608695652,0.615384615384615,0.541666666666667,0.331877729257642,0.197802197802198,0.0943396226415094,0.398692810457516,0.314285714285714,0.333333333333333,0.571428571428571,0.310526315789474,0.334532374100719,0.534591194968553,0.144736842105263,0.227272727272727,0.24390243902439,0.7,0.7,2,
0.521739130434783,0.615384615384615,0.5,0.432314410480349,0.285714285714286,0.0943396226415094,0.431372549019608,0.285714285714286,0.333333333333333,0.557142857142857,0.336842105263158,0.363309352517986,0.484276729559748,0.171052631578947,0,0.170731707317073,0.7,0.633333333333333,2,
0.326086956521739,0.269230769230769,0.458333333333333,0.301310043668122,0.230769230769231,0.0943396226415094,0.248366013071895,0.514285714285714,0.166666666666667,0.271428571428571,0.231578947368421,0.188249400479616,0.264150943396226,0.131578947368421,0.0909090909090909,0.48780487804878,0.666666666666667,0.633333333333333,2,
0.347826086956522,0.423076923076923,0.416666666666667,0.235807860262009,0.186813186813187,0.0754716981132075,0.189542483660131,0.6,0.0833333333333333,0.357142857142857,0.178947368421053,0.1378896882494,0.40251572327044,0.0921052631578947,0.409090909090909,0.268292682926829,0.566666666666667,0.6,2,
0.782608695652174,0.730769230769231,0.763888888888889,0.37117903930131,0.120879120879121,0.0377358490566038,0.751633986928105,0.0857142857142857,0.666666666666667,0.571428571428571,0.694736842105263,0.709832134292566,0.679245283018868,0.302631578947368,0,0.463414634146341,0.366666666666667,0.166666666666667,2,
0.391304347826087,0.5,0.486111111111111,0.353711790393013,0.307692307692308,0.0943396226415094,0.274509803921569,0.457142857142857,0.166666666666667,0.414285714285714,0.252631578947368,0.213429256594724,0.522012578616352,0.171052631578947,0.363636363636364,0.195121951219512,0.533333333333333,0.6,2,
0.239130434782609,0.423076923076923,0.347222222222222,0.104803493449782,0.0879120879120879,0.113207547169811,0.248366013071895,0.571428571428571,0.166666666666667,0.428571428571429,0.205263157894737,0.169064748201439,0.421383647798742,0.302631578947368,0.0454545454545455,0.268292682926829,0.1,0.0666666666666667,2,
0.456521739130435,0.423076923076923,0.416666666666667,0.358078602620087,0.274725274725275,0.113207547169811,0.26797385620915,0.457142857142857,0.166666666666667,0.371428571428571,0.215789473684211,0.212230215827338,0.433962264150943,0.105263157894737,0.318181818181818,0.0487804878048781,0.766666666666667,0.833333333333333,2,
0.195652173913043,0.423076923076923,0.444444444444444,0.0611353711790393,0.0549450549450549,0.0943396226415094,0.261437908496732,0.514285714285714,0.166666666666667,0.414285714285714,0.231578947368421,0.18705035971223,0.427672955974843,0.302631578947368,0.0909090909090909,0.0487804878048781,0.133333333333333,0.133333333333333,2,
0.130434782608696,0.538461538461538,0.472222222222222,0.161572052401747,0.153846153846154,0.0943396226415094,0.26797385620915,0.485714285714286,0.166666666666667,0.442857142857143,0.236842105263158,0.197841726618705,0.566037735849057,0.236842105263158,0.272727272727273,0.24390243902439,0.233333333333333,0.266666666666667,2,
0.521739130434783,0.153846153846154,0.416666666666667,0.301310043668122,0.208791208791209,0.0943396226415094,0.254901960784314,0.485714285714286,0.166666666666667,0.157142857142857,0.194736842105263,0.194244604316547,0.0628930817610063,0.0789473684210526,0,0.390243902439024,0.833333333333333,0.9,2,
0.673913043478261,0.730769230769231,0.75,0.454148471615721,0.208791208791209,0.0566037735849057,0.627450980392157,0.142857142857143,0.583333333333333,0.614285714285714,0.510526315789474,0.577937649880096,0.685534591194969,0.223684210526316,0.5,0.0975609756097561,0.566666666666667,0.333333333333333,2,
0.304347826086957,0.230769230769231,0.472222222222222,0.266375545851528,0.208791208791209,0.0754716981132075,0.215686274509804,0.542857142857143,0.166666666666667,0.228571428571429,0.226315789473684,0.160671462829736,0.188679245283019,0.144736842105263,0.136363636363636,0.51219512195122,0.633333333333333,0.633333333333333,2,
0.304347826086957,0.423076923076923,0.347222222222222,0.0873362445414847,0.0989010989010989,0.0754716981132075,0.241830065359477,0.571428571428571,0.166666666666667,0.371428571428571,0.210526315789474,0.164268585131894,0.389937106918239,0.368421052631579,0.181818181818182,0.292682926829268,0.1,0.0333333333333333,2,
0.282608695652174,0.384615384615385,0.388888888888889,0.209606986899563,0.164835164835165,0.0943396226415094,0.248366013071895,0.514285714285714,0.166666666666667,0.342857142857143,0.257894736842105,0.183453237410072,0.345911949685535,0.210526315789474,0.181818181818182,0.219512195121951,0.4,0.366666666666667,2,
0.239130434782609,0.346153846153846,0.5,0.22707423580786,0.186813186813187,0.0943396226415094,0.254901960784314,0.514285714285714,0.166666666666667,0.357142857142857,0.257894736842105,0.185851318944844,0.30188679245283,0.210526315789474,0,0.48780487804878,0.366666666666667,0.4,2,
0.369565217391304,0.307692307692308,0.430555555555556,0.283842794759825,0.230769230769231,0.0943396226415094,0.248366013071895,0.514285714285714,0.166666666666667,0.285714285714286,0.236842105263158,0.182254196642686,0.30188679245283,0.157894736842105,0.136363636363636,0.439024390243902,0.533333333333333,0.533333333333333,2,
0.804347826086957,0.884615384615385,0.875,0.519650655021834,0.186813186813187,0.0566037735849057,0.901960784313726,0,0.833333333333333,0.728571428571429,0.789473684210526,0.892086330935252,0.817610062893082,0.342105263157895,0.181818181818182,0.146341463414634,0.266666666666667,0.0666666666666667,2,
0.173913043478261,0.384615384615385,0.388888888888889,0.152838427947598,0.164835164835165,0.0943396226415094,0.241830065359477,0.571428571428571,0.166666666666667,0.385714285714286,0.221052631578947,0.166666666666667,0.389937106918239,0.315789473684211,0.0454545454545455,0.341463414634146,0.133333333333333,0.1,2,
0.326086956521739,0.423076923076923,0.416666666666667,0.205240174672489,0.153846153846154,0.113207547169811,0.202614379084967,0.571428571428571,0.0833333333333333,0.357142857142857,0.173684210526316,0.152278177458034,0.40251572327044,0.118421052631579,0.318181818181818,0.195121951219512,0.666666666666667,0.733333333333333,2,
0.391304347826087,0.269230769230769,0.5,0.292576419213974,0.21978021978022,0.0943396226415094,0.241830065359477,0.514285714285714,0.166666666666667,0.242857142857143,0.205263157894737,0.177458033573141,0.220125786163522,0.118421052631579,0.181818181818182,0.414634146341463,0.533333333333333,0.633333333333333,2,
0.434782608695652,0.0769230769230769,0.444444444444444,0.296943231441048,0.164835164835165,0.0943396226415094,0.241830065359477,0.514285714285714,0.166666666666667,0.0857142857142857,0.205263157894737,0.179856115107914,0.10062893081761,0.0394736842105263,0.227272727272727,0.731707317073171,0.9,0.966666666666667,3,
0.673913043478261,0.730769230769231,0.777777777777778,0.366812227074236,0.131868131868132,0.132075471698113,0.496732026143791,0.257142857142857,0.416666666666667,0.614285714285714,0.4,0.414868105515588,0.60377358490566,0.105263157894737,0.5,0.195121951219512,0.566666666666667,0.633333333333333,3,
0.826086956521739,0.807692307692308,0.875,0.292576419213974,0.032967032967033,0.169811320754717,0.712418300653595,0.114285714285714,0.666666666666667,0.771428571428571,0.510526315789474,0.651079136690647,0.578616352201258,0.131578947368421,0.681818181818182,0.146341463414634,0.466666666666667,0.566666666666667,3,
0.391304347826087,0.615384615384615,0.638888888888889,0.397379912663755,0.175824175824176,0.113207547169811,0.42483660130719,0.314285714285714,0.333333333333333,0.542857142857143,0.384210526315789,0.34652278177458,0.578616352201258,0.105263157894737,0.318181818181818,0.121951219512195,0.533333333333333,0.566666666666667,3,
0.0652173913043478,0.192307692307692,0.25,0.091703056768559,0.120879120879121,0.0566037735849057,0.137254901960784,0.714285714285714,0.0833333333333333,0.128571428571429,0.115789473684211,0.0899280575539568,0.226415094339623,0.368421052631579,0,0.51219512195122,0.0333333333333333,0.1,3,
0.652173913043478,0.807692307692308,0.930555555555556,0.37117903930131,0.0989010989010989,0.169811320754717,0.725490196078431,0.114285714285714,0.666666666666667,0.8,0.5,0.65347721822542,0.572327044025157,0.144736842105263,0,0.707317073170732,0.366666666666667,0.666666666666667,3,
0.630434782608696,0.384615384615385,0.777777777777778,0.406113537117904,0.175824175824176,0.150943396226415,0.477124183006536,0.285714285714286,0.416666666666667,0.342857142857143,0.378947368421053,0.394484412470024,0.188679245283019,0.0789473684210526,0.363636363636364,0.292682926829268,0.633333333333333,0.766666666666667,3,
0.717391304347826,0.846153846153846,0.777777777777778,0.40174672489083,0.142857142857143,0.188679245283019,0.712418300653595,0.114285714285714,0.666666666666667,0.785714285714286,0.5,0.639088729016787,0.660377358490566,0.171052631578947,0.409090909090909,0.317073170731707,0.333333333333333,0.5,3,
0.58695652173913,0.846153846153846,0.847222222222222,0.37117903930131,0.10989010989011,0.150943396226415,0.718954248366013,0.114285714285714,0.666666666666667,0.842857142857143,0.5,0.655875299760192,0.641509433962264,0.157894736842105,0.318181818181818,0.414634146341463,0.4,0.533333333333333,3,
0.695652173913043,0.807692307692308,0.902777777777778,0.475982532751092,0.21978021978022,0.150943396226415,0.57516339869281,0.2,0.5,0.642857142857143,0.442105263157895,0.495203836930456,0.660377358490566,0.118421052631579,0.454545454545455,0.48780487804878,0.466666666666667,0.566666666666667,3,
0.0869565217391304,0.192307692307692,0.486111111111111,0.174672489082969,0.131868131868132,0.0754716981132075,0.228758169934641,0.571428571428571,0.166666666666667,0.2,0.194736842105263,0.157074340527578,0.169811320754717,0.276315789473684,0.727272727272727,0.48780487804878,0.166666666666667,0.2,3,
0.717391304347826,0.769230769230769,0.805555555555556,0.432314410480349,0.175824175824176,0.169811320754717,0.705882352941177,0.114285714285714,0.666666666666667,0.7,0.515789473684211,0.630695443645084,0.660377358490566,0.157894736842105,0.454545454545455,0.585365853658537,0.4,0.533333333333333,3,
0.347826086956522,0.115384615384615,0.402777777777778,0.165938864628821,0.10989010989011,0.0943396226415094,0.150326797385621,0.685714285714286,0.0833333333333333,0.114285714285714,0.126315789473684,0.0983213429256595,0.119496855345912,0.0921052631578947,0.136363636363636,0.878048780487805,0.566666666666667,0.733333333333333,3,
0.652173913043478,0.884615384615385,0.902777777777778,0.344978165938865,0.131868131868132,0.150943396226415,0.640522875816993,0.171428571428571,0.583333333333333,0.785714285714286,0.457894736842105,0.556354916067146,0.685534591194969,0.171052631578947,0.590909090909091,0.536585365853659,0.4,0.5,3,
0.630434782608696,0.807692307692308,0.833333333333333,0.25764192139738,0.0659340659340659,0.150943396226415,0.660130718954248,0.142857142857143,0.583333333333333,0.785714285714286,0.468421052631579,0.581534772182254,0.578616352201258,0.223684210526316,0.545454545454545,0.658536585365854,0.366666666666667,0.466666666666667,3,
0.565217391304348,0.730769230769231,0.888888888888889,0.318777292576419,0.0879120879120879,0.150943396226415,0.640522875816993,0.171428571428571,0.583333333333333,0.685714285714286,0.468421052631579,0.567146282973621,0.666666666666667,0.184210526315789,0.136363636363636,0.0487804878048781,0.366666666666667,0.433333333333333,3,
0.782608695652174,0.615384615384615,0.875,0.358078602620087,0.10989010989011,0.169811320754717,0.61437908496732,0.171428571428571,0.5,0.542857142857143,0.431578947368421,0.534772182254197,0.484276729559748,0.0789473684210526,0.545454545454545,0.51219512195122,0.533333333333333,0.666666666666667,3,
0.239130434782609,0.192307692307692,0.361111111111111,0.148471615720524,0.164835164835165,0.0754716981132075,0.0915032679738562,0.8,0.0833333333333333,0.2,0.0736842105263158,0.0575539568345324,0.188679245283019,0.144736842105263,0.181818181818182,0.170731707317073,0.3,0.3,3,
0.195652173913043,0.192307692307692,0.180555555555556,0.091703056768559,0.131868131868132,0.0566037735849057,0.137254901960784,0.714285714285714,0.0833333333333333,0.142857142857143,0.115789473684211,0.0899280575539568,0.232704402515723,0.368421052631579,0,0,0.0333333333333333,0.0666666666666667,3,
0.391304347826087,0.730769230769231,0.805555555555556,0.40174672489083,0.164835164835165,0.132075471698113,0.529411764705882,0.228571428571429,0.416666666666667,0.614285714285714,0.452631578947368,0.453237410071942,0.849056603773585,0.131578947368421,0.136363636363636,0.024390243902439,0.466666666666667,0.6,3,
0.478260869565217,0.461538461538462,0.555555555555556,0.358078602620087,0.164835164835165,0.0943396226415094,0.339869281045752,0.4,0.25,0.385714285714286,0.305263157894737,0.266187050359712,0.433962264150943,0.0789473684210526,0.5,0.439024390243902,0.766666666666667,0.766666666666667,3,
