84,18,4,
0.304347826086957,0.269230769230769,0.569444444444444,0.253275109170306,0.230769230769231,0.150943396226415,0.222222222222222,0.571428571428571,0.166666666666667,0.3,0.194736842105263,0.15947242206235,0.30188679245283,0.144736842105263,0,0.317073170731707,0.433333333333333,0.6,0,
0.434782608695652,0.384615384615385,0.666666666666667,0.2882096069869,0.208791208791209,0.132075471698113,0.248366013071895,0.542857142857143,0.166666666666667,0.414285714285714,0.178947368421053,0.179856115107914,0.213836477987421,0.0789473684210526,0.0909090909090909,0.414634146341463,0.666666666666667,0.833333333333333,0,
0.543478260869565,0.192307692307692,0.416666666666667,0.091703056768559,0.0549450549450549,0.113207547169811,0.117647058823529,0.771428571428571,0.0833333333333333,0.3,0.142105263157895,0.0707434052757794,0.144654088050314,0.197368421052632,0,0.317073170731707,0.333333333333333,0.133333333333333,0,
0.434782608695652,0.538461538461538,0.625,0.248908296943231,0.197802197802198,0.188679245283019,0.281045751633987,0.485714285714286,0.166666666666667,0.557142857142857,0.257894736842105,0.203836930455636,0.433962264150943,0.223684210526316,0.0909090909090909,0.219512195121951,0.266666666666667,0.5,0,
0.543478260869565,0.230769230769231,0.388888888888889,0.139737991266376,0.0989010989010989,0.113207547169811,0.124183006535948,0.742857142857143,0.0833333333333333,0.371428571428571,0.152631578947368,0.0803357314148681,0.157232704402516,0.171052631578947,0.181818181818182,0.24390243902439,0.333333333333333,0.2,0,
0.282608695652174,0.0769230769230769,0.0555555555555556,0.0262008733624454,0.0769230769230769,0,0.0457516339869281,0.885714285714286,0,0.0428571428571429,0.0473684210526316,0.0287769784172662,0.176100628930818,0.407894736842105,0.272727272727273,0.024390243902439,0.133333333333333,0.0666666666666667,0,
0.326086956521739,0.230769230769231,0.5,0.222707423580786,0.164835164835165,0.113207547169811,0.163398692810458,0.628571428571429,0.0833333333333333,0.271428571428571,0.136842105263158,0.116306954436451,0.0943396226415094,0.0526315789473684,0.136363636363636,0.146341463414634,0.833333333333333,0.933333333333333,0,
0.5,0.230769230769231,0.333333333333333,0.0305676855895196,0.010989010989011,0.113207547169811,0.143790849673203,0.742857142857143,0.0833333333333333,0.328571428571429,0.157894736842105,0.0887290167865707,0.188679245283019,0.276315789473684,0.318181818181818,0.48780487804878,0.233333333333333,0.1,0,
0.326086956521739,0.307692307692308,0.555555555555556,0.187772925764192,0.164835164835165,0.113207547169811,0.222222222222222,0.542857142857143,0.166666666666667,0.371428571428571,0.205263157894737,0.160671462829736,0.327044025157233,0.157894736842105,0.181818181818182,0.390243902439024,0.4,0.533333333333333,0,
0.326086956521739,0.346153846153846,0.333333333333333,0.205240174672489,0.164835164835165,0.113207547169811,0.117647058823529,0.714285714285714,0.0833333333333333,0.342857142857143,0.105263157894737,0.0827338129496403,0.327044025157233,0.0526315789473684,0.136363636363636,0.0487804878048781,0.9,0.966666666666667,0,
0.5,0.5,0.666666666666667,0.244541484716157,0.186813186813187,0.132075471698113,0.254901960784314,0.514285714285714,0.166666666666667,0.428571428571429,0.226315789473684,0.185851318944844,0.459119496855346,0.144736842105263,0.681818181818182,0.268292682926829,0.533333333333333,0.6,0,
0.543478260869565,0.423076923076923,0.527777777777778,0.244541484716157,0.175824175824176,0.113207547169811,0.196078431372549,0.6,0.0833333333333333,0.428571428571429,0.157894736842105,0.139088729016787,0.389937106918239,0.0526315789473684,0.863636363636364,0.0487804878048781,0.833333333333333,0.866666666666667,0,
0.282608695652174,0.192307692307692,0.5,0.170305676855895,0.131868131868132,0.113207547169811,0.196078431372549,0.6,0.0833333333333333,0.185714285714286,0.194736842105263,0.140287769784173,0.182389937106918,0.157894736842105,0.227272727272727,0.24390243902439,0.433333333333333,0.5,0,
0.5,0.230769230769231,0.25,0.0567685589519651,0.043956043956044,0.0754716981132075,0.137254901960784,0.742857142857143,0.0833333333333333,0.3,0.126315789473684,0.0851318944844125,0.257861635220126,0.355263157894737,0.272727272727273,0,0.166666666666667,0.0333333333333333,0,
0.347826086956522,0.461538461538462,0.569444444444444,0.620087336244541,0.604395604395604,0.773584905660377,0.281045751633987,0.514285714285714,0.25,0.6,0.368421052631579,0.195443645083933,0.427672955974843,0.407894736842105,0.409090909090909,0.414634146341463,0.233333333333333,0.366666666666667,0,
0.347826086956522,0.384615384615385,0.625,0.244541484716157,0.186813186813187,0.169811320754717,0.281045751633987,0.485714285714286,0.166666666666667,0.471428571428571,0.226315789473684,0.206235011990408,0.408805031446541,0.171052631578947,0.227272727272727,0.219512195121951,0.3,0.5,0,
0.456521739130435,0.615384615384615,0.652777777777778,0.14410480349345,0.0769230769230769,0.169811320754717,0.300653594771242,0.485714285714286,0.25,0.628571428571429,0.252631578947368,0.218225419664269,0.484276729559748,0.210526315789474,0.227272727272727,0.121951219512195,0.233333333333333,0.433333333333333,0,
0.369565217391304,0.384615384615385,0.361111111111111,0.231441048034935,0.197802197802198,0.132075471698113,0.163398692810458,0.628571428571429,0.0833333333333333,0.4,0.168421052631579,0.116306954436451,0.345911949685535,0.105263157894737,0.136363636363636,0.0731707317073171,0.566666666666667,0.7,0,
0.434782608695652,0.307692307692308,0.583333333333333,0.240174672489083,0.175824175824176,0.132075471698113,0.209150326797386,0.571428571428571,0.166666666666667,0.357142857142857,0.157894736842105,0.149880095923261,0.113207547169811,0.0526315789473684,0.272727272727273,0.24390243902439,0.766666666666667,0.866666666666667,0,
0.434782608695652,0.115384615384615,0.333333333333333,0.266375545851528,0.241758241758242,0.113207547169811,0.156862745098039,0.657142857142857,0.0833333333333333,0.257142857142857,0.163157894736842,0.113908872901679,0.113207547169811,0.105263157894737,0.0909090909090909,0.707317073170732,0.566666666666667,0.766666666666667,0,
0.347826086956522,0.384615384615385,0.513888888888889,0.187772925764192,0.0769230769230769,0.113207547169811,0.209150326797386,0.571428571428571,0.166666666666667,0.4,0.173684210526316,0.148681055155875,0.408805031446541,0.0657894736842105,0.590909090909091,0.121951219512195,0.6,0.666666666666667,1,
0.347826086956522,0.192307692307692,0.513888888888889,0.248908296943231,0.164835164835165,0.0943396226415094,0.241830065359477,0.542857142857143,0.166666666666667,0.157142857142857,0.231578947368421,0.171462829736211,0.276729559748428,0.157894736842105,0.272727272727273,0.51219512195122,0.4,0.4,1,
0.195652173913043,0.115384615384615,0.194444444444444,0.0567685589519651,0.0659340659340659,0.0943396226415094,0.0849673202614379,0.8,0.0833333333333333,0.114285714285714,0.0842105263157895,0.0539568345323741,0.119496855345912,0.25,0.0454545454545455,0.121951219512195,0.133333333333333,0.1,1,
0.434782608695652,0.0384615384615385,0.444444444444444,0.174672489082969,0.0989010989010989,0.0754716981132075,0.137254901960784,0.685714285714286,0.0833333333333333,0.0714285714285714,0.147368421052632,0.0947242206235012,0.10062893081761,0.0526315789473684,0.227272727272727,0.48780487804878,0.8,0.833333333333333,1,
0.58695652173913,0.384615384615385,0.722222222222222,0.406113537117904,0.164835164835165,0.150943396226415,0.444444444444444,0.285714285714286,0.333333333333333,0.357142857142857,0.368421052631579,0.365707434052758,0.276729559748428,0.0657894736842105,0.272727272727273,0.219512195121951,0.633333333333333,0.8,1,
0.347826086956522,0.538461538461538,0.597222222222222,0.283842794759825,0.153846153846154,0.113207547169811,0.339869281045752,0.4,0.25,0.457142857142857,0.310526315789474,0.261390887290168,0.509433962264151,0.171052631578947,0.318181818181818,0.24390243902439,0.366666666666667,0.4,1,
0.260869565217391,0,0.138888888888889,0,0.0659340659340659,0.0377358490566038,0.0196078431372549,0.942857142857143,0,0,0.0315789473684211,0.0107913669064748,0.113207547169811,0.315789473684211,0.0454545454545455,0.731707317073171,0.1,0.133333333333333,1,
0.217391304347826,0.153846153846154,0.194444444444444,0.0611353711790393,0.0879120879120879,0.0377358490566038,0.111111111111111,0.742857142857143,0.0833333333333333,0.128571428571429,0.0842105263157895,0.0731414868105516,0.19496855345912,0.289473684210526,0.181818181818182,0.317073170731707,0.133333333333333,0.1,1,
0.347826086956522,0.576923076923077,0.625,0.37117903930131,0.186813186813187,0.113207547169811,0.372549019607843,0.371428571428571,0.25,0.5,0.305263157894737,0.29136690647482,0.509433962264151,0.0657894736842105,0.727272727272727,0.121951219512195,0.633333333333333,0.666666666666667,1,
0.326086956521739,0.461538461538462,0.583333333333333,0.222707423580786,0.0989010989010989,0.113207547169811,0.274509803921569,0.485714285714286,0.166666666666667,0.442857142857143,0.263157894736842,0.207434052757794,0.383647798742138,0.131578947368421,0.136363636363636,0,0.4,0.4,1,
0.434782608695652,0.230769230769231,0.652777777777778,0.344978165938865,0.186813186813187,0.113207547169811,0.372549019607843,0.4,0.25,0.228571428571429,0.368421052631579,0.28537170263789,0.251572327044025,0.171052631578947,0.318181818181818,0.609756097560976,0.4,0.466666666666667,1,
0.717391304347826,0.615384615384615,0.916666666666667,0.467248908296943,0.186813186813187,0.132075471698113,0.627450980392157,0.171428571428571,0.583333333333333,0.571428571428571,0.494736842105263,0.552757793764988,0.471698113207547,0.118421052631579,0.0454545454545455,0.585365853658537,0.466666666666667,0.7,1,
0.152173913043478,0.192307692307692,0.319444444444444,0.109170305676856,0.0879120879120879,0.0943396226415094,0.222222222222222,0.571428571428571,0.166666666666667,0.171428571428571,0.2,0.155875299760192,0.308176100628931,0.315789473684211,0.409090909090909,0.48780487804878,0.133333333333333,0.133333333333333,1,
0.673913043478261,0.807692307692308,0.833333333333333,0.358078602620087,0.153846153846154,0.150943396226415,0.679738562091503,0.142857142857143,0.583333333333333,0.785714285714286,0.5,0.601918465227818,0.69811320754717,0.197368421052632,0.227272727272727,0.268292682926829,0.3,0.466666666666667,1,
0.695652173913043,0.807692307692308,0.916666666666667,0.48471615720524,0.230769230769231,0.150943396226415,0.627450980392157,0.171428571428571,0.583333333333333,0.685714285714286,0.457894736842105,0.546762589928058,0.685534591194969,0.131578947368421,0.636363636363636,0.560975609756098,0.433333333333333,0.6,1,
0.608695652173913,0.846153846153846,0.944444444444444,0.541484716157205,0.241758241758242,0.188679245283019,0.673202614379085,0.142857142857143,0.583333333333333,0.714285714285714,0.521052631578947,0.599520383693046,0.660377358490566,0.157894736842105,0.0909090909090909,0.390243902439024,0.4,0.6,1,
0.717391304347826,0.769230769230769,0.805555555555556,0.388646288209607,0.142857142857143,0.150943396226415,0.673202614379085,0.142857142857143,0.583333333333333,0.728571428571429,0.494736842105263,0.595923261390887,0.685534591194969,0.184210526315789,0.363636363636364,0.51219512195122,0.4,0.533333333333333,1,
1,0.807692307692308,0.916666666666667,0.506550218340611,0.197802197802198,0.188679245283019,0.660130718954248,0.142857142857143,0.583333333333333,0.7,0.489473684210526,0.588729016786571,0.773584905660377,0.0921052631578947,0.909090909090909,0.024390243902439,0.533333333333333,0.7,1,
0.521739130434783,0.423076923076923,0.763888888888889,0.427947598253275,0.208791208791209,0.132075471698113,0.496732026143791,0.257142857142857,0.416666666666667,0.371428571428571,0.452631578947368,0.410071942446043,0.415094339622642,0.171052631578947,0.681818181818182,0.268292682926829,0.466666666666667,0.533333333333333,1,
0.673913043478261,0.846153846153846,0.930555555555556,0.51528384279476,0.230769230769231,0.169811320754717,0.69281045751634,0.142857142857143,0.583333333333333,0.785714285714286,0.536842105263158,0.622302158273381,0.754716981132076,0.157894736842105,0.136363636363636,0.24390243902439,0.4,0.6,1,
0.673913043478261,0.653846153846154,0.916666666666667,0.458515283842795,0.208791208791209,0.150943396226415,0.620915032679739,0.171428571428571,0.5,0.571428571428571,0.489473684210526,0.540767386091127,0.69811320754717,0.184210526315789,0.636363636363636,0.219512195121951,0.4,0.5,1,
0.608695652173913,0.346153846153846,0.305555555555556,0.310043668122271,0.21978021978022,0.0754716981132075,0.241830065359477,0.485714285714286,0.166666666666667,0.3,0.205263157894737,0.188249400479616,0.352201257861635,0.0789473684210526,0.318181818181818,0.268292682926829,0.866666666666667,0.933333333333333,2,
0.5,0.115384615384615,0.472222222222222,0.344978165938865,0.252747252747253,0.0754716981132075,0.241830065359477,0.485714285714286,0.166666666666667,0.128571428571429,0.252631578947368,0.188249400479616,0.113207547169811,0.131578947368421,0,0.414634146341463,0.833333333333333,0.8,2,
0.195652173913043,0.461538461538462,0.388888888888889,0.200873362445415,0.241758241758242,0.0566037735849057,0.235294117647059,0.542857142857143,0.166666666666667,0.371428571428571,0.205263157894737,0.165467625899281,0.471698113207547,0.276315789473684,0.227272727272727,0,0.166666666666667,0.1,2,
0.434782608695652,0.538461538461538,0.611111111111111,0.441048034934498,0.263736263736264,0.0943396226415094,0.418300653594771,0.285714285714286,0.333333333333333,0.485714285714286,0.315789473684211,0.350119904076739,0.578616352201258,0.144736842105263,0.318181818181818,0.463414634146341,0.733333333333333,0.666666666666667,2,
0.217391304347826,0.346153846153846,0.430555555555556,0.209606986899563,0.186813186813187,0.0943396226415094,0.241830065359477,0.542857142857143,0.166666666666667,0.342857142857143,0.221052631578947,0.176258992805755,0.308176100628931,0.197368421052632,0.0909090909090909,0.0487804878048781,0.266666666666667,0.3,2,
0.260869565217391,0.346153846153846,0.333333333333333,0.074235807860262,0.0879120879120879,0.0943396226415094,0.241830065359477,0.571428571428571,0.166666666666667,0.4,0.194736842105263,0.166666666666667,0.39622641509434,0.342105263157895,0.0454545454545455,0.146341463414634,0.1,0.0333333333333333,2,
0.5,0.307692307692308,0.513888888888889,0.318777292576419,0.186813186813187,0.0566037735849057,0.42483660130719,0.285714285714286,0.333333333333333,0.228571428571429,0.394736842105263,0.360911270983213,0.245283018867925,0.197368421052632,0,0.0975609756097561,0.666666666666667,0.566666666666667,2,
0.717391304347826,0.807692307692308,0.875,0.248908296943231,0,0.0377358490566038,0.882352941176471,0.0285714285714286,0.833333333333333,0.685714285714286,0.715789473684211,0.848920863309353,0.836477987421384,0.342105263157895,0.181818181818182,0.268292682926829,0.166666666666667,0.0666666666666667,2,
0.260869565217391,0.346153846153846,0.416666666666667,0.11353711790393,0.0989010989010989,0.0943396226415094,0.248366013071895,0.542857142857143,0.166666666666667,0.385714285714286,0.247368421052632,0.172661870503597,0.39622641509434,0.302631578947368,0.454545454545455,0.341463414634146,0.166666666666667,0.133333333333333,2,
0.543478260869565,0.192307692307692,0.444444444444444,0.384279475982533,0.241758241758242,0.0566037735849057,0.352941176470588,0.342857142857143,0.25,0.185714285714286,0.310526315789474,0.29136690647482,0.182389937106918,0.144736842105263,0.0454545454545455,0.0731707317073171,0.8,0.7,2,
0.173913043478261,0.461538461538462,0.388888888888889,0.283842794759825,0.285714285714286,0.0754716981132075,0.254901960784314,0.514285714285714,0.166666666666667,0.4,0.226315789473684,0.182254196642686,0.484276729559748,0.210526315789474,0.318181818181818,0,0.233333333333333,0.266666666666667,2,
0.891304347826087,0.923076923076923,0.861111111111111,0.336244541484716,0.0549450549450549,0.0754716981132075,0.947712418300654,0,0.916666666666667,0.728571428571429,0.826315789473684,0.940047961630695,0.955974842767296,0.342105263157895,0.0909090909090909,0.51219512195122,0.2,0.1,2,
0.521739130434783,0.384615384615385,0.458333333333333,0.301310043668122,0.197802197802198,0.0754716981132075,0.26797385620915,0.457142857142857,0.166666666666667,0.357142857142857,0.242105263157895,0.212230215827338,0.39622641509434,0.0921052631578947,0.590909090909091,0.024390243902439,0.8,0.766666666666667,2,
0.804347826086957,0.961538461538462,0.916666666666667,0.331877729257642,0.043956043956044,0.0754716981132075,0.973856209150327,0,0.916666666666667,0.757142857142857,0.778947368421053,0.976019184652278,0.930817610062893,0.315789473684211,0.409090909090909,0.317073170731707,0.166666666666667,0.0333333333333333,2,
0.195652173913043,0.423076923076923,0.319444444444444,0.0829694323144105,0.0769230769230769,0.0943396226415094,0.254901960784314,0.542857142857143,0.166666666666667,0.414285714285714,0.189473684210526,0.173860911270983,0.477987421383648,0.289473684210526,0.136363636363636,0.0975609756097561,0.1,0.0333333333333333,2,
0.326086956521739,0.269230769230769,0.527777777777778,0.358078602620087,0.285714285714286,0.0754716981132075,0.300653594771242,0.428571428571429,0.25,0.228571428571429,0.289473684210526,0.233812949640288,0.245283018867925,0.184210526315789,0.0454545454545455,0.268292682926829,0.566666666666667,0.533333333333333,2,
0.260869565217391,0.461538461538462,0.416666666666667,0.11353711790393,0.120879120879121,0.113207547169811,0.254901960784314,0.542857142857143,0.166666666666667,0.4,0.215789473684211,0.179856115107914,0.490566037735849,0.263157894736842,0.0909090909090909,0.121951219512195,0.166666666666667,0.166666666666667,2,
0.456521739130435,0.153846153846154,0.458333333333333,0.358078602620087,0.263736263736264,0.0943396226415094,0.274509803921569,0.457142857142857,0.166666666666667,0.128571428571429,0.215789473684211,0.213429256594724,0.144654088050314,0.105263157894737,0.0909090909090909,0.195121951219512,0.7,0.833333333333333,2,
0.260869565217391,0.346153846153846,0.361111111111111,0.0698689956331878,0.0659340659340659,0.0943396226415094,0.241830065359477,0.571428571428571,0.166666666666667,0.357142857142857,0.205263157894737,0.164268585131894,0.320754716981132,0.342105263157895,0.454545454545455,0.170731707317073,0.133333333333333,0.0333333333333333,2,
0.108695652173913,0.384615384615385,0.416666666666667,0.187772925764192,0.197802197802198,0.113207547169811,0.228758169934641,0.571428571428571,0.166666666666667,0.385714285714286,0.205263157894737,0.161870503597122,0.371069182389937,0.236842105263158,0.0454545454545455,0.292682926829268,0.166666666666667,0.166666666666667,2,
0.391304347826087,0.461538461538462,0.5,0.292576419213974,0.241758241758242,0.0943396226415094,0.248366013071895,0.514285714285714,0.166666666666667,0.371428571428571,0.210526315789474,0.18705035971223,0.440251572327044,0.131578947368421,0.545454545454545,0.024390243902439,0.633333333333333,0.666666666666667,2,
0.565217391304348,0.692307692307692,0.666666666666667,0.366812227074236,0.164835164835165,0.0566037735849057,0.594771241830065,0.171428571428571,0.5,0.571428571428571,0.484210526315789,0.528776978417266,0.691823899371069,0.236842105263158,0.363636363636364,0.634146341463415,0.5,0.3,2,
0.326086956521739,0.0384615384615385,0.402777777777778,0.209606986899563,0.10989010989011,0.0566037735849057,0.169934640522876,0.628571428571429,0.0833333333333333,0.0571428571428571,0.147368421052632,0.119904076738609,0.0691823899371069,0.0394736842105263,0.409090909090909,0.707317073170732,0.933333333333333,0.966666666666667,3,
0.565217391304348,0.846153846153846,0.847222222222222,0.502183406113537,0.230769230769231,0.150943396226415,0.73202614379085,0.114285714285714,0.666666666666667,0.857142857142857,0.515789473684211,0.663069544364508,0.654088050314465,0.197368421052632,0.5,0.48780487804878,0.366666666666667,0.5,3,
0.391304347826087,0.0769230769230769,0.361111111111111,0.240174672489083,0.131868131868132,0.0943396226415094,0.228758169934641,0.542857142857143,0.166666666666667,0.185714285714286,0.205263157894737,0.165467625899281,0.0880503144654088,0.0657894736842105,0.0454545454545455,0.024390243902439,0.7,0.733333333333333,3,
0.58695652173913,0.615384615384615,0.777777777777778,0.445414847161572,0.175824175824176,0.132075471698113,0.483660130718954,0.257142857142857,0.416666666666667,0.542857142857143,0.378947368421053,0.401678657074341,0.421383647798742,0.0394736842105263,0.136363636363636,0.121951219512195,0.7,0.8,3,
0.108695652173913,0.115384615384615,0.152777777777778,0.0524017467248908,0.0989010989010989,0.0377358490566038,0.0522875816993464,0.885714285714286,0,0.0857142857142857,0.0263157894736842,0.0299760191846523,0.163522012578616,0.328947368421053,0.0454545454545455,0.292682926829268,0.0333333333333333,0.1,3,
0.521739130434783,0.153846153846154,0.527777777777778,0.336244541484716,0.164835164835165,0.113207547169811,0.320261437908497,0.428571428571429,0.25,0.185714285714286,0.273684210526316,0.245803357314149,0.050314465408805,0.0394736842105263,0.0909090909090909,0.682926829268293,0.9,1,3,
0.282608695652174,0.153846153846154,0.513888888888889,0.174672489082969,0.0769230769230769,0.0943396226415094,0.274509803921569,0.485714285714286,0.166666666666667,0.128571428571429,0.257894736842105,0.201438848920863,0.226415094339623,0.157894736842105,0.636363636363636,0.317073170731707,0.333333333333333,0.333333333333333,3,
0.521739130434783,1,0.944444444444444,0.537117903930131,0.252747252747253,0.169811320754717,0.73202614379085,0.114285714285714,0.666666666666667,0.971428571428571,0.5,0.657074340527578,0.685534591194969,0.144736842105263,0.454545454545455,0.609756097560976,0.333333333333333,0.566666666666667,3,
0.630434782608696,0.807692307692308,0.805555555555556,0.318777292576419,0.0989010989010989,0.150943396226415,0.699346405228758,0.142857142857143,0.666666666666667,0.757142857142857,0.468421052631579,0.62589928057554,0.716981132075472,0.171052631578947,0.227272727272727,0.414634146341463,0.333333333333333,0.5,3,
0.630434782608696,0.730769230769231,0.805555555555556,0.528384279475983,0.263736263736264,0.150943396226415,0.666666666666667,0.142857142857143,0.583333333333333,0.657142857142857,0.515789473684211,0.597122302158273,0.566037735849057,0.157894736842105,0,0.390243902439024,0.366666666666667,0.5,3,
0.652173913043478,0.653846153846154,0.805555555555556,0.471615720524017,0.175824175824176,0.132075471698113,0.529411764705882,0.228571428571429,0.416666666666667,0.614285714285714,0.442105263157895,0.459232613908873,0.477987421383648,0.0657894736842105,0.227272727272727,0.121951219512195,0.733333333333333,0.766666666666667,3,
0.347826086956522,0.115384615384615,0.444444444444444,0.161572052401747,0.0989010989010989,0.0943396226415094,0.169934640522876,0.628571428571429,0.0833333333333333,0.114285714285714,0.173684210526316,0.122302158273381,0.132075471698113,0.171052631578947,0.0454545454545455,0.024390243902439,0.366666666666667,0.366666666666667,3,
0.5,0.807692307692308,0.888888888888889,0.310043668122271,0.120879120879121,0.150943396226415,0.673202614379085,0.142857142857143,0.583333333333333,0.814285714285714,0.478947368421053,0.597122302158273,0.710691823899371,0.210526315789474,0.590909090909091,0.560975609756098,0.333333333333333,0.433333333333333,3,
0.391304347826087,0.461538461538462,0.486111111111111,0.218340611353712,0.10989010989011,0.0754716981132075,0.248366013071895,0.514285714285714,0.166666666666667,0.4,0.210526315789474,0.1810551558753,0.446540880503145,0.0921052631578947,0.727272727272727,0.0487804878048781,0.566666666666667,0.566666666666667,3,
0.695652173913043,0.730769230769231,0.930555555555556,0.449781659388646,0.142857142857143,0.169811320754717,0.69281045751634,0.142857142857143,0.583333333333333,0.7,0.478947368421053,0.619904076738609,0.553459119496855,0.0921052631578947,0,0.48780487804878,0.5,0.733333333333333,3,
0.543478260869565,0.846153846153846,0.944444444444444,0.279475982532751,0.0659340659340659,0.169811320754717,0.73202614379085,0.114285714285714,0.666666666666667,0.857142857142857,0.531578947368421,0.663069544364508,0.679245283018868,0.184210526315789,0.363636363636364,0.731707317073171,0.366666666666667,0.566666666666667,3,
0.326086956521739,0.0769230769230769,0.138888888888889,0.074235807860262,0.120879120879121,0.0566037735849057,0.0130718954248366,0.942857142857143,0,0.0571428571428571,0.0105263157894737,0.00959232613908873,0.182389937106918,0.197368421052632,0.954545454545455,0.0975609756097561,0.2,0.2,3,
0.152173913043478,0.115384615384615,0.402777777777778,0.100436681222707,0.0989010989010989,0.0943396226415094,0.104575163398693,0.771428571428571,0.0833333333333333,0.0857142857142857,0.0894736842105263,0.0671462829736211,0.150943396226415,0.144736842105263,0.0909090909090909,0.51219512195122,0.233333333333333,0.333333333333333,3,
0.456521739130435,0.192307692307692,0.611111111111111,0.235807860262009,0.0879120879120879,0.132075471698113,0.372549019607843,0.371428571428571,0.25,0.171428571428571,0.347368421052632,0.294964028776978,0.289308176100629,0.131578947368421,0.409090909090909,0.365853658536585,0.466666666666667,0.466666666666667,3,
0.543478260869565,0.576923076923077,0.847222222222222,0.397379912663755,0.153846153846154,0.169811320754717,0.620915032679739,0.142857142857143,0.5,0.485714285714286,0.510526315789474,0.558752997601918,0.528301886792453,0.157894736842105,0.227272727272727,0.170731707317073,0.433333333333333,0.5,3,
0.695652173913043,0.5,0.833333333333333,0.397379912663755,0.153846153846154,0.132075471698113,0.529411764705882,0.228571428571429,0.416666666666667,0.457142857142857,0.405263157894737,0.447242206235012,0.327044025157233,0.0789473684210526,0.227272727272727,0.219512195121951,0.6,0.7,3,
