85,18,4,
0.456521739130435,0.576923076923077,0.597222222222222,0.253275109170306,0.186813186813187,0.150943396226415,0.287581699346405,0.485714285714286,0.166666666666667,0.5,0.247368421052632,0.207434052757794,0.490566037735849,0.197368421052632,0.181818181818182,0.341463414634146,0.3,0.5,0,
0.260869565217391,0.461538461538462,0.458333333333333,0.275109170305677,0.241758241758242,0.113207547169811,0.202614379084967,0.571428571428571,0.0833333333333333,0.428571428571429,0.226315789473684,0.147482014388489,0.421383647798742,0.157894736842105,0.0909090909090909,0,0.466666666666667,0.6,0,
0.434782608695652,0.269230769230769,0.458333333333333,0.152838427947598,0.120879120879121,0.0754716981132075,0.156862745098039,0.657142857142857,0.0833333333333333,0.285714285714286,0.189473684210526,0.109112709832134,0.176100628930818,0.184210526315789,0,0,0.366666666666667,0.233333333333333,0,
0.456521739130435,0.615384615384615,0.583333333333333,0.14410480349345,0.0989010989010989,0.150943396226415,0.30718954248366,0.485714285714286,0.25,0.6,0.242105263157895,0.219424460431655,0.484276729559748,0.223684210526316,0.454545454545455,0.170731707317073,0.233333333333333,0.366666666666667,0,
0.5,0.423076923076923,0.625,0.270742358078603,0.208791208791209,0.150943396226415,0.281045751633987,0.485714285714286,0.166666666666667,0.457142857142857,0.194736842105263,0.205035971223022,0.314465408805031,0.105263157894737,0.136363636363636,0.24390243902439,0.533333333333333,0.7,0,
0.456521739130435,0.461538461538462,0.625,0.244541484716157,0.175824175824176,0.150943396226415,0.300653594771242,0.485714285714286,0.25,0.557142857142857,0.231578947368421,0.219424460431655,0.333333333333333,0.118421052631579,0.0454545454545455,0.146341463414634,0.433333333333333,0.6,0,
0.304347826086957,0.269230769230769,0.569444444444444,0.253275109170306,0.230769230769231,0.150943396226415,0.222222222222222,0.571428571428571,0.166666666666667,0.3,0.194736842105263,0.15947242206235,0.30188679245283,0.144736842105263,0,0.317073170731707,0.433333333333333,0.6,0,
0.434782608695652,0.384615384615385,0.666666666666667,0.2882096069869,0.208791208791209,0.132075471698113,0.248366013071895,0.542857142857143,0.166666666666667,0.414285714285714,0.178947368421053,0.179856115107914,0.213836477987421,0.0789473684210526,0.0909090909090909,0.414634146341463,0.666666666666667,0.833333333333333,0,
0.260869565217391,0.230769230769231,0.236111111111111,0.0960698689956332,0.0989010989010989,0.0754716981132075,0.0130718954248366,0.914285714285714,0,0.242857142857143,0.0210526315789474,0.013189448441247,0.226415094339623,0.0657894736842105,0.772727272727273,0.170731707317073,0.7,0.7,0,
0.326086956521739,0.423076923076923,0.625,0.152838427947598,0.0989010989010989,0.169811320754717,0.294117647058824,0.485714285714286,0.25,0.528571428571429,0.242105263157895,0.21462829736211,0.415094339622642,0.223684210526316,0.227272727272727,0.390243902439024,0.266666666666667,0.466666666666667,0,
0.478260869565217,0.576923076923077,0.597222222222222,0.323144104803493,0.274725274725275,0.150943396226415,0.326797385620915,0.457142857142857,0.25,0.585714285714286,0.242105263157895,0.233812949640288,0.471698113207547,0.144736842105263,0.272727272727273,0.390243902439024,0.366666666666667,0.533333333333333,0,
0.391304347826087,0.384615384615385,0.416666666666667,0.126637554585153,0.0879120879120879,0.113207547169811,0.117647058823529,0.714285714285714,0.0833333333333333,0.4,0.152631578947368,0.0827338129496403,0.29559748427673,0.144736842105263,0.0454545454545455,0.195121951219512,0.466666666666667,0.433333333333333,0,
0.369565217391304,0.307692307692308,0.305555555555556,0.187772925764192,0.142857142857143,0.0754716981132075,0.104575163398693,0.742857142857143,0.0833333333333333,0.328571428571429,0.1,0.0743405275779376,0.30188679245283,0.0263157894736842,0.590909090909091,0.0975609756097561,0.833333333333333,0.9,0,
0.347826086956522,0.307692307692308,0.611111111111111,0.161572052401747,0.120879120879121,0.132075471698113,0.241830065359477,0.542857142857143,0.166666666666667,0.385714285714286,0.221052631578947,0.175059952038369,0.333333333333333,0.171052631578947,0.181818181818182,0.439024390243902,0.4,0.633333333333333,0,
0.41304347826087,0.192307692307692,0.277777777777778,0.11353711790393,0.164835164835165,0.0566037735849057,0.0130718954248366,0.914285714285714,0,0.2,0.0263157894736842,0.0119904076738609,0.176100628930818,0.171052631578947,0.636363636363636,0.121951219512195,0.466666666666667,0.433333333333333,0,
0.543478260869565,0.423076923076923,0.666666666666667,0.314410480349345,0.21978021978022,0.150943396226415,0.300653594771242,0.485714285714286,0.25,0.442857142857143,0.226315789473684,0.219424460431655,0.283018867924528,0.0921052631578947,0.636363636363636,0.219512195121951,0.6,0.7,0,
0.369565217391304,0.576923076923077,0.527777777777778,0.170305676855895,0.142857142857143,0.169811320754717,0.320261437908497,0.485714285714286,0.25,0.585714285714286,0.221052631578947,0.227817745803357,0.484276729559748,0.210526315789474,0.0909090909090909,0.0487804878048781,0.266666666666667,0.4,0,
0.326086956521739,0.346153846153846,0.361111111111111,0.126637554585153,0.10989010989011,0.0754716981132075,0.0718954248366013,0.8,0,0.371428571428571,0.0894736842105263,0.0515587529976019,0.320754716981132,0.0921052631578947,0.363636363636364,0.0975609756097561,0.566666666666667,0.566666666666667,0,
0.347826086956522,0.538461538461538,0.625,0.187772925764192,0.120879120879121,0.150943396226415,0.26797385620915,0.514285714285714,0.166666666666667,0.471428571428571,0.236842105263158,0.197841726618705,0.484276729559748,0.197368421052632,0.590909090909091,0.170731707317073,0.333333333333333,0.533333333333333,0,
0.239130434782609,0.153846153846154,0.416666666666667,0.179039301310044,0.164835164835165,0.132075471698113,0.156862745098039,0.628571428571429,0.0833333333333333,0.228571428571429,0.152631578947368,0.115107913669065,0.19496855345912,0.118421052631579,0.5,0.219512195121951,0.6,0.7,0,
0.434782608695652,0.153846153846154,0.5,0.344978165938865,0.175824175824176,0.113207547169811,0.339869281045752,0.4,0.25,0.228571428571429,0.321052631578947,0.264988009592326,0.188679245283019,0.105263157894737,0.181818181818182,0.170731707317073,0.533333333333333,0.533333333333333,1,
0.869565217391304,0.769230769230769,0.736111111111111,0.406113537117904,0.164835164835165,0.169811320754717,0.679738562091503,0.142857142857143,0.583333333333333,0.671428571428571,0.478947368421053,0.60431654676259,0.547169811320755,0.171052631578947,0.272727272727273,0.609756097560976,0.4,0.6,1,
0.608695652173913,0.846153846153846,0.944444444444444,0.541484716157205,0.241758241758242,0.188679245283019,0.673202614379085,0.142857142857143,0.583333333333333,0.714285714285714,0.521052631578947,0.599520383693046,0.660377358490566,0.157894736842105,0.0909090909090909,0.390243902439024,0.4,0.6,1,
0.652173913043478,0.769230769230769,0.916666666666667,0.296943231441048,0.0879120879120879,0.150943396226415,0.65359477124183,0.171428571428571,0.583333333333333,0.714285714285714,0.473684210526316,0.570743405275779,0.716981132075472,0.184210526315789,0.727272727272727,0.585365853658537,0.366666666666667,0.533333333333333,1,
0.739130434782609,0.807692307692308,0.805555555555556,0.432314410480349,0.197802197802198,0.169811320754717,0.69281045751634,0.142857142857143,0.666666666666667,0.7,0.521052631578947,0.613908872901679,0.672955974842767,0.171052631578947,0.0454545454545455,0.682926829268293,0.366666666666667,0.6,1,
0.652173913043478,0.5,0.916666666666667,0.458515283842795,0.208791208791209,0.150943396226415,0.594771241830065,0.2,0.5,0.442857142857143,0.457894736842105,0.513189448441247,0.635220125786163,0.144736842105263,0.409090909090909,0.24390243902439,0.5,0.6,1,
0.543478260869565,0.576923076923077,0.847222222222222,0.432314410480349,0.197802197802198,0.132075471698113,0.555555555555556,0.2,0.5,0.485714285714286,0.452631578947368,0.479616306954436,0.408805031446541,0.118421052631579,0.0909090909090909,0.121951219512195,0.433333333333333,0.533333333333333,1,
0.630434782608696,0.807692307692308,0.916666666666667,0.510917030567686,0.230769230769231,0.169811320754717,0.620915032679739,0.171428571428571,0.583333333333333,0.657142857142857,0.515789473684211,0.544364508393285,0.811320754716981,0.157894736842105,0,0.634146341463415,0.433333333333333,0.633333333333333,1,
0.739130434782609,0.769230769230769,0.944444444444444,0.467248908296943,0.175824175824176,0.169811320754717,0.699346405228758,0.142857142857143,0.666666666666667,0.714285714285714,0.515789473684211,0.623501199040767,0.559748427672956,0.131578947368421,0.454545454545455,0.51219512195122,0.466666666666667,0.733333333333333,1,
0.41304347826087,0.115384615384615,0.527777777777778,0.266375545851528,0.10989010989011,0.113207547169811,0.26797385620915,0.485714285714286,0.166666666666667,0.142857142857143,0.205263157894737,0.197841726618705,0.0943396226415094,0.0131578947368421,0.181818181818182,0.463414634146341,0.9,1,1,
0.326086956521739,0.461538461538462,0.583333333333333,0.222707423580786,0.0989010989010989,0.113207547169811,0.274509803921569,0.485714285714286,0.166666666666667,0.442857142857143,0.263157894736842,0.207434052757794,0.383647798742138,0.131578947368421,0.136363636363636,0,0.4,0.4,1,
0.347826086956522,0.576923076923077,0.625,0.37117903930131,0.186813186813187,0.113207547169811,0.372549019607843,0.371428571428571,0.25,0.5,0.305263157894737,0.29136690647482,0.509433962264151,0.0657894736842105,0.727272727272727,0.121951219512195,0.633333333333333,0.666666666666667,1,
0.847826086956522,0.653846153846154,0.972222222222222,0.358078602620087,0.0989010989010989,0.169811320754717,0.666666666666667,0.142857142857143,0.583333333333333,0.585714285714286,0.536842105263158,0.589928057553957,0.591194968553459,0.157894736842105,0.818181818181818,0.658536585365854,0.5,0.7,1,
0.434782608695652,0.692307692307692,0.694444444444444,0.458515283842795,0.241758241758242,0.113207547169811,0.464052287581699,0.285714285714286,0.416666666666667,0.542857142857143,0.426315789473684,0.386091127098321,0.761006289308176,0.144736842105263,0.272727272727273,0.024390243902439,0.433333333333333,0.5,1,
0.347826086956522,0.538461538461538,0.597222222222222,0.283842794759825,0.153846153846154,0.113207547169811,0.339869281045752,0.4,0.25,0.457142857142857,0.310526315789474,0.261390887290168,0.509433962264151,0.171052631578947,0.318181818181818,0.24390243902439,0.366666666666667,0.4,1,
0.58695652173913,0.384615384615385,0.722222222222222,0.406113537117904,0.164835164835165,0.150943396226415,0.444444444444444,0.285714285714286,0.333333333333333,0.357142857142857,0.368421052631579,0.365707434052758,0.276729559748428,0.0657894736842105,0.272727272727273,0.219512195121951,0.633333333333333,0.8,1,
0.260869565217391,0,0.138888888888889,0,0.0659340659340659,0.0377358490566038,0.0196078431372549,0.942857142857143,0,0,0.0315789473684211,0.0107913669064748,0.113207547169811,0.315789473684211,0.0454545454545455,0.731707317073171,0.1,0.133333333333333,1,
0.347826086956522,0.461538461538462,0.513888888888889,0.366812227074236,0.186813186813187,0.132075471698113,0.320261437908497,0.428571428571429,0.25,0.471428571428571,0.315789473684211,0.247002398081535,0.408805031446541,0.0921052631578947,0.181818181818182,0.0487804878048781,0.6,0.666666666666667,1,
0.304347826086957,0.230769230769231,0.472222222222222,0.209606986899563,0.120879120879121,0.0754716981132075,0.254901960784314,0.514285714285714,0.166666666666667,0.257142857142857,0.231578947368421,0.183453237410072,0.19496855345912,0.144736842105263,0.0454545454545455,0.804878048780488,0.366666666666667,0.5,1,
0.760869565217391,0.807692307692308,0.958333333333333,0.37117903930131,0.10989010989011,0.169811320754717,0.705882352941177,0.142857142857143,0.666666666666667,0.8,0.521052631578947,0.629496402877698,0.660377358490566,0.144736842105263,0.545454545454545,0.560975609756098,0.433333333333333,0.666666666666667,1,
0.108695652173913,0.192307692307692,0.319444444444444,0.0480349344978166,0.043956043956044,0.0754716981132075,0.196078431372549,0.6,0.166666666666667,0.171428571428571,0.168421052631579,0.1378896882494,0.232704402515723,0.236842105263158,0.0909090909090909,0.0975609756097561,0.166666666666667,0.133333333333333,1,
0.5,0.653846153846154,0.75,0.48471615720524,0.21978021978022,0.132075471698113,0.490196078431373,0.257142857142857,0.416666666666667,0.571428571428571,0.442105263157895,0.408872901678657,0.660377358490566,0.105263157894737,0.363636363636364,0.146341463414634,0.566666666666667,0.666666666666667,1,
0.630434782608696,0.461538461538462,0.597222222222222,0.410480349344978,0.197802197802198,0.0566037735849057,0.535947712418301,0.2,0.416666666666667,0.4,0.5,0.470023980815348,0.364779874213836,0.263157894736842,0,0.658536585365854,0.566666666666667,0.333333333333333,2,
0.326086956521739,0.423076923076923,0.430555555555556,0.266375545851528,0.252747252747253,0.0943396226415094,0.209150326797386,0.571428571428571,0.166666666666667,0.328571428571429,0.194736842105263,0.15347721822542,0.39622641509434,0.157894736842105,0.181818181818182,0.0975609756097561,0.4,0.4,2,
0.304347826086957,0.230769230769231,0.472222222222222,0.266375545851528,0.208791208791209,0.0754716981132075,0.215686274509804,0.542857142857143,0.166666666666667,0.228571428571429,0.226315789473684,0.160671462829736,0.188679245283019,0.144736842105263,0.136363636363636,0.51219512195122,0.633333333333333,0.633333333333333,2,
0.434782608695652,0.153846153846154,0.458333333333333,0.305676855895197,0.230769230769231,0.0943396226415094,0.254901960784314,0.485714285714286,0.166666666666667,0.185714285714286,0.236842105263158,0.195443645083933,0.163522012578616,0.118421052631579,0.0454545454545455,0.536585365853659,0.666666666666667,0.8,2,
0.739130434782609,0.923076923076923,0.861111111111111,0.349344978165939,0.0879120879120879,0.0943396226415094,0.797385620915033,0.0571428571428571,0.75,0.757142857142857,0.594736842105263,0.764988009592326,0.754716981132076,0.236842105263158,0.318181818181818,0.268292682926829,0.366666666666667,0.2,2,
0.326086956521739,0.423076923076923,0.416666666666667,0.205240174672489,0.153846153846154,0.113207547169811,0.202614379084967,0.571428571428571,0.0833333333333333,0.357142857142857,0.173684210526316,0.152278177458034,0.40251572327044,0.118421052631579,0.318181818181818,0.195121951219512,0.666666666666667,0.733333333333333,2,
0.739130434782609,0.846153846153846,0.805555555555556,0.414847161572052,0.131868131868132,0.0943396226415094,0.836601307189543,0.0285714285714286,0.75,0.714285714285714,0.673684210526316,0.817745803357314,0.855345911949686,0.276315789473684,0.136363636363636,0.024390243902439,0.333333333333333,0.1,2,
0.326086956521739,0.384615384615385,0.416666666666667,0.318777292576419,0.296703296703297,0.320754716981132,0.261437908496732,0.514285714285714,0.166666666666667,0.357142857142857,0.263157894736842,0.189448441247002,0.371069182389937,0.223684210526316,0.0454545454545455,0.219512195121951,0.333333333333333,0.266666666666667,2,
0.673913043478261,0.615384615384615,0.680555555555556,0.279475982532751,0.0769230769230769,0.0377358490566038,0.65359477124183,0.142857142857143,0.583333333333333,0.5,0.568421052631579,0.597122302158273,0.559748427672956,0.25,0.0454545454545455,0.560975609756098,0.466666666666667,0.266666666666667,2,
0.326086956521739,0.269230769230769,0.458333333333333,0.301310043668122,0.230769230769231,0.0943396226415094,0.248366013071895,0.514285714285714,0.166666666666667,0.271428571428571,0.231578947368421,0.188249400479616,0.264150943396226,0.131578947368421,0.0909090909090909,0.48780487804878,0.666666666666667,0.633333333333333,2,
0.195652173913043,0.384615384615385,0.430555555555556,0.218340611353712,0.230769230769231,0.0943396226415094,0.248366013071895,0.542857142857143,0.166666666666667,0.357142857142857,0.215789473684211,0.175059952038369,0.40251572327044,0.25,0.318181818181818,0.268292682926829,0.166666666666667,0.166666666666667,2,
0.630434782608696,0.769230769230769,0.847222222222222,0.585152838427948,0.274725274725275,0.0377358490566038,0.823529411764706,0.0571428571428571,0.75,0.642857142857143,0.721052631578947,0.79136690647482,0.836477987421384,0.342105263157895,0.318181818181818,0.536585365853659,0.266666666666667,0.1,2,
0.152173913043478,0.384615384615385,0.388888888888889,0.0829694323144105,0.0659340659340659,0.0943396226415094,0.248366013071895,0.571428571428571,0.166666666666667,0.414285714285714,0.205263157894737,0.171462829736211,0.421383647798742,0.289473684210526,0.318181818181818,0.341463414634146,0.1,0.1,2,
0.478260869565217,0.115384615384615,0.458333333333333,0.379912663755459,0.285714285714286,0.0754716981132075,0.287581699346405,0.428571428571429,0.166666666666667,0.114285714285714,0.284210526315789,0.227817745803357,0.0943396226415094,0.157894736842105,0.0909090909090909,0.463414634146341,0.766666666666667,0.766666666666667,2,
0.260869565217391,0.384615384615385,0.402777777777778,0.161572052401747,0.164835164835165,0.0943396226415094,0.261437908496732,0.514285714285714,0.166666666666667,0.385714285714286,0.252631578947368,0.188249400479616,0.440251572327044,0.328947368421053,0.0454545454545455,0.0975609756097561,0.166666666666667,0.1,2,
0.456521739130435,0.384615384615385,0.333333333333333,0.301310043668122,0.241758241758242,0.0943396226415094,0.248366013071895,0.485714285714286,0.166666666666667,0.342857142857143,0.205263157894737,0.191846522781775,0.427672955974843,0.118421052631579,0.409090909090909,0.024390243902439,0.766666666666667,0.833333333333333,2,
0.521739130434783,0.192307692307692,0.486111111111111,0.366812227074236,0.230769230769231,0.0754716981132075,0.38562091503268,0.314285714285714,0.25,0.157142857142857,0.363157894736842,0.3189448441247,0.176100628930818,0.197368421052632,0.0909090909090909,0.146341463414634,0.7,0.6,2,
0.521739130434783,0.615384615384615,0.5,0.432314410480349,0.285714285714286,0.0943396226415094,0.431372549019608,0.285714285714286,0.333333333333333,0.557142857142857,0.336842105263158,0.363309352517986,0.484276729559748,0.171052631578947,0,0.170731707317073,0.7,0.633333333333333,2,
0.217391304347826,0.423076923076923,0.416666666666667,0.270742358078603,0.241758241758242,0.0566037735849057,0.202614379084967,0.571428571428571,0.0833333333333333,0.357142857142857,0.189473684210526,0.146282973621103,0.383647798742138,0.131578947368421,0.318181818181818,0.146341463414634,0.4,0.4,2,
0.282608695652174,0.538461538461538,0.486111111111111,0.266375545851528,0.230769230769231,0.0754716981132075,0.274509803921569,0.485714285714286,0.166666666666667,0.4,0.242105263157895,0.206235011990408,0.509433962264151,0.197368421052632,0.318181818181818,0.0731707317073171,0.4,0.433333333333333,2,
0.608695652173913,0.346153846153846,0.305555555555556,0.310043668122271,0.21978021978022,0.0754716981132075,0.241830065359477,0.485714285714286,0.166666666666667,0.3,0.205263157894737,0.188249400479616,0.352201257861635,0.0789473684210526,0.318181818181818,0.268292682926829,0.866666666666667,0.933333333333333,2,
0.41304347826087,0.153846153846154,0.486111111111111,0.349344978165939,0.252747252747253,0.0754716981132075,0.274509803921569,0.457142857142857,0.166666666666667,0.185714285714286,0.284210526315789,0.21462829736211,0.113207547169811,0.157894736842105,0,0.0975609756097561,0.733333333333333,0.7,2,
0.58695652173913,0.615384615384615,0.777777777777778,0.445414847161572,0.175824175824176,0.132075471698113,0.483660130718954,0.257142857142857,0.416666666666667,0.542857142857143,0.378947368421053,0.401678657074341,0.421383647798742,0.0394736842105263,0.136363636363636,0.121951219512195,0.7,0.8,3,
0.282608695652174,0.192307692307692,0.680555555555556,0.314410480349345,0.131868131868132,0.132075471698113,0.372549019607843,0.371428571428571,0.25,0.2,0.315789473684211,0.292565947242206,0.245283018867925,0.105263157894737,0.318181818181818,0.804878048780488,0.566666666666667,0.7,3,
0.326086956521739,0.269230769230769,0.541666666666667,0.344978165938865,0.164835164835165,0.0943396226415094,0.418300653594771,0.342857142857143,0.333333333333333,0.285714285714286,0.368421052631579,0.333333333333333,0.257861635220126,0.0921052631578947,0,0.707317073170732,0.433333333333333,0.6,3,
0.347826086956522,0.115384615384615,0.402777777777778,0.165938864628821,0.10989010989011,0.0943396226415094,0.150326797385621,0.685714285714286,0.0833333333333333,0.114285714285714,0.126315789473684,0.0983213429256595,0.119496855345912,0.0921052631578947,0.136363636363636,0.878048780487805,0.566666666666667,0.733333333333333,3,
0.173913043478261,0.192307692307692,0.180555555555556,0.0829694323144105,0.120879120879121,0.0754716981132075,0.143790849673203,0.714285714285714,0.0833333333333333,0.142857142857143,0.0894736842105263,0.0899280575539568,0.245283018867925,0.315789473684211,0.454545454545455,0.146341463414634,0.0333333333333333,0.1,3,
0.434782608695652,0.346153846153846,0.666666666666667,0.366812227074236,0.164835164835165,0.150943396226415,0.464052287581699,0.285714285714286,0.333333333333333,0.328571428571429,0.410526315789474,0.383693045563549,0.371069182389937,0.144736842105263,0.136363636363636,0.292682926829268,0.433333333333333,0.533333333333333,3,
0.652173913043478,0.923076923076923,0.902777777777778,0.510917030567686,0.241758241758242,0.169811320754717,0.69281045751634,0.114285714285714,0.583333333333333,0.785714285714286,0.505263157894737,0.62589928057554,0.886792452830189,0.184210526315789,0.454545454545455,0.0487804878048781,0.366666666666667,0.466666666666667,3,
0.608695652173913,0.769230769230769,0.944444444444444,0.349344978165939,0.0769230769230769,0.188679245283019,0.679738562091503,0.142857142857143,0.583333333333333,0.771428571428571,0.473684210526316,0.600719424460432,0.490566037735849,0.118421052631579,0.181818181818182,0.585365853658537,0.466666666666667,0.666666666666667,3,
0.456521739130435,0.153846153846154,0.472222222222222,0.283842794759825,0.131868131868132,0.0943396226415094,0.326797385620915,0.428571428571429,0.25,0.214285714285714,0.252631578947368,0.251798561151079,0.132075471698113,0.0526315789473684,0.272727272727273,0.146341463414634,0.733333333333333,0.766666666666667,3,
0.521739130434783,0.538461538461538,0.569444444444444,0.344978165938865,0.186813186813187,0.113207547169811,0.366013071895425,0.371428571428571,0.25,0.457142857142857,0.331578947368421,0.290167865707434,0.459119496855346,0.144736842105263,0.5,0.0487804878048781,0.533333333333333,0.566666666666667,3,
0.695652173913043,0.807692307692308,0.777777777777778,0.353711790393013,0.10989010989011,0.150943396226415,0.699346405228758,0.114285714285714,0.666666666666667,0.742857142857143,0.531578947368421,0.62589928057554,0.679245283018868,0.210526315789474,0.227272727272727,0.292682926829268,0.366666666666667,0.466666666666667,3,
0.782608695652174,0.576923076923077,0.930555555555556,0.48471615720524,0.164835164835165,0.150943396226415,0.607843137254902,0.171428571428571,0.5,0.571428571428571,0.484210526315789,0.52757793764988,0.371069182389937,0.0789473684210526,0.409090909090909,0.780487804878049,0.633333333333333,0.833333333333333,3,
0.456521739130435,0.230769230769231,0.680555555555556,0.393013100436681,0.164835164835165,0.132075471698113,0.392156862745098,0.342857142857143,0.333333333333333,0.242857142857143,0.321052631578947,0.311750599520384,0.0754716981132075,0.0526315789473684,0.181818181818182,0.560975609756098,0.833333333333333,0.933333333333333,3,
0.5,0.846153846153846,0.875,0.423580786026201,0.197802197802198,0.132075471698113,0.601307189542484,0.171428571428571,0.5,0.685714285714286,0.510526315789474,0.52757793764988,0.861635220125786,0.197368421052632,0.272727272727273,0.0487804878048781,0.333333333333333,0.433333333333333,3,
0.304347826086957,0.615384615384615,0.638888888888889,0.375545851528384,0.186813186813187,0.132075471698113,0.42483660130719,0.314285714285714,0.333333333333333,0.5,0.352631578947368,0.344124700239808,0.628930817610063,0.105263157894737,0.5,0.170731707317073,0.533333333333333,0.6,3,
0.717391304347826,0.615384615384615,0.777777777777778,0.423580786026201,0.153846153846154,0.150943396226415,0.450980392156863,0.285714285714286,0.333333333333333,0.571428571428571,0.352631578947368,0.371702637889688,0.446540880503145,0.0394736842105263,0.863636363636364,0.365853658536585,0.866666666666667,0.933333333333333,3,
0.543478260869565,0.807692307692308,0.888888888888889,0.358078602620087,0.131868131868132,0.150943396226415,0.660130718954248,0.171428571428571,0.583333333333333,0.771428571428571,0.489473684210526,0.57673860911271,0.679245283018868,0.184210526315789,0.0454545454545455,0.634146341463415,0.333333333333333,0.466666666666667,3,
0.630434782608696,0.384615384615385,0.777777777777778,0.406113537117904,0.175824175824176,0.150943396226415,0.477124183006536,0.285714285714286,0.416666666666667,0.342857142857143,0.378947368421053,0.394484412470024,0.188679245283019,0.0789473684210526,0.363636363636364,0.292682926829268,0.633333333333333,0.766666666666667,3,
0.565217391304348,0.653846153846154,0.666666666666667,0.436681222707424,0.186813186813187,0.150943396226415,0.477124183006536,0.257142857142857,0.416666666666667,0.585714285714286,0.415789473684211,0.399280575539568,0.528301886792453,0.0921052631578947,0.545454545454545,0.268292682926829,0.6,0.666666666666667,3,
0.41304347826087,0.384615384615385,0.402777777777778,0.235807860262009,0.0989010989010989,0.0943396226415094,0.241830065359477,0.514285714285714,0.166666666666667,0.357142857142857,0.210526315789474,0.178657074340528,0.371069182389937,0.0526315789473684,0.636363636363636,0.439024390243902,0.733333333333333,0.733333333333333,3,
0.608695652173913,0.884615384615385,0.833333333333333,0.436681222707424,0.164835164835165,0.188679245283019,0.751633986928105,0.114285714285714,0.666666666666667,0.857142857142857,0.531578947368421,0.68705035971223,0.59748427672956,0.184210526315789,0,0.268292682926829,0.333333333333333,0.533333333333333,3,
