85,18,4,
0.282608695652174,0.115384615384615,0.416666666666667,0.170305676855895,0.153846153846154,0.132075471698113,0.137254901960784,0.685714285714286,0.0833333333333333,0.171428571428571,0.121052631578947,0.0983213429256595,0.113207547169811,0.0921052631578947,0.0909090909090909,0.24390243902439,0.6,0.7,0,
0.478260869565217,0.307692307692308,0.583333333333333,0.2882096069869,0.197802197802198,0.132075471698113,0.215686274509804,0.571428571428571,0.166666666666667,0.385714285714286,0.173684210526316,0.155875299760192,0.19496855345912,0.0657894736842105,0.181818181818182,0.195121951219512,0.766666666666667,0.866666666666667,0,
0.326086956521739,0.307692307692308,0.555555555555556,0.187772925764192,0.164835164835165,0.113207547169811,0.222222222222222,0.542857142857143,0.166666666666667,0.371428571428571,0.205263157894737,0.160671462829736,0.327044025157233,0.157894736842105,0.181818181818182,0.390243902439024,0.4,0.533333333333333,0,
0.326086956521739,0.0769230769230769,0.277777777777778,0.170305676855895,0.131868131868132,0.0943396226415094,0.104575163398693,0.742857142857143,0.0833333333333333,0.157142857142857,0.0894736842105263,0.0743405275779376,0,0.0394736842105263,0.0454545454545455,0.146341463414634,0.866666666666667,0.933333333333333,0,
0.304347826086957,0.153846153846154,0.166666666666667,0.0524017467248908,0.0769230769230769,0.0754716981132075,0.0196078431372549,0.914285714285714,0,0.114285714285714,0.0263157894736842,0.0143884892086331,0.220125786163522,0.197368421052632,0.5,0.536585365853659,0.333333333333333,0.3,0,
0.434782608695652,0.384615384615385,0.625,0.126637554585153,0.0769230769230769,0.150943396226415,0.281045751633987,0.514285714285714,0.166666666666667,0.5,0.231578947368421,0.200239808153477,0.352201257861635,0.210526315789474,0.545454545454545,0.317073170731707,0.266666666666667,0.5,0,
0.195652173913043,0.384615384615385,0.416666666666667,0.637554585152838,0.637362637362637,1,0.176470588235294,0.628571428571429,0.0833333333333333,0.385714285714286,0.531578947368421,0.12589928057554,0.39622641509434,0.526315789473684,0.181818181818182,0.219512195121951,0.466666666666667,0.6,0,
0.326086956521739,0.384615384615385,0.611111111111111,0.139737991266376,0.0879120879120879,0.169811320754717,0.274509803921569,0.514285714285714,0.166666666666667,0.457142857142857,0.231578947368421,0.199040767386091,0.345911949685535,0.184210526315789,0.272727272727273,0.0487804878048781,0.3,0.5,0,
0.434782608695652,0.538461538461538,0.625,0.248908296943231,0.197802197802198,0.188679245283019,0.281045751633987,0.485714285714286,0.166666666666667,0.557142857142857,0.257894736842105,0.203836930455636,0.433962264150943,0.223684210526316,0.0909090909090909,0.219512195121951,0.266666666666667,0.5,0,
0.456521739130435,0.0769230769230769,0.361111111111111,0.187772925764192,0.164835164835165,0.132075471698113,0.124183006535948,0.685714285714286,0.0833333333333333,0.128571428571429,0.152631578947368,0.0887290167865707,0.0377358490566038,0.0921052631578947,0.363636363636364,0.170731707317073,0.666666666666667,0.666666666666667,0,
0.478260869565217,0.192307692307692,0.361111111111111,0.0960698689956332,0.0549450549450549,0.113207547169811,0.137254901960784,0.742857142857143,0.0833333333333333,0.314285714285714,0.147368421052632,0.0827338129496403,0.19496855345912,0.25,0.5,0.195121951219512,0.266666666666667,0.0666666666666667,0,
0.347826086956522,0.538461538461538,0.569444444444444,0.187772925764192,0.186813186813187,0.169811320754717,0.287581699346405,0.514285714285714,0.25,0.642857142857143,0.210526315789474,0.201438848920863,0.49685534591195,0.223684210526316,0.272727272727273,0.317073170731707,0.266666666666667,0.4,0,
0.391304347826087,0.423076923076923,0.361111111111111,0.205240174672489,0.175824175824176,0.0943396226415094,0.163398692810458,0.628571428571429,0.0833333333333333,0.4,0.189473684210526,0.115107913669065,0.364779874213836,0.171052631578947,0.0454545454545455,0.219512195121951,0.4,0.433333333333333,0,
0.456521739130435,0.115384615384615,0.361111111111111,0.205240174672489,0.153846153846154,0.113207547169811,0.137254901960784,0.685714285714286,0.0833333333333333,0.242857142857143,0.126315789473684,0.0971223021582734,0.0628930817610063,0.0394736842105263,0.409090909090909,0.0731707317073171,0.833333333333333,0.9,0,
0.347826086956522,0.269230769230769,0.513888888888889,0.240174672489083,0.197802197802198,0.132075471698113,0.209150326797386,0.571428571428571,0.166666666666667,0.328571428571429,0.2,0.155875299760192,0.213836477987421,0.144736842105263,0,0.121951219512195,0.466666666666667,0.633333333333333,0,
0.304347826086957,0.115384615384615,0.180555555555556,0.0567685589519651,0.120879120879121,0.0377358490566038,0.0392156862745098,0.885714285714286,0,0.1,0.0421052631578947,0.0251798561151079,0.182389937106918,0.342105263157895,0.409090909090909,0.365853658536585,0.133333333333333,0.0666666666666667,0,
0.5,0.230769230769231,0.513888888888889,0.244541484716157,0.164835164835165,0.113207547169811,0.183006535947712,0.6,0.0833333333333333,0.457142857142857,0.163157894736842,0.13189448441247,0.0943396226415094,0.0394736842105263,0.681818181818182,0.0731707317073171,0.833333333333333,0.9,0,
0.326086956521739,0.423076923076923,0.611111111111111,0.135371179039301,0.0879120879120879,0.188679245283019,0.281045751633987,0.514285714285714,0.25,0.571428571428571,0.242105263157895,0.200239808153477,0.345911949685535,0.210526315789474,0.318181818181818,0.268292682926829,0.233333333333333,0.466666666666667,0,
0.521739130434783,0.461538461538462,0.708333333333333,0.248908296943231,0.175824175824176,0.150943396226415,0.254901960784314,0.542857142857143,0.166666666666667,0.428571428571429,0.189473684210526,0.179856115107914,0.389937106918239,0.0789473684210526,0.818181818181818,0.48780487804878,0.7,0.8,0,
0.391304347826087,0.192307692307692,0.416666666666667,0.244541484716157,0.208791208791209,0.433962264150943,0.183006535947712,0.6,0.0833333333333333,0.3,0.168421052631579,0.134292565947242,0.132075471698113,0.105263157894737,0.181818181818182,0.268292682926829,0.533333333333333,0.7,0,
0.456521739130435,0.192307692307692,0.666666666666667,0.327510917030568,0.142857142857143,0.0943396226415094,0.379084967320261,0.371428571428571,0.333333333333333,0.185714285714286,0.305263157894737,0.300959232613909,0.220125786163522,0.0921052631578947,0.0909090909090909,0.682926829268293,0.633333333333333,0.766666666666667,1,
0.717391304347826,0.769230769230769,0.805555555555556,0.388646288209607,0.142857142857143,0.150943396226415,0.673202614379085,0.142857142857143,0.583333333333333,0.728571428571429,0.494736842105263,0.595923261390887,0.685534591194969,0.184210526315789,0.363636363636364,0.51219512195122,0.4,0.533333333333333,1,
0.58695652173913,0.730769230769231,0.888888888888889,0.37117903930131,0.131868131868132,0.150943396226415,0.627450980392157,0.171428571428571,0.583333333333333,0.642857142857143,0.473684210526316,0.54916067146283,0.553459119496855,0.144736842105263,0.0454545454545455,0.536585365853659,0.366666666666667,0.566666666666667,1,
0.608695652173913,0.730769230769231,0.847222222222222,0.406113537117904,0.164835164835165,0.132075471698113,0.496732026143791,0.257142857142857,0.416666666666667,0.628571428571429,0.410526315789474,0.411270983213429,0.591194968553459,0.105263157894737,0.636363636363636,0.365853658536585,0.566666666666667,0.7,1,
0.673913043478261,0.692307692307692,0.944444444444444,0.388646288209607,0.131868131868132,0.169811320754717,0.686274509803922,0.142857142857143,0.583333333333333,0.642857142857143,0.536842105263158,0.611510791366906,0.591194968553459,0.171052631578947,0.681818181818182,0.536585365853659,0.466666666666667,0.666666666666667,1,
0.760869565217391,0.730769230769231,0.958333333333333,0.34061135371179,0.0879120879120879,0.188679245283019,0.679738562091503,0.142857142857143,0.583333333333333,0.757142857142857,0.521052631578947,0.603117505995204,0.660377358490566,0.171052631578947,0.454545454545455,0.682926829268293,0.433333333333333,0.666666666666667,1,
0.804347826086957,0.692307692307692,0.888888888888889,0.379912663755459,0.10989010989011,0.188679245283019,0.660130718954248,0.142857142857143,0.583333333333333,0.628571428571429,0.505263157894737,0.587529976019185,0.509433962264151,0.118421052631579,0.818181818181818,0.0487804878048781,0.5,0.6,1,
0.282608695652174,0.307692307692308,0.333333333333333,0.192139737991266,0.153846153846154,0.0566037735849057,0.248366013071895,0.542857142857143,0.166666666666667,0.285714285714286,0.184210526315789,0.178657074340528,0.40251572327044,0.276315789473684,0.227272727272727,0.195121951219512,0.2,0.133333333333333,1,
0.369565217391304,0.384615384615385,0.444444444444444,0.296943231441048,0.131868131868132,0.113207547169811,0.274509803921569,0.457142857142857,0.166666666666667,0.371428571428571,0.231578947368421,0.211031175059952,0.308176100628931,0.0263157894736842,0.681818181818182,0.219512195121951,0.9,0.933333333333333,1,
0.673913043478261,0.769230769230769,0.847222222222222,0.414847161572052,0.197802197802198,0.169811320754717,0.660130718954248,0.142857142857143,0.583333333333333,0.714285714285714,0.452631578947368,0.579136690647482,0.70440251572327,0.171052631578947,0.545454545454545,0.292682926829268,0.366666666666667,0.566666666666667,1,
0.543478260869565,0.692307692307692,0.777777777777778,0.432314410480349,0.208791208791209,0.150943396226415,0.496732026143791,0.257142857142857,0.416666666666667,0.557142857142857,0.405263157894737,0.418465227817746,0.767295597484277,0.118421052631579,0.454545454545455,0.024390243902439,0.5,0.6,1,
0.804347826086957,0.807692307692308,0.861111111111111,0.423580786026201,0.186813186813187,0.169811320754717,0.660130718954248,0.142857142857143,0.583333333333333,0.757142857142857,0.484210526315789,0.581534772182254,0.70440251572327,0.184210526315789,0.772727272727273,0.390243902439024,0.4,0.566666666666667,1,
0.239130434782609,0.115384615384615,0.486111111111111,0.139737991266376,0.0879120879120879,0.0754716981132075,0.183006535947712,0.628571428571429,0.0833333333333333,0.1,0.189473684210526,0.127098321342926,0.182389937106918,0.157894736842105,0.181818181818182,0.878048780487805,0.433333333333333,0.466666666666667,1,
0.41304347826087,0.153846153846154,0.638888888888889,0.275109170305677,0.142857142857143,0.0943396226415094,0.300653594771242,0.457142857142857,0.25,0.185714285714286,0.268421052631579,0.226618705035971,0.220125786163522,0.118421052631579,0.409090909090909,0.51219512195122,0.466666666666667,0.5,1,
0.434782608695652,0.346153846153846,0.805555555555556,0.384279475982533,0.175824175824176,0.132075471698113,0.477124183006536,0.285714285714286,0.416666666666667,0.285714285714286,0.4,0.388489208633094,0.40251572327044,0.144736842105263,0.454545454545455,0.51219512195122,0.433333333333333,0.533333333333333,1,
0.239130434782609,0.192307692307692,0.597222222222222,0.161572052401747,0.0769230769230769,0.0943396226415094,0.241830065359477,0.542857142857143,0.166666666666667,0.2,0.247368421052632,0.171462829736211,0.251572327044025,0.197368421052632,0.272727272727273,0.707317073170732,0.3,0.333333333333333,1,
0.478260869565217,0.538461538461538,0.569444444444444,0.314410480349345,0.131868131868132,0.0943396226415094,0.366013071895425,0.371428571428571,0.25,0.485714285714286,0.347368421052632,0.288968824940048,0.477987421383648,0.105263157894737,0.181818181818182,0.0975609756097561,0.5,0.566666666666667,1,
0.543478260869565,0.846153846153846,0.888888888888889,0.475982532751092,0.21978021978022,0.132075471698113,0.61437908496732,0.171428571428571,0.5,0.7,0.489473684210526,0.533573141486811,0.69811320754717,0.171052631578947,0.227272727272727,0.463414634146341,0.366666666666667,0.5,1,
0.760869565217391,0.692307692307692,0.833333333333333,0.445414847161572,0.175824175824176,0.150943396226415,0.549019607843137,0.228571428571429,0.5,0.585714285714286,0.442105263157895,0.470023980815348,0.578616352201258,0.0789473684210526,0.318181818181818,0.390243902439024,0.6,0.8,1,
0.434782608695652,0.461538461538462,0.569444444444444,0.318777292576419,0.186813186813187,0.0943396226415094,0.313725490196078,0.428571428571429,0.25,0.414285714285714,0.263157894736842,0.238609112709832,0.49685534591195,0.144736842105263,0.5,0.268292682926829,0.533333333333333,0.6,1,
0.391304347826087,0.461538461538462,0.541666666666667,0.314410480349345,0.131868131868132,0.132075471698113,0.333333333333333,0.4,0.25,0.428571428571429,0.284210526315789,0.26378896882494,0.440251572327044,0.0394736842105263,0,0.24390243902439,0.766666666666667,0.9,1,
0.347826086956522,0.346153846153846,0.555555555555556,0.205240174672489,0.164835164835165,0.0754716981132075,0.209150326797386,0.571428571428571,0.166666666666667,0.3,0.189473684210526,0.148681055155875,0.383647798742138,0.197368421052632,0.772727272727273,0.317073170731707,0.3,0.266666666666667,1,
0.304347826086957,0.346153846153846,0.5,0.240174672489083,0.197802197802198,0.0566037735849057,0.281045751633987,0.457142857142857,0.166666666666667,0.285714285714286,0.284210526315789,0.213429256594724,0.30188679245283,0.223684210526316,0.272727272727273,0.292682926829268,0.433333333333333,0.4,2,
0.456521739130435,0.153846153846154,0.444444444444444,0.388646288209607,0.274725274725275,0.0754716981132075,0.300653594771242,0.428571428571429,0.166666666666667,0.214285714285714,0.284210526315789,0.241007194244604,0.113207547169811,0.144736842105263,0,0.341463414634146,0.8,0.766666666666667,2,
0.282608695652174,0.384615384615385,0.388888888888889,0.209606986899563,0.164835164835165,0.0943396226415094,0.248366013071895,0.514285714285714,0.166666666666667,0.342857142857143,0.257894736842105,0.183453237410072,0.345911949685535,0.210526315789474,0.181818181818182,0.219512195121951,0.4,0.366666666666667,2,
0.608695652173913,0.769230769230769,0.708333333333333,0.393013100436681,0.197802197802198,0.0754716981132075,0.601307189542484,0.171428571428571,0.5,0.614285714285714,0.531578947368421,0.541966426858513,0.660377358490566,0.25,0.227272727272727,0.341463414634146,0.533333333333333,0.366666666666667,2,
0.434782608695652,0.538461538461538,0.611111111111111,0.441048034934498,0.263736263736264,0.0943396226415094,0.418300653594771,0.285714285714286,0.333333333333333,0.485714285714286,0.315789473684211,0.350119904076739,0.578616352201258,0.144736842105263,0.318181818181818,0.463414634146341,0.733333333333333,0.666666666666667,2,
0.239130434782609,0.384615384615385,0.5,0.331877729257642,0.307692307692308,0.0943396226415094,0.281045751633987,0.485714285714286,0.166666666666667,0.357142857142857,0.263157894736842,0.209832134292566,0.40251572327044,0.236842105263158,0.227272727272727,0.292682926829268,0.3,0.3,2,
0.282608695652174,0.346153846153846,0.333333333333333,0.0786026200873362,0.0769230769230769,0.0754716981132075,0.235294117647059,0.571428571428571,0.166666666666667,0.357142857142857,0.210526315789474,0.161870503597122,0.389937106918239,0.368421052631579,0.0454545454545455,0.0731707317073171,0.1,0.0333333333333333,2,
0.5,0.538461538461538,0.513888888888889,0.436681222707424,0.274725274725275,0.0754716981132075,0.359477124183007,0.342857142857143,0.25,0.457142857142857,0.305263157894737,0.293764988009592,0.459119496855346,0.131578947368421,0.272727272727273,0.390243902439024,0.766666666666667,0.733333333333333,2,
0.58695652173913,0.692307692307692,0.680555555555556,0.414847161572052,0.197802197802198,0.0754716981132075,0.581699346405229,0.171428571428571,0.5,0.585714285714286,0.468421052631579,0.525179856115108,0.60377358490566,0.197368421052632,0.272727272727273,0.170731707317073,0.566666666666667,0.4,2,
0.260869565217391,0.423076923076923,0.416666666666667,0.441048034934498,0.615384615384615,0.943396226415094,0.241830065359477,0.542857142857143,0.166666666666667,0.371428571428571,0.58421052631579,0.169064748201439,0.49685534591195,0.894736842105263,0.409090909090909,0.268292682926829,0.133333333333333,0.0666666666666667,2,
0.565217391304348,0.692307692307692,0.666666666666667,0.366812227074236,0.164835164835165,0.0566037735849057,0.594771241830065,0.171428571428571,0.5,0.571428571428571,0.484210526315789,0.528776978417266,0.691823899371069,0.236842105263158,0.363636363636364,0.634146341463415,0.5,0.3,2,
0.804347826086957,0.884615384615385,0.875,0.519650655021834,0.186813186813187,0.0566037735849057,0.901960784313726,0,0.833333333333333,0.728571428571429,0.789473684210526,0.892086330935252,0.817610062893082,0.342105263157895,0.181818181818182,0.146341463414634,0.266666666666667,0.0666666666666667,2,
0.347826086956522,0.423076923076923,0.388888888888889,0.0393013100436681,0.032967032967033,0.0943396226415094,0.248366013071895,0.542857142857143,0.166666666666667,0.414285714285714,0.215789473684211,0.172661870503597,0.50314465408805,0.381578947368421,0.272727272727273,0.121951219512195,0.1,0.0333333333333333,2,
0.565217391304348,0.307692307692308,0.513888888888889,0.406113537117904,0.241758241758242,0.0754716981132075,0.42483660130719,0.285714285714286,0.333333333333333,0.3,0.378947368421053,0.360911270983213,0.264150943396226,0.171052631578947,0.181818181818182,0.24390243902439,0.733333333333333,0.6,2,
0.739130434782609,0.846153846153846,0.875,0.275109170305677,0.021978021978022,0.0943396226415094,0.915032679738562,0.0285714285714286,0.916666666666667,0.771428571428571,0.731578947368421,0.863309352517986,0.817610062893082,0.315789473684211,0.227272727272727,0.731707317073171,0.1,0.166666666666667,2,
0.173913043478261,0.423076923076923,0.388888888888889,0.0698689956331878,0.0659340659340659,0.0754716981132075,0.254901960784314,0.542857142857143,0.166666666666667,0.414285714285714,0.210526315789474,0.178657074340528,0.433962264150943,0.355263157894737,0.181818181818182,0.121951219512195,0.1,0.0666666666666667,2,
0.260869565217391,0.346153846153846,0.361111111111111,0.0698689956331878,0.0659340659340659,0.0943396226415094,0.241830065359477,0.571428571428571,0.166666666666667,0.357142857142857,0.205263157894737,0.164268585131894,0.320754716981132,0.342105263157895,0.454545454545455,0.170731707317073,0.133333333333333,0.0333333333333333,2,
0.195652173913043,0.423076923076923,0.444444444444444,0.139737991266376,0.153846153846154,0.0943396226415094,0.228758169934641,0.571428571428571,0.166666666666667,0.357142857142857,0.226315789473684,0.15947242206235,0.465408805031447,0.289473684210526,0.272727272727273,0.414634146341463,0.166666666666667,0.133333333333333,2,
0.369565217391304,0.307692307692308,0.430555555555556,0.283842794759825,0.230769230769231,0.0943396226415094,0.248366013071895,0.514285714285714,0.166666666666667,0.285714285714286,0.236842105263158,0.182254196642686,0.30188679245283,0.157894736842105,0.136363636363636,0.439024390243902,0.533333333333333,0.533333333333333,2,
0.217391304347826,0.346153846153846,0.361111111111111,0.22707423580786,0.21978021978022,0.0943396226415094,0.248366013071895,0.542857142857143,0.166666666666667,0.371428571428571,0.231578947368421,0.178657074340528,0.314465408805031,0.25,0.181818181818182,0.0487804878048781,0.2,0.233333333333333,2,
0.217391304347826,0.307692307692308,0.416666666666667,0.222707423580786,0.197802197802198,0.0943396226415094,0.209150326797386,0.571428571428571,0.166666666666667,0.328571428571429,0.2,0.149880095923261,0.238993710691824,0.157894736842105,0.181818181818182,0.292682926829268,0.4,0.466666666666667,2,
0.782608695652174,0.846153846153846,0.861111111111111,0.283842794759825,0.043956043956044,0.0754716981132075,0.843137254901961,0.0285714285714286,0.75,0.671428571428571,0.710526315789474,0.822541966426859,0.867924528301887,0.328947368421053,0.454545454545455,0.268292682926829,0.266666666666667,0.0666666666666667,2,
0.673913043478261,0.923076923076923,0.875,0.51528384279476,0.274725274725275,0.188679245283019,0.712418300653595,0.114285714285714,0.666666666666667,0.842857142857143,0.489473684210526,0.640287769784173,0.685534591194969,0.171052631578947,0.5,0.292682926829268,0.333333333333333,0.466666666666667,3,
0.652173913043478,0.884615384615385,0.833333333333333,0.353711790393013,0.131868131868132,0.169811320754717,0.679738562091503,0.142857142857143,0.583333333333333,0.785714285714286,0.468421052631579,0.599520383693046,0.691823899371069,0.210526315789474,0.681818181818182,0.268292682926829,0.333333333333333,0.433333333333333,3,
0.260869565217391,0.192307692307692,0.444444444444444,0.11353711790393,0.0659340659340659,0.132075471698113,0.143790849673203,0.714285714285714,0.0833333333333333,0.2,0.0789473684210526,0.092326139088729,0.0880503144654088,0.0789473684210526,0.0454545454545455,0.585365853658537,0.4,0.566666666666667,3,
0.5,0.730769230769231,0.888888888888889,0.51528384279476,0.21978021978022,0.132075471698113,0.562091503267974,0.2,0.5,0.642857142857143,0.457894736842105,0.485611510791367,0.735849056603774,0.105263157894737,0.545454545454545,0.48780487804878,0.533333333333333,0.666666666666667,3,
0.695652173913043,0.884615384615385,0.805555555555556,0.458515283842795,0.186813186813187,0.169811320754717,0.686274509803922,0.142857142857143,0.583333333333333,0.785714285714286,0.5,0.613908872901679,0.672955974842767,0.171052631578947,0.0909090909090909,0.463414634146341,0.4,0.6,3,
0.543478260869565,0.846153846153846,0.944444444444444,0.279475982532751,0.0659340659340659,0.169811320754717,0.73202614379085,0.114285714285714,0.666666666666667,0.857142857142857,0.531578947368421,0.663069544364508,0.679245283018868,0.184210526315789,0.363636363636364,0.731707317073171,0.366666666666667,0.566666666666667,3,
0.152173913043478,0.0384615384615385,0.0277777777777778,0.0262008733624454,0.10989010989011,0.0188679245283019,0.0130718954248366,0.942857142857143,0,0.0142857142857143,0.00526315789473684,0.00839328537170264,0.0754716981132075,0.368421052631579,0.181818181818182,0.170731707317073,0.1,0.0666666666666667,3,
0.543478260869565,0.576923076923077,0.847222222222222,0.397379912663755,0.153846153846154,0.169811320754717,0.620915032679739,0.142857142857143,0.5,0.485714285714286,0.510526315789474,0.558752997601918,0.528301886792453,0.157894736842105,0.227272727272727,0.170731707317073,0.433333333333333,0.5,3,
0.239130434782609,0.192307692307692,0.472222222222222,0.148471615720524,0.10989010989011,0.113207547169811,0.176470588235294,0.657142857142857,0.0833333333333333,0.128571428571429,0.157894736842105,0.117505995203837,0.113207547169811,0.171052631578947,0.409090909090909,0.48780487804878,0.233333333333333,0.333333333333333,3,
0.195652173913043,0.269230769230769,0.458333333333333,0.161572052401747,0.10989010989011,0.113207547169811,0.26797385620915,0.514285714285714,0.166666666666667,0.214285714285714,0.226315789473684,0.189448441247002,0.276729559748428,0.210526315789474,0.5,0.219512195121951,0.166666666666667,0.2,3,
0.369565217391304,0.307692307692308,0.527777777777778,0.179039301310044,0.0879120879120879,0.0943396226415094,0.169934640522876,0.628571428571429,0.0833333333333333,0.285714285714286,0.163157894736842,0.119904076738609,0.308176100628931,0.105263157894737,0,0.024390243902439,0.533333333333333,0.533333333333333,3,
0.521739130434783,0.846153846153846,0.777777777777778,0.2882096069869,0.0769230769230769,0.150943396226415,0.679738562091503,0.142857142857143,0.583333333333333,0.785714285714286,0.468421052631579,0.600719424460432,0.685534591194969,0.210526315789474,0,0.0975609756097561,0.266666666666667,0.4,3,
0.434782608695652,0.0384615384615385,0.361111111111111,0.157205240174672,0.0989010989010989,0.0943396226415094,0.117647058823529,0.714285714285714,0.0833333333333333,0.0285714285714286,0.110526315789474,0.0803357314148681,0.0314465408805031,0.0394736842105263,0.227272727272727,0.707317073170732,0.833333333333333,0.866666666666667,3,
0.0869565217391304,0.192307692307692,0.486111111111111,0.174672489082969,0.131868131868132,0.0754716981132075,0.228758169934641,0.571428571428571,0.166666666666667,0.2,0.194736842105263,0.157074340527578,0.169811320754717,0.276315789473684,0.727272727272727,0.48780487804878,0.166666666666667,0.2,3,
0.58695652173913,0.846153846153846,0.847222222222222,0.37117903930131,0.10989010989011,0.150943396226415,0.718954248366013,0.114285714285714,0.666666666666667,0.842857142857143,0.5,0.655875299760192,0.641509433962264,0.157894736842105,0.318181818181818,0.414634146341463,0.4,0.533333333333333,3,
0.521739130434783,0.846153846153846,0.875,0.406113537117904,0.175824175824176,0.169811320754717,0.673202614379085,0.142857142857143,0.583333333333333,0.771428571428571,0.468421052631579,0.591127098321343,0.691823899371069,0.210526315789474,0.227272727272727,0.585365853658537,0.3,0.433333333333333,3,
0.478260869565217,0.615384615384615,0.722222222222222,0.388646288209607,0.164835164835165,0.150943396226415,0.431372549019608,0.314285714285714,0.333333333333333,0.514285714285714,0.368421052631579,0.352517985611511,0.389937106918239,0.0657894736842105,0.0909090909090909,0,0.733333333333333,0.833333333333333,3,
0.608695652173913,0.576923076923077,0.930555555555556,0.51528384279476,0.230769230769231,0.150943396226415,0.627450980392157,0.171428571428571,0.583333333333333,0.514285714285714,0.536842105263158,0.547961630695444,0.59748427672956,0.144736842105263,0.227272727272727,0.926829268292683,0.466666666666667,0.7,3,
0.630434782608696,0.692307692307692,0.944444444444444,0.388646288209607,0.10989010989011,0.150943396226415,0.65359477124183,0.142857142857143,0.583333333333333,0.628571428571429,0.468421052631579,0.574340527577938,0.471698113207547,0.0921052631578947,0.318181818181818,0.51219512195122,0.5,0.666666666666667,3,
0.369565217391304,0.115384615384615,0.527777777777778,0.327510917030568,0.186813186813187,0.113207547169811,0.294117647058824,0.457142857142857,0.166666666666667,0.114285714285714,0.273684210526316,0.219424460431655,0.207547169811321,0.0921052631578947,0.0454545454545455,0.48780487804878,0.533333333333333,0.566666666666667,3,
0.391304347826087,0.615384615384615,0.638888888888889,0.397379912663755,0.175824175824176,0.113207547169811,0.42483660130719,0.314285714285714,0.333333333333333,0.542857142857143,0.384210526315789,0.34652278177458,0.578616352201258,0.105263157894737,0.318181818181818,0.121951219512195,0.533333333333333,0.566666666666667,3,
