85,18,4,
0.369565217391304,0.538461538461538,0.458333333333333,0.139737991266376,0.120879120879121,0.169811320754717,0.320261437908497,0.457142857142857,0.25,0.5,0.221052631578947,0.23021582733813,0.477987421383648,0.236842105263158,0.5,0.195121951219512,0.233333333333333,0.333333333333333,0,
0.456521739130435,0.5,0.708333333333333,0.310043668122271,0.252747252747253,0.188679245283019,0.294117647058824,0.485714285714286,0.25,0.528571428571429,0.221052631578947,0.20863309352518,0.522012578616352,0.131578947368421,0.681818181818182,0.51219512195122,0.466666666666667,0.633333333333333,0,
0.326086956521739,0.0384615384615385,0.25,0.157205240174672,0.131868131868132,0.0754716981132075,0.0980392156862745,0.742857142857143,0.0833333333333333,0.171428571428571,0.0947368421052632,0.0707434052757794,0.0251572327044025,0.0526315789473684,0.181818181818182,0.24390243902439,0.766666666666667,0.833333333333333,0,
0.304347826086957,0.461538461538462,0.361111111111111,0.152838427947598,0.120879120879121,0.113207547169811,0.183006535947712,0.6,0.0833333333333333,0.428571428571429,0.2,0.13189448441247,0.415094339622642,0.184210526315789,0.136363636363636,0.292682926829268,0.4,0.5,0,
0.434782608695652,0.5,0.625,0.283842794759825,0.208791208791209,0.132075471698113,0.254901960784314,0.514285714285714,0.166666666666667,0.414285714285714,0.205263157894737,0.185851318944844,0.440251572327044,0.105263157894737,0,0.0975609756097561,0.633333333333333,0.766666666666667,0,
0.304347826086957,0.538461538461538,0.569444444444444,0.196506550218341,0.164835164835165,0.132075471698113,0.228758169934641,0.542857142857143,0.166666666666667,0.485714285714286,0.215789473684211,0.169064748201439,0.452830188679245,0.171052631578947,0,0.146341463414634,0.4,0.566666666666667,0,
0.347826086956522,0.269230769230769,0.25,0.14410480349345,0.120879120879121,0.0943396226415094,0.065359477124183,0.8,0,0.314285714285714,0.0842105263157895,0.0491606714628297,0.257861635220126,0.0526315789473684,0.318181818181818,0.0975609756097561,0.766666666666667,0.833333333333333,0,
0.5,0.461538461538462,0.555555555555556,0.253275109170306,0.175824175824176,0.132075471698113,0.222222222222222,0.571428571428571,0.166666666666667,0.428571428571429,0.163157894736842,0.158273381294964,0.327044025157233,0.0657894736842105,0.227272727272727,0.24390243902439,0.766666666666667,0.866666666666667,0,
0.369565217391304,0.5,0.486111111111111,0.126637554585153,0.0879120879120879,0.169811320754717,0.313725490196078,0.485714285714286,0.25,0.614285714285714,0.226315789473684,0.221822541966427,0.389937106918239,0.236842105263158,0,0.390243902439024,0.2,0.366666666666667,0,
0.239130434782609,0.153846153846154,0.416666666666667,0.200873362445415,0.153846153846154,0.0943396226415094,0.163398692810458,0.657142857142857,0.0833333333333333,0.314285714285714,0.136842105263158,0.112709832134293,0.0754716981132075,0.0657894736842105,0,0.560975609756098,0.666666666666667,0.8,0,
0.347826086956522,0.538461538461538,0.597222222222222,0.951965065502183,0.945054945054945,0.867924528301887,0.300653594771242,0.485714285714286,0.25,0.642857142857143,0.521052631578947,0.215827338129496,0.421383647798742,0.5,0,0.341463414634146,0.266666666666667,0.433333333333333,0,
0.434782608695652,0.5,0.583333333333333,0.179039301310044,0.120879120879121,0.169811320754717,0.30718954248366,0.485714285714286,0.25,0.6,0.263157894736842,0.224220623501199,0.50314465408805,0.236842105263158,0.0909090909090909,0.0975609756097561,0.233333333333333,0.433333333333333,0,
0.369565217391304,0.576923076923077,0.638888888888889,0.882096069868996,0.868131868131868,0.886792452830189,0.26797385620915,0.514285714285714,0.166666666666667,0.542857142857143,0.747368421052632,0.194244604316547,0.572327044025157,0.776315789473684,0,0.365853658536585,0.3,0.433333333333333,0,
0.260869565217391,0.153846153846154,0.388888888888889,0.179039301310044,0.142857142857143,0.0754716981132075,0.117647058823529,0.714285714285714,0.0833333333333333,0.171428571428571,0.105263157894737,0.0827338129496403,0.0754716981132075,0.0789473684210526,0.136363636363636,0.341463414634146,0.633333333333333,0.733333333333333,0,
0.260869565217391,0.461538461538462,0.555555555555556,0.218340611353712,0.186813186813187,0.132075471698113,0.228758169934641,0.542857142857143,0.166666666666667,0.428571428571429,0.205263157894737,0.167865707434053,0.408805031446541,0.157894736842105,0.0454545454545455,0.0975609756097561,0.4,0.6,0,
0.434782608695652,0.346153846153846,0.416666666666667,0.117903930131004,0.0989010989010989,0.0943396226415094,0.0980392156862745,0.771428571428571,0.0833333333333333,0.385714285714286,0.136842105263158,0.0671462829736211,0.270440251572327,0.197368421052632,0.227272727272727,0.0975609756097561,0.433333333333333,0.3,0,
0.326086956521739,0.346153846153846,0.333333333333333,0.205240174672489,0.164835164835165,0.113207547169811,0.117647058823529,0.714285714285714,0.0833333333333333,0.342857142857143,0.105263157894737,0.0827338129496403,0.327044025157233,0.0526315789473684,0.136363636363636,0.0487804878048781,0.9,0.966666666666667,0,
0.369565217391304,0.538461538461538,0.625,0.248908296943231,0.186813186813187,0.150943396226415,0.333333333333333,0.457142857142857,0.25,0.6,0.247368421052632,0.245803357314149,0.477987421383648,0.184210526315789,0.409090909090909,0,0.3,0.466666666666667,0,
0.260869565217391,0.461538461538462,0.583333333333333,0.126637554585153,0.0989010989010989,0.169811320754717,0.30718954248366,0.485714285714286,0.25,0.542857142857143,0.210526315789474,0.213429256594724,0.40251572327044,0.223684210526316,0.454545454545455,0.51219512195122,0.233333333333333,0.4,0,
0.41304347826087,0.269230769230769,0.305555555555556,0.174672489082969,0.131868131868132,0.113207547169811,0.0980392156862745,0.742857142857143,0,0.3,0.1,0.0683453237410072,0.257861635220126,0.0394736842105263,0.590909090909091,0.024390243902439,0.933333333333333,0.966666666666667,0,
0.717391304347826,0.807692307692308,0.847222222222222,0.51528384279476,0.21978021978022,0.188679245283019,0.718954248366013,0.114285714285714,0.666666666666667,0.785714285714286,0.515789473684211,0.643884892086331,0.572327044025157,0.144736842105263,0.136363636363636,0.0975609756097561,0.366666666666667,0.666666666666667,1,
0.608695652173913,0.692307692307692,1,0.423580786026201,0.131868131868132,0.169811320754717,0.666666666666667,0.171428571428571,0.583333333333333,0.628571428571429,0.489473684210526,0.579136690647482,0.534591194968553,0.0789473684210526,0,0.878048780487805,0.466666666666667,0.833333333333333,1,
0.521739130434783,0.346153846153846,0.847222222222222,0.358078602620087,0.131868131868132,0.132075471698113,0.483660130718954,0.285714285714286,0.416666666666667,0.285714285714286,0.410526315789474,0.392086330935252,0.371069182389937,0.105263157894737,0.318181818181818,1,0.6,0.833333333333333,1,
0.782608695652174,0.807692307692308,0.875,0.506550218340611,0.208791208791209,0.169811320754717,0.666666666666667,0.142857142857143,0.583333333333333,0.7,0.521052631578947,0.591127098321343,0.647798742138365,0.144736842105263,0.0454545454545455,0.560975609756098,0.4,0.666666666666667,1,
0.543478260869565,0.538461538461538,0.958333333333333,0.427947598253275,0.131868131868132,0.169811320754717,0.568627450980392,0.228571428571429,0.5,0.514285714285714,0.405263157894737,0.482014388489209,0.352201257861635,0.0263157894736842,0.0454545454545455,0.804878048780488,0.6,0.9,1,
0.5,0.461538461538462,0.847222222222222,0.423580786026201,0.208791208791209,0.132075471698113,0.522875816993464,0.228571428571429,0.416666666666667,0.357142857142857,0.463157894736842,0.441247002398082,0.540880503144654,0.184210526315789,0.136363636363636,0.463414634146341,0.433333333333333,0.533333333333333,1,
0.391304347826087,0.230769230769231,0.444444444444444,0.126637554585153,0.0879120879120879,0.0943396226415094,0.222222222222222,0.571428571428571,0.166666666666667,0.2,0.210526315789474,0.155875299760192,0.251572327044025,0.236842105263158,0.409090909090909,0.439024390243902,0.266666666666667,0.266666666666667,1,
0.630434782608696,0.692307692307692,0.888888888888889,0.493449781659389,0.21978021978022,0.150943396226415,0.601307189542484,0.171428571428571,0.5,0.628571428571429,0.473684210526316,0.523980815347722,0.540880503144654,0.118421052631579,0.136363636363636,0.463414634146341,0.4,0.533333333333333,1,
0.521739130434783,0.307692307692308,0.666666666666667,0.349344978165939,0.131868131868132,0.132075471698113,0.411764705882353,0.342857142857143,0.333333333333333,0.314285714285714,0.326315789473684,0.329736211031175,0.238993710691824,0.0526315789473684,0.0454545454545455,0.121951219512195,0.666666666666667,0.8,1,
0.58695652173913,0.807692307692308,0.861111111111111,0.445414847161572,0.197802197802198,0.150943396226415,0.562091503267974,0.2,0.5,0.657142857142857,0.494736842105263,0.483213429256595,0.823899371069182,0.171052631578947,0.181818181818182,0.268292682926829,0.366666666666667,0.5,1,
0.847826086956522,0.653846153846154,0.888888888888889,0.406113537117904,0.120879120879121,0.169811320754717,0.627450980392157,0.171428571428571,0.583333333333333,0.585714285714286,0.489473684210526,0.545563549160672,0.484276729559748,0.105263157894737,0.681818181818182,0.536585365853659,0.5,0.7,1,
0.434782608695652,0.538461538461538,0.666666666666667,0.419213973799127,0.208791208791209,0.0943396226415094,0.398692810457516,0.342857142857143,0.333333333333333,0.471428571428571,0.352631578947368,0.321342925659472,0.60377358490566,0.0921052631578947,0,0.0731707317073171,0.633333333333333,0.7,1,
0.760869565217391,0.884615384615385,0.875,0.567685589519651,0.285714285714286,0.150943396226415,0.712418300653595,0.114285714285714,0.666666666666667,0.8,0.536842105263158,0.640287769784173,0.660377358490566,0.184210526315789,0.363636363636364,0.0731707317073171,0.366666666666667,0.533333333333333,1,
0.673913043478261,0.846153846153846,0.833333333333333,0.423580786026201,0.208791208791209,0.150943396226415,0.666666666666667,0.142857142857143,0.583333333333333,0.785714285714286,0.494736842105263,0.594724220623501,0.70440251572327,0.197368421052632,0.0454545454545455,0.024390243902439,0.3,0.433333333333333,1,
0.456521739130435,0.269230769230769,0.625,0.358078602620087,0.164835164835165,0.132075471698113,0.372549019607843,0.371428571428571,0.25,0.3,0.284210526315789,0.294964028776978,0.150943396226415,0.0263157894736842,0.0909090909090909,0.219512195121951,0.8,0.966666666666667,1,
0.347826086956522,0.192307692307692,0.583333333333333,0.22707423580786,0.131868131868132,0.113207547169811,0.26797385620915,0.485714285714286,0.166666666666667,0.157142857142857,0.257894736842105,0.200239808153477,0.176100628930818,0.144736842105263,0.0454545454545455,0.024390243902439,0.366666666666667,0.366666666666667,1,
0.260869565217391,0.269230769230769,0.361111111111111,0.139737991266376,0.120879120879121,0.0754716981132075,0.196078431372549,0.628571428571429,0.166666666666667,0.271428571428571,0.178947368421053,0.133093525179856,0.345911949685535,0.236842105263158,0.0909090909090909,0.536585365853659,0.2,0.166666666666667,1,
0.347826086956522,0.153846153846154,0.194444444444444,0.0655021834061135,0.0659340659340659,0.0566037735849057,0.143790849673203,0.685714285714286,0.0833333333333333,0.128571428571429,0.110526315789474,0.0983213429256595,0.232704402515723,0.263157894736842,0.727272727272727,0.341463414634146,0.266666666666667,0.133333333333333,1,
0.195652173913043,0.153846153846154,0.361111111111111,0.0960698689956332,0.0769230769230769,0.0943396226415094,0.130718954248366,0.742857142857143,0.0833333333333333,0.128571428571429,0.0947368421052632,0.0815347721822542,0.207547169811321,0.171052631578947,0.772727272727273,0.170731707317073,0.233333333333333,0.2,1,
0.347826086956522,0.384615384615385,0.513888888888889,0.187772925764192,0.0769230769230769,0.113207547169811,0.209150326797386,0.571428571428571,0.166666666666667,0.4,0.173684210526316,0.148681055155875,0.408805031446541,0.0657894736842105,0.590909090909091,0.121951219512195,0.6,0.666666666666667,1,
0.739130434782609,0.807692307692308,0.805555555555556,0.462882096069869,0.208791208791209,0.169811320754717,0.69281045751634,0.142857142857143,0.583333333333333,0.728571428571429,0.478947368421053,0.623501199040767,0.672955974842767,0.157894736842105,0.636363636363636,0,0.4,0.533333333333333,1,
0.695652173913043,0.769230769230769,0.944444444444444,0.445414847161572,0.175824175824176,0.188679245283019,0.718954248366013,0.142857142857143,0.666666666666667,0.714285714285714,0.505263157894737,0.633093525179856,0.578616352201258,0.157894736842105,0.681818181818182,0.853658536585366,0.433333333333333,0.733333333333333,1,
0.239130434782609,0.384615384615385,0.416666666666667,0.0829694323144105,0.0769230769230769,0.113207547169811,0.254901960784314,0.542857142857143,0.166666666666667,0.4,0.226315789473684,0.177458033573141,0.421383647798742,0.289473684210526,0.0454545454545455,0.292682926829268,0.166666666666667,0.1,2,
0.195652173913043,0.423076923076923,0.319444444444444,0.0829694323144105,0.0769230769230769,0.0943396226415094,0.254901960784314,0.542857142857143,0.166666666666667,0.414285714285714,0.189473684210526,0.173860911270983,0.477987421383648,0.289473684210526,0.136363636363636,0.0975609756097561,0.1,0.0333333333333333,2,
0.391304347826087,0.461538461538462,0.5,0.292576419213974,0.241758241758242,0.0943396226415094,0.248366013071895,0.514285714285714,0.166666666666667,0.371428571428571,0.210526315789474,0.18705035971223,0.440251572327044,0.131578947368421,0.545454545454545,0.024390243902439,0.633333333333333,0.666666666666667,2,
0.456521739130435,0.423076923076923,0.416666666666667,0.358078602620087,0.274725274725275,0.113207547169811,0.26797385620915,0.457142857142857,0.166666666666667,0.371428571428571,0.215789473684211,0.212230215827338,0.433962264150943,0.105263157894737,0.318181818181818,0.0487804878048781,0.766666666666667,0.833333333333333,2,
0.391304347826087,0.346153846153846,0.569444444444444,0.388646288209607,0.241758241758242,0.0566037735849057,0.372549019607843,0.342857142857143,0.25,0.271428571428571,0.284210526315789,0.299760191846523,0.29559748427673,0.118421052631579,0.136363636363636,0.560975609756098,0.733333333333333,0.766666666666667,2,
0.195652173913043,0.461538461538462,0.388888888888889,0.152838427947598,0.186813186813187,0.0754716981132075,0.228758169934641,0.571428571428571,0.166666666666667,0.357142857142857,0.205263157894737,0.163069544364508,0.471698113207547,0.276315789473684,0,0.024390243902439,0.166666666666667,0.1,2,
0.391304347826087,0.5,0.486111111111111,0.353711790393013,0.307692307692308,0.0943396226415094,0.274509803921569,0.457142857142857,0.166666666666667,0.414285714285714,0.252631578947368,0.213429256594724,0.522012578616352,0.171052631578947,0.363636363636364,0.195121951219512,0.533333333333333,0.6,2,
0.58695652173913,0.615384615384615,0.555555555555556,0.445414847161572,0.252747252747253,0.0754716981132075,0.464052287581699,0.257142857142857,0.333333333333333,0.542857142857143,0.4,0.399280575539568,0.559748427672956,0.184210526315789,0.136363636363636,0.317073170731707,0.733333333333333,0.6,2,
0.369565217391304,0.192307692307692,0.541666666666667,0.353711790393013,0.241758241758242,0.0754716981132075,0.313725490196078,0.4,0.25,0.171428571428571,0.252631578947368,0.250599520383693,0.150943396226415,0.0921052631578947,0.0909090909090909,0.341463414634146,0.733333333333333,0.8,2,
0.260869565217391,0.461538461538462,0.416666666666667,0.0698689956331878,0.0769230769230769,0.0943396226415094,0.241830065359477,0.542857142857143,0.166666666666667,0.385714285714286,0.205263157894737,0.170263788968825,0.484276729559748,0.289473684210526,0.363636363636364,0.0975609756097561,0.166666666666667,0.1,2,
0.673913043478261,0.730769230769231,0.75,0.454148471615721,0.208791208791209,0.0566037735849057,0.627450980392157,0.142857142857143,0.583333333333333,0.614285714285714,0.510526315789474,0.577937649880096,0.685534591194969,0.223684210526316,0.5,0.0975609756097561,0.566666666666667,0.333333333333333,2,
0.891304347826087,0.923076923076923,0.861111111111111,0.336244541484716,0.0549450549450549,0.0754716981132075,0.947712418300654,0,0.916666666666667,0.728571428571429,0.826315789473684,0.940047961630695,0.955974842767296,0.342105263157895,0.0909090909090909,0.51219512195122,0.2,0.1,2,
0.456521739130435,0.461538461538462,0.680555555555556,0.475982532751092,0.263736263736264,0.0566037735849057,0.483660130718954,0.257142857142857,0.416666666666667,0.385714285714286,0.389473684210526,0.418465227817746,0.459119496855346,0.157894736842105,0.181818181818182,0.317073170731707,0.633333333333333,0.566666666666667,2,
0.869565217391304,0.923076923076923,0.958333333333333,0.393013100436681,0.0989010989010989,0.0754716981132075,0.967320261437909,0,0.916666666666667,0.814285714285714,0.831578947368421,0.956834532374101,0.955974842767296,0.342105263157895,0.5,0.51219512195122,0.2,0.0666666666666667,2,
0.652173913043478,0.730769230769231,0.875,0.2882096069869,0.0549450549450549,0.0943396226415094,0.810457516339869,0.0571428571428571,0.75,0.6,0.652631578947368,0.75779376498801,0.886792452830189,0.302631578947368,0.136363636363636,0.560975609756098,0.233333333333333,0.1,2,
0.152173913043478,0.384615384615385,0.388888888888889,0.0698689956331878,0.0769230769230769,0.113207547169811,0.248366013071895,0.542857142857143,0.166666666666667,0.385714285714286,0.215789473684211,0.173860911270983,0.421383647798742,0.342105263157895,0.181818181818182,0.195121951219512,0.1,0.0666666666666667,2,
0.304347826086957,0.384615384615385,0.416666666666667,0.283842794759825,0.274725274725275,0.0943396226415094,0.261437908496732,0.514285714285714,0.166666666666667,0.385714285714286,0.247368421052632,0.188249400479616,0.389937106918239,0.223684210526316,0.272727272727273,0.292682926829268,0.266666666666667,0.2,2,
0.543478260869565,0.730769230769231,0.638888888888889,0.449781659388646,0.241758241758242,0.0566037735849057,0.522875816993464,0.2,0.416666666666667,0.614285714285714,0.431578947368421,0.462829736211031,0.70440251572327,0.210526315789474,0.181818181818182,0.146341463414634,0.6,0.466666666666667,2,
0.282608695652174,0.346153846153846,0.347222222222222,0.091703056768559,0.0769230769230769,0.0943396226415094,0.248366013071895,0.542857142857143,0.166666666666667,0.314285714285714,0.215789473684211,0.171462829736211,0.39622641509434,0.342105263157895,0.0909090909090909,0.195121951219512,0.133333333333333,0.0333333333333333,2,
0.304347826086957,0.423076923076923,0.416666666666667,0.327510917030568,0.307692307692308,0.0754716981132075,0.222222222222222,0.542857142857143,0.166666666666667,0.328571428571429,0.194736842105263,0.170263788968825,0.433962264150943,0.131578947368421,0.272727272727273,0.024390243902439,0.6,0.666666666666667,2,
0.260869565217391,0.384615384615385,0.361111111111111,0.0829694323144105,0.0989010989010989,0.0754716981132075,0.235294117647059,0.571428571428571,0.166666666666667,0.385714285714286,0.189473684210526,0.161870503597122,0.389937106918239,0.342105263157895,0.272727272727273,0.268292682926829,0.1,0.0333333333333333,2,
0.326086956521739,0.423076923076923,0.513888888888889,0.275109170305677,0.131868131868132,0.0754716981132075,0.254901960784314,0.514285714285714,0.166666666666667,0.385714285714286,0.236842105263158,0.190647482014389,0.427672955974843,0.0657894736842105,0.409090909090909,0.292682926829268,0.866666666666667,0.9,3,
0.826086956521739,0.807692307692308,0.875,0.292576419213974,0.032967032967033,0.169811320754717,0.712418300653595,0.114285714285714,0.666666666666667,0.771428571428571,0.510526315789474,0.651079136690647,0.578616352201258,0.131578947368421,0.681818181818182,0.146341463414634,0.466666666666667,0.566666666666667,3,
0.717391304347826,0.769230769230769,0.805555555555556,0.384279475982533,0.120879120879121,0.169811320754717,0.686274509803922,0.142857142857143,0.583333333333333,0.685714285714286,0.515789473684211,0.61031175059952,0.515723270440252,0.157894736842105,0.5,0.585365853658537,0.4,0.566666666666667,3,
0.282608695652174,0.230769230769231,0.611111111111111,0.196506550218341,0.10989010989011,0.113207547169811,0.287581699346405,0.485714285714286,0.25,0.214285714285714,0.289473684210526,0.20863309352518,0.30188679245283,0.197368421052632,0,0.560975609756098,0.233333333333333,0.3,3,
0.695652173913043,0.730769230769231,0.930555555555556,0.449781659388646,0.142857142857143,0.169811320754717,0.69281045751634,0.142857142857143,0.583333333333333,0.7,0.478947368421053,0.619904076738609,0.553459119496855,0.0921052631578947,0,0.48780487804878,0.5,0.733333333333333,3,
0.58695652173913,0.730769230769231,0.958333333333333,0.528384279475983,0.230769230769231,0.150943396226415,0.718954248366013,0.114285714285714,0.666666666666667,0.671428571428571,0.58421052631579,0.655875299760192,0.616352201257862,0.184210526315789,0.318181818181818,0.682926829268293,0.4,0.6,3,
0.478260869565217,0.5,0.902777777777778,0.502183406113537,0.230769230769231,0.132075471698113,0.581699346405229,0.2,0.5,0.428571428571429,0.489473684210526,0.501199040767386,0.578616352201258,0.131578947368421,0.227272727272727,0.926829268292683,0.5,0.7,3,
0.673913043478261,0.730769230769231,0.972222222222222,0.296943231441048,0.0659340659340659,0.150943396226415,0.699346405228758,0.114285714285714,0.666666666666667,0.685714285714286,0.552631578947368,0.63189448441247,0.685534591194969,0.197368421052632,0.454545454545455,0.682926829268293,0.4,0.566666666666667,3,
0.304347826086957,0.461538461538462,0.583333333333333,0.262008733624454,0.142857142857143,0.113207547169811,0.287581699346405,0.457142857142857,0.166666666666667,0.371428571428571,0.268421052631579,0.218225419664269,0.408805031446541,0.144736842105263,0.0909090909090909,0.0487804878048781,0.466666666666667,0.5,3,
0.58695652173913,0.423076923076923,0.736111111111111,0.388646288209607,0.164835164835165,0.113207547169811,0.483660130718954,0.257142857142857,0.416666666666667,0.414285714285714,0.378947368421053,0.404076738609113,0.264150943396226,0.0921052631578947,0,0.0487804878048781,0.566666666666667,0.566666666666667,3,
0.130434782608696,0.269230769230769,0.555555555555556,0.126637554585153,0.0879120879120879,0.0943396226415094,0.228758169934641,0.6,0.166666666666667,0.242857142857143,0.221052631578947,0.152278177458034,0.220125786163522,0.223684210526316,0.363636363636364,0.731707317073171,0.166666666666667,0.4,3,
0.41304347826087,0.346153846153846,0.402777777777778,0.213973799126638,0.120879120879121,0.113207547169811,0.183006535947712,0.628571428571429,0.0833333333333333,0.285714285714286,0.184210526315789,0.127098321342926,0.264150943396226,0.0657894736842105,0.454545454545455,0.51219512195122,0.766666666666667,0.833333333333333,3,
0.260869565217391,0.192307692307692,0.319444444444444,0.11353711790393,0.0879120879120879,0.0943396226415094,0.065359477124183,0.828571428571429,0,0.171428571428571,0.0368421052631579,0.0419664268585132,0.220125786163522,0.0657894736842105,0.909090909090909,0.195121951219512,0.633333333333333,0.666666666666667,3,
0.630434782608696,0.807692307692308,0.805555555555556,0.275109170305677,0.0659340659340659,0.150943396226415,0.686274509803922,0.142857142857143,0.583333333333333,0.8,0.515789473684211,0.609112709832134,0.716981132075472,0.171052631578947,0,0.75609756097561,0.366666666666667,0.566666666666667,3,
0.347826086956522,0.269230769230769,0.402777777777778,0.187772925764192,0.120879120879121,0.0754716981132075,0.130718954248366,0.685714285714286,0.0833333333333333,0.271428571428571,0.131578947368421,0.0911270983213429,0.264150943396226,0.0263157894736842,0.727272727272727,0.146341463414634,0.9,0.933333333333333,3,
0.543478260869565,0.846153846153846,0.847222222222222,0.541484716157205,0.252747252747253,0.132075471698113,0.640522875816993,0.142857142857143,0.583333333333333,0.714285714285714,0.557894736842105,0.571942446043165,0.855345911949686,0.171052631578947,0.0454545454545455,0.146341463414634,0.4,0.533333333333333,3,
0.41304347826087,0.5,0.583333333333333,0.2882096069869,0.120879120879121,0.113207547169811,0.34640522875817,0.4,0.25,0.442857142857143,0.268421052631579,0.26978417266187,0.345911949685535,0.0263157894736842,0.363636363636364,0.268292682926829,0.8,0.9,3,
0.152173913043478,0.192307692307692,0.333333333333333,0.11353711790393,0.131868131868132,0.113207547169811,0.143790849673203,0.714285714285714,0.0833333333333333,0.114285714285714,0.115789473684211,0.0899280575539568,0.163522012578616,0.223684210526316,0.0454545454545455,0.560975609756098,0.1,0.233333333333333,3,
0.282608695652174,0.153846153846154,0.513888888888889,0.174672489082969,0.0769230769230769,0.0943396226415094,0.274509803921569,0.485714285714286,0.166666666666667,0.128571428571429,0.257894736842105,0.201438848920863,0.226415094339623,0.157894736842105,0.636363636363636,0.317073170731707,0.333333333333333,0.333333333333333,3,
0.521739130434783,0.153846153846154,0.527777777777778,0.336244541484716,0.164835164835165,0.113207547169811,0.320261437908497,0.428571428571429,0.25,0.185714285714286,0.273684210526316,0.245803357314149,0.050314465408805,0.0394736842105263,0.0909090909090909,0.682926829268293,0.9,1,3,
0.478260869565217,0.923076923076923,0.888888888888889,0.541484716157205,0.296703296703297,0.150943396226415,0.65359477124183,0.142857142857143,0.583333333333333,0.814285714285714,0.494736842105263,0.58273381294964,0.716981132075472,0.197368421052632,0,0.0975609756097561,0.333333333333333,0.4,3,
0.239130434782609,0.269230769230769,0.430555555555556,0.117903930131004,0.0879120879120879,0.0943396226415094,0.248366013071895,0.542857142857143,0.166666666666667,0.228571428571429,0.194736842105263,0.175059952038369,0.352201257861635,0.276315789473684,0.545454545454545,0.024390243902439,0.133333333333333,0.166666666666667,3,
