84,18,4,
0.369565217391304,0.576923076923077,0.513888888888889,0.122270742358079,0.0989010989010989,0.150943396226415,0.294117647058824,0.514285714285714,0.25,0.657142857142857,0.205263157894737,0.203836930455636,0.490566037735849,0.25,0.0454545454545455,0.0731707317073171,0.2,0.333333333333333,0,
0.282608695652174,0.192307692307692,0.25,0.0655021834061135,0.0989010989010989,0.0377358490566038,0.0392156862745098,0.885714285714286,0,0.157142857142857,0.0526315789473684,0.0287769784172662,0.270440251572327,0.25,0.409090909090909,0.0487804878048781,0.266666666666667,0.166666666666667,0,
0.369565217391304,0.230769230769231,0.236111111111111,0.0436681222707424,0.010989010989011,0.0943396226415094,0.150326797385621,0.714285714285714,0.0833333333333333,0.3,0.131578947368421,0.092326139088729,0.264150943396226,0.342105263157895,0.545454545454545,0.195121951219512,0.233333333333333,0.0333333333333333,0,
0.217391304347826,0.269230769230769,0.180555555555556,0.0436681222707424,0.0659340659340659,0.0754716981132075,0.130718954248366,0.771428571428571,0.0833333333333333,0.314285714285714,0.0631578947368421,0.0755395683453237,0.30188679245283,0.355263157894737,0.363636363636364,0.170731707317073,0,0.0666666666666667,0,
0.434782608695652,0.384615384615385,0.527777777777778,0.253275109170306,0.186813186813187,0.113207547169811,0.163398692810458,0.628571428571429,0.0833333333333333,0.385714285714286,0.136842105263158,0.116306954436451,0.314465408805031,0.0526315789473684,0.772727272727273,0.292682926829268,0.9,0.966666666666667,0,
0.282608695652174,0.384615384615385,0.388888888888889,0.200873362445415,0.186813186813187,0.132075471698113,0.169934640522876,0.628571428571429,0.0833333333333333,0.357142857142857,0.163157894736842,0.121103117505995,0.408805031446541,0.131578947368421,0.272727272727273,0,0.533333333333333,0.666666666666667,0,
0.478260869565217,0.538461538461538,0.666666666666667,0.253275109170306,0.186813186813187,0.169811320754717,0.30718954248366,0.485714285714286,0.25,0.557142857142857,0.242105263157895,0.224220623501199,0.477987421383648,0.157894736842105,0.545454545454545,0.317073170731707,0.433333333333333,0.566666666666667,0,
0.282608695652174,0.153846153846154,0.402777777777778,0.200873362445415,0.175824175824176,0.113207547169811,0.169934640522876,0.628571428571429,0.0833333333333333,0.228571428571429,0.173684210526316,0.119904076738609,0.0943396226415094,0.157894736842105,0.0454545454545455,0.146341463414634,0.433333333333333,0.466666666666667,0,
0.434782608695652,0.538461538461538,0.625,0.25764192139738,0.208791208791209,0.169811320754717,0.287581699346405,0.514285714285714,0.25,0.571428571428571,0.221052631578947,0.205035971223022,0.433962264150943,0.197368421052632,0.318181818181818,0.365853658536585,0.233333333333333,0.466666666666667,0,
0.347826086956522,0.346153846153846,0.625,0.174672489082969,0.120879120879121,0.150943396226415,0.261437908496732,0.514285714285714,0.166666666666667,0.371428571428571,0.226315789473684,0.193045563549161,0.327044025157233,0.171052631578947,0.363636363636364,0.317073170731707,0.366666666666667,0.533333333333333,0,
0.239130434782609,0.423076923076923,0.555555555555556,0.157205240174672,0.120879120879121,0.169811320754717,0.287581699346405,0.514285714285714,0.25,0.557142857142857,0.189473684210526,0.197841726618705,0.421383647798742,0.197368421052632,0.227272727272727,0.414634146341463,0.233333333333333,0.4,0,
0.347826086956522,0.5,0.472222222222222,0.135371179039301,0.131868131868132,0.132075471698113,0.294117647058824,0.514285714285714,0.25,0.571428571428571,0.210526315789474,0.206235011990408,0.427672955974843,0.263157894736842,0.545454545454545,0.0731707317073171,0.266666666666667,0.333333333333333,0,
0.434782608695652,0.346153846153846,0.333333333333333,0.0829694323144105,0.043956043956044,0.0943396226415094,0.150326797385621,0.714285714285714,0.0833333333333333,0.371428571428571,0.178947368421053,0.0935251798561151,0.289308176100629,0.25,0.727272727272727,0.292682926829268,0.3,0.133333333333333,0,
0.347826086956522,0.384615384615385,0.625,0.244541484716157,0.186813186813187,0.169811320754717,0.281045751633987,0.485714285714286,0.166666666666667,0.471428571428571,0.226315789473684,0.206235011990408,0.408805031446541,0.171052631578947,0.227272727272727,0.219512195121951,0.3,0.5,0,
0.391304347826087,0.307692307692308,0.611111111111111,0.161572052401747,0.10989010989011,0.132075471698113,0.241830065359477,0.542857142857143,0.166666666666667,0.357142857142857,0.210526315789474,0.175059952038369,0.308176100628931,0.171052631578947,0.409090909090909,0.341463414634146,0.433333333333333,0.6,0,
0.369565217391304,0.423076923076923,0.444444444444444,0.231441048034935,0.186813186813187,0.113207547169811,0.163398692810458,0.628571428571429,0.0833333333333333,0.371428571428571,0.152631578947368,0.118705035971223,0.389937106918239,0.0789473684210526,0.409090909090909,0.0975609756097561,0.666666666666667,0.733333333333333,0,
0.260869565217391,0.115384615384615,0.361111111111111,0.0829694323144105,0.0879120879120879,0.0566037735849057,0.0522875816993464,0.857142857142857,0,0.142857142857143,0.0526315789473684,0.0335731414868106,0.138364779874214,0.184210526315789,0.0454545454545455,0.439024390243902,0.333333333333333,0.3,0,
0.391304347826087,0.307692307692308,0.361111111111111,0.117903930131004,0.0989010989010989,0.132075471698113,0.0915032679738562,0.771428571428571,0.0833333333333333,0.371428571428571,0.152631578947368,0.0635491606714628,0.289308176100629,0.171052631578947,0.136363636363636,0.24390243902439,0.5,0.433333333333333,0,
0.369565217391304,0.538461538461538,0.625,0.179039301310044,0.120879120879121,0.132075471698113,0.261437908496732,0.514285714285714,0.166666666666667,0.528571428571429,0.236842105263158,0.193045563549161,0.471698113207547,0.184210526315789,0.181818181818182,0.0487804878048781,0.333333333333333,0.533333333333333,0,
0.434782608695652,0.115384615384615,0.333333333333333,0.266375545851528,0.241758241758242,0.113207547169811,0.156862745098039,0.657142857142857,0.0833333333333333,0.257142857142857,0.163157894736842,0.113908872901679,0.113207547169811,0.105263157894737,0.0909090909090909,0.707317073170732,0.566666666666667,0.766666666666667,0,
0.391304347826087,0.230769230769231,0.597222222222222,0.2882096069869,0.142857142857143,0.113207547169811,0.392156862745098,0.342857142857143,0.333333333333333,0.228571428571429,0.352631578947368,0.31294964028777,0.270440251572327,0.171052631578947,0,0.24390243902439,0.4,0.433333333333333,1,
0.282608695652174,0.269230769230769,0.305555555555556,0.157205240174672,0.164835164835165,0.0943396226415094,0.248366013071895,0.542857142857143,0.166666666666667,0.214285714285714,0.184210526315789,0.175059952038369,0.40251572327044,0.302631578947368,0.0909090909090909,0.0731707317073171,0.133333333333333,0.133333333333333,1,
0.91304347826087,0.769230769230769,0.833333333333333,0.441048034934498,0.186813186813187,0.169811320754717,0.705882352941177,0.114285714285714,0.666666666666667,0.685714285714286,0.521052631578947,0.630695443645084,0.660377358490566,0.157894736842105,0.954545454545455,0.268292682926829,0.433333333333333,0.6,1,
0.195652173913043,0.115384615384615,0.152777777777778,0.0436681222707424,0.0659340659340659,0.0377358490566038,0.150326797385621,0.685714285714286,0.0833333333333333,0.114285714285714,0.105263157894737,0.100719424460432,0.220125786163522,0.355263157894737,0.681818181818182,0.0975609756097561,0.166666666666667,0.0333333333333333,1,
0.41304347826087,0.5,0.597222222222222,0.218340611353712,0.0989010989010989,0.0754716981132075,0.313725490196078,0.428571428571429,0.25,0.428571428571429,0.289473684210526,0.237410071942446,0.471698113207547,0.157894736842105,0.454545454545455,0.121951219512195,0.333333333333333,0.333333333333333,1,
0.543478260869565,0.192307692307692,0.527777777777778,0.379912663755459,0.197802197802198,0.113207547169811,0.372549019607843,0.371428571428571,0.25,0.257142857142857,0.352631578947368,0.294964028776978,0.20125786163522,0.105263157894737,0.409090909090909,0.48780487804878,0.533333333333333,0.6,1,
0.739130434782609,0.807692307692308,0.777777777777778,0.423580786026201,0.164835164835165,0.188679245283019,0.69281045751634,0.142857142857143,0.583333333333333,0.742857142857143,0.478947368421053,0.611510791366906,0.679245283018868,0.157894736842105,0.0909090909090909,0.51219512195122,0.366666666666667,0.566666666666667,1,
0.369565217391304,0.0384615384615385,0.361111111111111,0.139737991266376,0.0879120879120879,0.0754716981132075,0.0718954248366013,0.8,0,0,0.0947368421052632,0.0479616306954436,0.0566037735849057,0.0789473684210526,0.227272727272727,0.634146341463415,0.666666666666667,0.7,1,
0.717391304347826,0.615384615384615,0.916666666666667,0.467248908296943,0.186813186813187,0.132075471698113,0.627450980392157,0.171428571428571,0.583333333333333,0.571428571428571,0.494736842105263,0.552757793764988,0.471698113207547,0.118421052631579,0.0454545454545455,0.585365853658537,0.466666666666667,0.7,1,
0.565217391304348,0.384615384615385,0.680555555555556,0.397379912663755,0.175824175824176,0.113207547169811,0.483660130718954,0.257142857142857,0.416666666666667,0.371428571428571,0.421052631578947,0.404076738609113,0.358490566037736,0.118421052631579,0.272727272727273,0.317073170731707,0.5,0.6,1,
0.717391304347826,0.576923076923077,0.930555555555556,0.427947598253275,0.153846153846154,0.150943396226415,0.620915032679739,0.171428571428571,0.583333333333333,0.5,0.510526315789474,0.540767386091127,0.572327044025157,0.144736842105263,0.227272727272727,0.682926829268293,0.466666666666667,0.733333333333333,1,
0.217391304347826,0.153846153846154,0.194444444444444,0.0611353711790393,0.0879120879120879,0.0377358490566038,0.111111111111111,0.742857142857143,0.0833333333333333,0.128571428571429,0.0842105263157895,0.0731414868105516,0.19496855345912,0.289473684210526,0.181818181818182,0.317073170731707,0.133333333333333,0.1,1,
0.673913043478261,0.692307692307692,0.902777777777778,0.279475982532751,0.0769230769230769,0.150943396226415,0.627450980392157,0.171428571428571,0.583333333333333,0.628571428571429,0.473684210526316,0.547961630695444,0.70440251572327,0.171052631578947,0.409090909090909,0.48780487804878,0.366666666666667,0.533333333333333,1,
0.521739130434783,0.846153846153846,0.888888888888889,0.502183406113537,0.263736263736264,0.132075471698113,0.647058823529412,0.171428571428571,0.583333333333333,0.757142857142857,0.484210526315789,0.568345323741007,0.716981132075472,0.197368421052632,0.0454545454545455,0.585365853658537,0.333333333333333,0.5,1,
0.673913043478261,0.769230769230769,0.944444444444444,0.436681222707424,0.186813186813187,0.169811320754717,0.705882352941177,0.142857142857143,0.666666666666667,0.771428571428571,0.505263157894737,0.627098321342926,0.591194968553459,0.157894736842105,0.636363636363636,0.731707317073171,0.433333333333333,0.733333333333333,1,
0.717391304347826,0.730769230769231,0.944444444444444,0.449781659388646,0.186813186813187,0.188679245283019,0.712418300653595,0.142857142857143,0.666666666666667,0.714285714285714,0.521052631578947,0.629496402877698,0.572327044025157,0.184210526315789,1,0.926829268292683,0.466666666666667,0.8,1,
0.760869565217391,0.615384615384615,0.958333333333333,0.436681222707424,0.153846153846154,0.169811320754717,0.65359477124183,0.142857142857143,0.583333333333333,0.585714285714286,0.521052631578947,0.57673860911271,0.666666666666667,0.157894736842105,0.727272727272727,0.268292682926829,0.466666666666667,0.6,1,
0.760869565217391,0.615384615384615,0.875,0.419213973799127,0.164835164835165,0.150943396226415,0.61437908496732,0.171428571428571,0.5,0.528571428571429,0.510526315789474,0.540767386091127,0.666666666666667,0.171052631578947,0.272727272727273,0.390243902439024,0.433333333333333,0.566666666666667,1,
0.5,0.153846153846154,0.472222222222222,0.362445414847162,0.230769230769231,0.113207547169811,0.30718954248366,0.457142857142857,0.25,0.228571428571429,0.278947368421053,0.232613908872902,0.157232704402516,0.131578947368421,0.136363636363636,0.390243902439024,0.466666666666667,0.533333333333333,1,
0.673913043478261,0.730769230769231,0.833333333333333,0.379912663755459,0.131868131868132,0.132075471698113,0.555555555555556,0.2,0.5,0.571428571428571,0.463157894736842,0.47841726618705,0.786163522012579,0.144736842105263,0.454545454545455,0.24390243902439,0.5,0.566666666666667,1,
0.521739130434783,0.423076923076923,0.777777777777778,0.397379912663755,0.175824175824176,0.132075471698113,0.477124183006536,0.285714285714286,0.416666666666667,0.371428571428571,0.378947368421053,0.393285371702638,0.352201257861635,0.0921052631578947,0.181818181818182,0.195121951219512,0.5,0.6,1,
0.195652173913043,0.307692307692308,0.416666666666667,0.222707423580786,0.186813186813187,0.0943396226415094,0.235294117647059,0.542857142857143,0.166666666666667,0.285714285714286,0.221052631578947,0.172661870503597,0.270440251572327,0.171052631578947,0.227272727272727,0.414634146341463,0.366666666666667,0.466666666666667,2,
0.304347826086957,0.423076923076923,0.347222222222222,0.0873362445414847,0.0989010989010989,0.0754716981132075,0.241830065359477,0.571428571428571,0.166666666666667,0.371428571428571,0.210526315789474,0.164268585131894,0.389937106918239,0.368421052631579,0.181818181818182,0.292682926829268,0.1,0.0333333333333333,2,
0.304347826086957,0.384615384615385,0.347222222222222,0.100436681222707,0.0989010989010989,0.113207547169811,0.241830065359477,0.571428571428571,0.166666666666667,0.357142857142857,0.205263157894737,0.165467625899281,0.389937106918239,0.342105263157895,0.272727272727273,0.0731707317073171,0.133333333333333,0.0333333333333333,2,
0.58695652173913,0.307692307692308,0.486111111111111,0.441048034934498,0.263736263736264,0.0566037735849057,0.418300653594771,0.285714285714286,0.333333333333333,0.285714285714286,0.389473684210526,0.353717026378897,0.264150943396226,0.171052631578947,0.318181818181818,0.463414634146341,0.7,0.533333333333333,2,
0.5,0.153846153846154,0.472222222222222,0.414847161572052,0.296703296703297,0.0566037735849057,0.34640522875817,0.371428571428571,0.25,0.142857142857143,0.305263157894737,0.281774580335731,0.169811320754717,0.171052631578947,0.0454545454545455,0.0731707317073171,0.666666666666667,0.633333333333333,2,
0.282608695652174,0.461538461538462,0.361111111111111,0.0960698689956332,0.10989010989011,0.113207547169811,0.235294117647059,0.571428571428571,0.166666666666667,0.385714285714286,0.210526315789474,0.164268585131894,0.484276729559748,0.355263157894737,0,0.170731707317073,0.1,0.0333333333333333,2,
0.217391304347826,0.5,0.430555555555556,0.22707423580786,0.252747252747253,0.0754716981132075,0.254901960784314,0.514285714285714,0.166666666666667,0.414285714285714,0.231578947368421,0.184652278177458,0.559748427672956,0.276315789473684,0.136363636363636,0.268292682926829,0.166666666666667,0.166666666666667,2,
0.260869565217391,0.346153846153846,0.361111111111111,0.0698689956331878,0.0659340659340659,0.0943396226415094,0.241830065359477,0.542857142857143,0.166666666666667,0.385714285714286,0.226315789473684,0.169064748201439,0.339622641509434,0.342105263157895,0.227272727272727,0.0975609756097561,0.133333333333333,0.0333333333333333,2,
0.5,0.307692307692308,0.513888888888889,0.318777292576419,0.186813186813187,0.0566037735849057,0.42483660130719,0.285714285714286,0.333333333333333,0.228571428571429,0.394736842105263,0.360911270983213,0.245283018867925,0.197368421052632,0,0.0975609756097561,0.666666666666667,0.566666666666667,2,
0.282608695652174,0.5,0.416666666666667,0.196506550218341,0.197802197802198,0.113207547169811,0.241830065359477,0.542857142857143,0.166666666666667,0.4,0.210526315789474,0.176258992805755,0.477987421383648,0.236842105263158,0.272727272727273,0.146341463414634,0.233333333333333,0.233333333333333,2,
0.347826086956522,0.307692307692308,0.5,0.344978165938865,0.285714285714286,0.0943396226415094,0.294117647058824,0.457142857142857,0.166666666666667,0.257142857142857,0.268421052631579,0.226618705035971,0.276729559748428,0.197368421052632,0.363636363636364,0.292682926829268,0.5,0.466666666666667,2,
0.260869565217391,0.423076923076923,0.361111111111111,0.091703056768559,0.120879120879121,0.0754716981132075,0.235294117647059,0.542857142857143,0.166666666666667,0.385714285714286,0.210526315789474,0.166666666666667,0.477987421383648,0.328947368421053,0.363636363636364,0.024390243902439,0.133333333333333,0.0666666666666667,2,
0.260869565217391,0.346153846153846,0.263888888888889,0.122270742358079,0.120879120879121,0.0943396226415094,0.241830065359477,0.571428571428571,0.166666666666667,0.371428571428571,0.189473684210526,0.163069544364508,0.39622641509434,0.315789473684211,0.363636363636364,0.0975609756097561,0.1,0.0333333333333333,2,
0.543478260869565,0.5,0.513888888888889,0.414847161572052,0.263736263736264,0.0943396226415094,0.352941176470588,0.371428571428571,0.25,0.457142857142857,0.284210526315789,0.28537170263789,0.446540880503145,0.131578947368421,0.590909090909091,0.219512195121951,0.8,0.733333333333333,2,
0.239130434782609,0.538461538461538,0.486111111111111,0.213973799126638,0.186813186813187,0.0754716981132075,0.274509803921569,0.485714285714286,0.166666666666667,0.385714285714286,0.236842105263158,0.203836930455636,0.471698113207547,0.210526315789474,0,0.0731707317073171,0.3,0.366666666666667,2,
0.195652173913043,0.423076923076923,0.444444444444444,0.0611353711790393,0.0549450549450549,0.0943396226415094,0.261437908496732,0.514285714285714,0.166666666666667,0.414285714285714,0.231578947368421,0.18705035971223,0.427672955974843,0.302631578947368,0.0909090909090909,0.0487804878048781,0.133333333333333,0.133333333333333,2,
0.260869565217391,0.384615384615385,0.361111111111111,0.11353711790393,0.10989010989011,0.0754716981132075,0.254901960784314,0.542857142857143,0.166666666666667,0.357142857142857,0.226315789473684,0.178657074340528,0.371069182389937,0.355263157894737,0.181818181818182,0.219512195121951,0.133333333333333,0.0666666666666667,2,
0.282608695652174,0.346153846153846,0.347222222222222,0.0393013100436681,0.032967032967033,0.113207547169811,0.261437908496732,0.542857142857143,0.166666666666667,0.328571428571429,0.205263157894737,0.177458033573141,0.389937106918239,0.342105263157895,0.181818181818182,0.390243902439024,0.1,0.0666666666666667,2,
0.195652173913043,0.461538461538462,0.388888888888889,0.200873362445415,0.241758241758242,0.0566037735849057,0.235294117647059,0.542857142857143,0.166666666666667,0.371428571428571,0.205263157894737,0.165467625899281,0.471698113207547,0.276315789473684,0.227272727272727,0,0.166666666666667,0.1,2,
0.282608695652174,0.384615384615385,0.402777777777778,0.0829694323144105,0.0769230769230769,0.0754716981132075,0.248366013071895,0.571428571428571,0.166666666666667,0.371428571428571,0.231578947368421,0.169064748201439,0.427672955974843,0.368421052631579,0.136363636363636,0.170731707317073,0.133333333333333,0.0333333333333333,2,
0.152173913043478,0.423076923076923,0.388888888888889,0.0698689956331878,0.0659340659340659,0.113207547169811,0.254901960784314,0.542857142857143,0.166666666666667,0.4,0.210526315789474,0.178657074340528,0.509433962264151,0.276315789473684,0.181818181818182,0.390243902439024,0.133333333333333,0.133333333333333,2,
0.195652173913043,0.461538461538462,0.361111111111111,0.646288209606987,0.868131868131868,0.943396226415094,0.235294117647059,0.542857142857143,0.166666666666667,0.371428571428571,0.563157894736842,0.170263788968825,0.477987421383648,0.789473684210526,0.0454545454545455,0.024390243902439,0.166666666666667,0.133333333333333,2,
0.478260869565217,0.692307692307692,0.777777777777778,0.40174672489083,0.175824175824176,0.132075471698113,0.509803921568627,0.257142857142857,0.416666666666667,0.614285714285714,0.410526315789474,0.430455635491607,0.792452830188679,0.118421052631579,0.590909090909091,0,0.5,0.566666666666667,3,
0.41304347826087,0.230769230769231,0.708333333333333,0.379912663755459,0.164835164835165,0.113207547169811,0.418300653594771,0.314285714285714,0.333333333333333,0.271428571428571,0.347368421052632,0.338129496402878,0.264150943396226,0.105263157894737,0.136363636363636,0.560975609756098,0.533333333333333,0.633333333333333,3,
0.5,0.807692307692308,0.888888888888889,0.310043668122271,0.120879120879121,0.150943396226415,0.673202614379085,0.142857142857143,0.583333333333333,0.814285714285714,0.478947368421053,0.597122302158273,0.710691823899371,0.210526315789474,0.590909090909091,0.560975609756098,0.333333333333333,0.433333333333333,3,
0.695652173913043,0.5,0.833333333333333,0.397379912663755,0.153846153846154,0.132075471698113,0.529411764705882,0.228571428571429,0.416666666666667,0.457142857142857,0.405263157894737,0.447242206235012,0.327044025157233,0.0789473684210526,0.227272727272727,0.219512195121951,0.6,0.7,3,
0.58695652173913,0.692307692307692,0.958333333333333,0.524017467248908,0.21978021978022,0.132075471698113,0.686274509803922,0.114285714285714,0.583333333333333,0.628571428571429,0.568421052631579,0.623501199040767,0.610062893081761,0.171052631578947,0.272727272727273,0.439024390243902,0.433333333333333,0.6,3,
0.739130434782609,0.884615384615385,0.902777777777778,0.427947598253275,0.153846153846154,0.169811320754717,0.712418300653595,0.114285714285714,0.666666666666667,0.871428571428571,0.547368421052632,0.648681055155875,0.647798742138365,0.171052631578947,0.681818181818182,0.024390243902439,0.433333333333333,0.5,3,
0.673913043478261,0.846153846153846,0.902777777777778,0.519650655021834,0.252747252747253,0.150943396226415,0.725490196078431,0.114285714285714,0.666666666666667,0.842857142857143,0.563157894736842,0.663069544364508,0.685534591194969,0.210526315789474,0.636363636363636,0.268292682926829,0.4,0.5,3,
0.108695652173913,0.115384615384615,0.277777777777778,0.0524017467248908,0.0989010989010989,0.0754716981132075,0.0718954248366013,0.828571428571429,0,0.0857142857142857,0.0578947368421053,0.0443645083932854,0.0754716981132075,0.25,0.136363636363636,0.390243902439024,0.0666666666666667,0.133333333333333,3,
0.652173913043478,0.846153846153846,0.875,0.467248908296943,0.197802197802198,0.169811320754717,0.65359477124183,0.142857142857143,0.583333333333333,0.671428571428571,0.521052631578947,0.586330935251799,0.880503144654088,0.171052631578947,0.227272727272727,0.390243902439024,0.4,0.5,3,
0.239130434782609,0.192307692307692,0.361111111111111,0.148471615720524,0.164835164835165,0.0754716981132075,0.0915032679738562,0.8,0.0833333333333333,0.2,0.0736842105263158,0.0575539568345324,0.188679245283019,0.144736842105263,0.181818181818182,0.170731707317073,0.3,0.3,3,
0.717391304347826,0.769230769230769,0.805555555555556,0.432314410480349,0.175824175824176,0.169811320754717,0.705882352941177,0.114285714285714,0.666666666666667,0.7,0.515789473684211,0.630695443645084,0.660377358490566,0.157894736842105,0.454545454545455,0.585365853658537,0.4,0.533333333333333,3,
0.434782608695652,0.0769230769230769,0.444444444444444,0.296943231441048,0.164835164835165,0.0943396226415094,0.241830065359477,0.514285714285714,0.166666666666667,0.0857142857142857,0.205263157894737,0.179856115107914,0.10062893081761,0.0394736842105263,0.227272727272727,0.731707317073171,0.9,0.966666666666667,3,
0.326086956521739,0.0384615384615385,0.402777777777778,0.209606986899563,0.10989010989011,0.0566037735849057,0.169934640522876,0.628571428571429,0.0833333333333333,0.0571428571428571,0.147368421052632,0.119904076738609,0.0691823899371069,0.0394736842105263,0.409090909090909,0.707317073170732,0.933333333333333,0.966666666666667,3,
0.673913043478261,0.923076923076923,0.875,0.489082969432314,0.241758241758242,0.169811320754717,0.699346405228758,0.114285714285714,0.666666666666667,0.828571428571429,0.515789473684211,0.628297362110312,0.691823899371069,0.184210526315789,0.181818181818182,0.0731707317073171,0.333333333333333,0.5,3,
0.521739130434783,0.5,0.847222222222222,0.462882096069869,0.208791208791209,0.113207547169811,0.522875816993464,0.257142857142857,0.416666666666667,0.471428571428571,0.410526315789474,0.434052757793765,0.377358490566038,0.0921052631578947,0.0454545454545455,0.780487804878049,0.5,0.633333333333333,3,
0.717391304347826,0.846153846153846,0.805555555555556,0.524017467248908,0.230769230769231,0.169811320754717,0.673202614379085,0.142857142857143,0.583333333333333,0.742857142857143,0.484210526315789,0.593525179856115,0.660377358490566,0.118421052631579,0.0909090909090909,0.707317073170732,0.433333333333333,0.666666666666667,3,
0.434782608695652,0.461538461538462,0.458333333333333,0.262008733624454,0.131868131868132,0.0943396226415094,0.30718954248366,0.457142857142857,0.25,0.4,0.273684210526316,0.233812949640288,0.49685534591195,0.0789473684210526,0.5,0.365853658536585,0.633333333333333,0.666666666666667,3,
0.652173913043478,0.576923076923077,0.847222222222222,0.436681222707424,0.164835164835165,0.188679245283019,0.57516339869281,0.2,0.5,0.571428571428571,0.447368421052632,0.492805755395683,0.345911949685535,0.0921052631578947,0.363636363636364,0.536585365853659,0.533333333333333,0.7,3,
0.41304347826087,0.346153846153846,0.486111111111111,0.296943231441048,0.142857142857143,0.113207547169811,0.228758169934641,0.542857142857143,0.166666666666667,0.342857142857143,0.231578947368421,0.165467625899281,0.320754716981132,0.0394736842105263,1,0.24390243902439,1,1,3,
0.608695652173913,0.846153846153846,0.902777777777778,0.34061135371179,0.131868131868132,0.150943396226415,0.673202614379085,0.142857142857143,0.583333333333333,0.842857142857143,0.478947368421053,0.592326139088729,0.716981132075472,0.197368421052632,0.545454545454545,0.634146341463415,0.333333333333333,0.466666666666667,3,
0.652173913043478,0.307692307692308,0.597222222222222,0.393013100436681,0.175824175824176,0.132075471698113,0.411764705882353,0.342857142857143,0.333333333333333,0.342857142857143,0.363157894736842,0.324940047961631,0.182389937106918,0.0789473684210526,0.318181818181818,0.731707317073171,0.7,0.833333333333333,3,
