85,18,4,
0.478260869565217,0.423076923076923,0.611111111111111,0.235807860262009,0.164835164835165,0.150943396226415,0.215686274509804,0.571428571428571,0.166666666666667,0.428571428571429,0.173684210526316,0.15347721822542,0.358490566037736,0.0657894736842105,0.454545454545455,0.146341463414634,0.766666666666667,0.833333333333333,0,
0.543478260869565,0.230769230769231,0.388888888888889,0.074235807860262,0.021978021978022,0.0943396226415094,0.143790849673203,0.714285714285714,0.0833333333333333,0.342857142857143,0.178947368421053,0.092326139088729,0.157232704402516,0.210526315789474,0.181818181818182,0.024390243902439,0.333333333333333,0.166666666666667,0,
0.347826086956522,0.538461538461538,0.625,0.187772925764192,0.120879120879121,0.150943396226415,0.26797385620915,0.514285714285714,0.166666666666667,0.471428571428571,0.236842105263158,0.197841726618705,0.484276729559748,0.197368421052632,0.590909090909091,0.170731707317073,0.333333333333333,0.533333333333333,0,
0.326086956521739,0.423076923076923,0.611111111111111,0.135371179039301,0.0879120879120879,0.188679245283019,0.281045751633987,0.514285714285714,0.25,0.571428571428571,0.242105263157895,0.200239808153477,0.345911949685535,0.210526315789474,0.318181818181818,0.268292682926829,0.233333333333333,0.466666666666667,0,
0.282608695652174,0.192307692307692,0.5,0.170305676855895,0.131868131868132,0.113207547169811,0.196078431372549,0.6,0.0833333333333333,0.185714285714286,0.194736842105263,0.140287769784173,0.182389937106918,0.157894736842105,0.227272727272727,0.24390243902439,0.433333333333333,0.5,0,
0.456521739130435,0.461538461538462,0.625,0.25764192139738,0.230769230769231,0.150943396226415,0.294117647058824,0.514285714285714,0.25,0.542857142857143,0.210526315789474,0.207434052757794,0.421383647798742,0.184210526315789,0.772727272727273,0.268292682926829,0.366666666666667,0.466666666666667,0,
0.347826086956522,0.5,0.513888888888889,0.091703056768559,0.0549450549450549,0.150943396226415,0.287581699346405,0.514285714285714,0.25,0.6,0.215789473684211,0.200239808153477,0.427672955974843,0.25,0.318181818181818,0.414634146341463,0.233333333333333,0.333333333333333,0,
0.5,0.461538461538462,0.555555555555556,0.253275109170306,0.175824175824176,0.132075471698113,0.222222222222222,0.571428571428571,0.166666666666667,0.428571428571429,0.163157894736842,0.158273381294964,0.327044025157233,0.0657894736842105,0.227272727272727,0.24390243902439,0.766666666666667,0.866666666666667,0,
0.369565217391304,0.346153846153846,0.319444444444444,0.174672489082969,0.131868131868132,0.0943396226415094,0.124183006535948,0.685714285714286,0.0833333333333333,0.342857142857143,0.126315789473684,0.0899280575539568,0.333333333333333,0.0789473684210526,0.681818181818182,0.0731707317073171,0.7,0.766666666666667,0,
0.369565217391304,0.384615384615385,0.569444444444444,0.554585152838428,0.54945054945055,0.830188679245283,0.248366013071895,0.542857142857143,0.166666666666667,0.442857142857143,0.368421052631579,0.177458033573141,0.345911949685535,0.421052631578947,0.227272727272727,0.219512195121951,0.333333333333333,0.5,0,
0.369565217391304,0.615384615384615,0.625,0.161572052401747,0.10989010989011,0.169811320754717,0.30718954248366,0.485714285714286,0.25,0.7,0.226315789473684,0.217026378896883,0.484276729559748,0.210526315789474,0.0454545454545455,0.268292682926829,0.2,0.366666666666667,0,
0.326086956521739,0.230769230769231,0.5,0.222707423580786,0.164835164835165,0.113207547169811,0.163398692810458,0.628571428571429,0.0833333333333333,0.271428571428571,0.136842105263158,0.116306954436451,0.0943396226415094,0.0526315789473684,0.136363636363636,0.146341463414634,0.833333333333333,0.933333333333333,0,
0.217391304347826,0.153846153846154,0.125,0.0349344978165939,0.0879120879120879,0.0566037735849057,0.065359477124183,0.828571428571429,0,0.142857142857143,0.0736842105263158,0.0419664268585132,0.232704402515723,0.342105263157895,0.363636363636364,0.390243902439024,0.133333333333333,0.1,0,
0.456521739130435,0.653846153846154,0.611111111111111,0.148471615720524,0.10989010989011,0.150943396226415,0.287581699346405,0.514285714285714,0.25,0.742857142857143,0.215789473684211,0.200239808153477,0.490566037735849,0.236842105263158,0.227272727272727,0.146341463414634,0.2,0.333333333333333,0,
0.369565217391304,0.538461538461538,0.625,0.179039301310044,0.120879120879121,0.132075471698113,0.261437908496732,0.514285714285714,0.166666666666667,0.528571428571429,0.236842105263158,0.193045563549161,0.471698113207547,0.184210526315789,0.181818181818182,0.0487804878048781,0.333333333333333,0.533333333333333,0,
0.282608695652174,0.230769230769231,0.277777777777778,0.157205240174672,0.142857142857143,0.0943396226415094,0.0457516339869281,0.828571428571429,0,0.228571428571429,0.0526315789473684,0.0335731414868106,0.20125786163522,0.0263157894736842,0.318181818181818,0.195121951219512,0.8,0.866666666666667,0,
0.282608695652174,0.0384615384615385,0.305555555555556,0.157205240174672,0.153846153846154,0.0943396226415094,0.065359477124183,0.8,0,0.128571428571429,0.0578947368421053,0.0467625899280576,0.0188679245283019,0.0657894736842105,0.0909090909090909,0.341463414634146,0.8,0.9,0,
0.41304347826087,0.192307692307692,0.277777777777778,0.11353711790393,0.164835164835165,0.0566037735849057,0.0130718954248366,0.914285714285714,0,0.2,0.0263157894736842,0.0119904076738609,0.176100628930818,0.171052631578947,0.636363636363636,0.121951219512195,0.466666666666667,0.433333333333333,0,
0.347826086956522,0.461538461538462,0.569444444444444,0.620087336244541,0.604395604395604,0.773584905660377,0.281045751633987,0.514285714285714,0.25,0.6,0.368421052631579,0.195443645083933,0.427672955974843,0.407894736842105,0.409090909090909,0.414634146341463,0.233333333333333,0.366666666666667,0,
0.347826086956522,0.346153846153846,0.625,0.174672489082969,0.120879120879121,0.150943396226415,0.261437908496732,0.514285714285714,0.166666666666667,0.371428571428571,0.226315789473684,0.193045563549161,0.327044025157233,0.171052631578947,0.363636363636364,0.317073170731707,0.366666666666667,0.533333333333333,0,
0.369565217391304,0.115384615384615,0.625,0.349344978165939,0.186813186813187,0.0754716981132075,0.313725490196078,0.428571428571429,0.25,0.1,0.3,0.241007194244604,0.188679245283019,0.0921052631578947,0.409090909090909,0.75609756097561,0.633333333333333,0.733333333333333,1,
0.5,0.269230769230769,0.833333333333333,0.323144104803493,0.120879120879121,0.113207547169811,0.450980392156863,0.314285714285714,0.333333333333333,0.228571428571429,0.394736842105263,0.3621103117506,0.320754716981132,0.118421052631579,0.227272727272727,0.829268292682927,0.533333333333333,0.7,1,
0.217391304347826,0.153846153846154,0.194444444444444,0.117903930131004,0.153846153846154,0.0377358490566038,0.150326797385621,0.685714285714286,0.0833333333333333,0.128571428571429,0.115789473684211,0.10431654676259,0.20125786163522,0.342105263157895,0.136363636363636,0.146341463414634,0.133333333333333,0.0666666666666667,1,
0.434782608695652,0.346153846153846,0.805555555555556,0.384279475982533,0.175824175824176,0.132075471698113,0.477124183006536,0.285714285714286,0.416666666666667,0.285714285714286,0.4,0.388489208633094,0.40251572327044,0.144736842105263,0.454545454545455,0.51219512195122,0.433333333333333,0.533333333333333,1,
0.347826086956522,0.153846153846154,0.194444444444444,0.0655021834061135,0.0659340659340659,0.0566037735849057,0.143790849673203,0.685714285714286,0.0833333333333333,0.128571428571429,0.110526315789474,0.0983213429256595,0.232704402515723,0.263157894736842,0.727272727272727,0.341463414634146,0.266666666666667,0.133333333333333,1,
0.58695652173913,0.5,0.569444444444444,0.362445414847162,0.153846153846154,0.132075471698113,0.352941176470588,0.4,0.25,0.514285714285714,0.310526315789474,0.276978417266187,0.415094339622642,0.0526315789473684,0.590909090909091,0.219512195121951,0.733333333333333,0.866666666666667,1,
0.739130434782609,0.692307692307692,0.875,0.34061135371179,0.0989010989010989,0.169811320754717,0.660130718954248,0.142857142857143,0.583333333333333,0.628571428571429,0.505263157894737,0.586330935251799,0.679245283018868,0.171052631578947,0.0909090909090909,0.0975609756097561,0.4,0.566666666666667,1,
0.347826086956522,0.269230769230769,0.680555555555556,0.305676855895197,0.120879120879121,0.113207547169811,0.42483660130719,0.314285714285714,0.333333333333333,0.214285714285714,0.378947368421053,0.344124700239808,0.289308176100629,0.144736842105263,0.318181818181818,0.439024390243902,0.433333333333333,0.5,1,
0.673913043478261,0.730769230769231,0.833333333333333,0.379912663755459,0.131868131868132,0.132075471698113,0.555555555555556,0.2,0.5,0.571428571428571,0.463157894736842,0.47841726618705,0.786163522012579,0.144736842105263,0.454545454545455,0.24390243902439,0.5,0.566666666666667,1,
0.391304347826087,0.269230769230769,0.805555555555556,0.384279475982533,0.186813186813187,0.132075471698113,0.42483660130719,0.342857142857143,0.333333333333333,0.242857142857143,0.336842105263158,0.336930455635492,0.352201257861635,0.0921052631578947,0.409090909090909,0.853658536585366,0.633333333333333,0.8,1,
0.630434782608696,0.807692307692308,0.916666666666667,0.510917030567686,0.230769230769231,0.169811320754717,0.620915032679739,0.171428571428571,0.583333333333333,0.657142857142857,0.515789473684211,0.544364508393285,0.811320754716981,0.157894736842105,0,0.634146341463415,0.433333333333333,0.633333333333333,1,
0.217391304347826,0.153846153846154,0.194444444444444,0.0611353711790393,0.0879120879120879,0.0377358490566038,0.111111111111111,0.742857142857143,0.0833333333333333,0.128571428571429,0.0842105263157895,0.0731414868105516,0.19496855345912,0.289473684210526,0.181818181818182,0.317073170731707,0.133333333333333,0.1,1,
0.847826086956522,0.653846153846154,0.972222222222222,0.358078602620087,0.0989010989010989,0.169811320754717,0.666666666666667,0.142857142857143,0.583333333333333,0.585714285714286,0.536842105263158,0.589928057553957,0.591194968553459,0.157894736842105,0.818181818181818,0.658536585365854,0.5,0.7,1,
0.41304347826087,0.153846153846154,0.555555555555556,0.331877729257642,0.21978021978022,0.113207547169811,0.274509803921569,0.485714285714286,0.166666666666667,0.157142857142857,0.263157894736842,0.202637889688249,0.220125786163522,0.131578947368421,0.272727272727273,0.219512195121951,0.466666666666667,0.466666666666667,1,
0.304347826086957,0.307692307692308,0.361111111111111,0.157205240174672,0.120879120879121,0.0754716981132075,0.235294117647059,0.571428571428571,0.166666666666667,0.257142857142857,0.178947368421053,0.160671462829736,0.433962264150943,0.263157894736842,0.863636363636364,0.0487804878048781,0.166666666666667,0.133333333333333,1,
0.434782608695652,0.153846153846154,0.5,0.344978165938865,0.175824175824176,0.113207547169811,0.339869281045752,0.4,0.25,0.228571428571429,0.321052631578947,0.264988009592326,0.188679245283019,0.105263157894737,0.181818181818182,0.170731707317073,0.533333333333333,0.533333333333333,1,
0.543478260869565,0.576923076923077,0.847222222222222,0.432314410480349,0.197802197802198,0.132075471698113,0.555555555555556,0.2,0.5,0.485714285714286,0.452631578947368,0.479616306954436,0.408805031446541,0.118421052631579,0.0909090909090909,0.121951219512195,0.433333333333333,0.533333333333333,1,
0.391304347826087,0.115384615384615,0.513888888888889,0.231441048034935,0.0989010989010989,0.0943396226415094,0.281045751633987,0.457142857142857,0.166666666666667,0.114285714285714,0.247368421052632,0.212230215827338,0.0880503144654088,0.0789473684210526,0.363636363636364,0.365853658536585,0.633333333333333,0.666666666666667,1,
0.217391304347826,0.115384615384615,0.194444444444444,0.0655021834061135,0.10989010989011,0.0754716981132075,0.104575163398693,0.771428571428571,0.0833333333333333,0.1,0.068421052631579,0.0647482014388489,0.188679245283019,0.302631578947368,0.272727272727273,0.0731707317073171,0.1,0.0666666666666667,1,
1,0.807692307692308,0.916666666666667,0.506550218340611,0.197802197802198,0.188679245283019,0.660130718954248,0.142857142857143,0.583333333333333,0.7,0.489473684210526,0.588729016786571,0.773584905660377,0.0921052631578947,0.909090909090909,0.024390243902439,0.533333333333333,0.7,1,
0.41304347826087,0.115384615384615,0.527777777777778,0.266375545851528,0.10989010989011,0.113207547169811,0.26797385620915,0.485714285714286,0.166666666666667,0.142857142857143,0.205263157894737,0.197841726618705,0.0943396226415094,0.0131578947368421,0.181818181818182,0.463414634146341,0.9,1,1,
0.673913043478261,0.807692307692308,0.833333333333333,0.358078602620087,0.153846153846154,0.150943396226415,0.679738562091503,0.142857142857143,0.583333333333333,0.785714285714286,0.5,0.601918465227818,0.69811320754717,0.197368421052632,0.227272727272727,0.268292682926829,0.3,0.466666666666667,1,
0.260869565217391,0.461538461538462,0.416666666666667,0.0698689956331878,0.0769230769230769,0.0943396226415094,0.241830065359477,0.542857142857143,0.166666666666667,0.385714285714286,0.205263157894737,0.170263788968825,0.484276729559748,0.289473684210526,0.363636363636364,0.0975609756097561,0.166666666666667,0.1,2,
0.173913043478261,0.384615384615385,0.388888888888889,0.091703056768559,0.10989010989011,0.113207547169811,0.241830065359477,0.571428571428571,0.166666666666667,0.4,0.205263157894737,0.166666666666667,0.39622641509434,0.315789473684211,0.272727272727273,0.439024390243902,0.1,0.1,2,
0.804347826086957,0.884615384615385,0.958333333333333,0.414847161572052,0.10989010989011,0.0566037735849057,0.908496732026144,0.0285714285714286,0.833333333333333,0.728571428571429,0.747368421052632,0.892086330935252,1,0.302631578947368,0.5,0.24390243902439,0.233333333333333,0.0666666666666667,2,
0.282608695652174,0.461538461538462,0.361111111111111,0.0960698689956332,0.10989010989011,0.113207547169811,0.235294117647059,0.571428571428571,0.166666666666667,0.385714285714286,0.210526315789474,0.164268585131894,0.484276729559748,0.355263157894737,0,0.170731707317073,0.1,0.0333333333333333,2,
0.326086956521739,0.384615384615385,0.416666666666667,0.318777292576419,0.296703296703297,0.320754716981132,0.261437908496732,0.514285714285714,0.166666666666667,0.357142857142857,0.263157894736842,0.189448441247002,0.371069182389937,0.223684210526316,0.0454545454545455,0.219512195121951,0.333333333333333,0.266666666666667,2,
0.152173913043478,0.423076923076923,0.388888888888889,0.135371179039301,0.131868131868132,0.113207547169811,0.248366013071895,0.542857142857143,0.166666666666667,0.385714285714286,0.210526315789474,0.173860911270983,0.40251572327044,0.276315789473684,0.318181818181818,0.292682926829268,0.133333333333333,0.133333333333333,2,
0.41304347826087,0.230769230769231,0.5,0.331877729257642,0.263736263736264,0.0754716981132075,0.261437908496732,0.485714285714286,0.166666666666667,0.185714285714286,0.257894736842105,0.199040767386091,0.213836477987421,0.171052631578947,0.272727272727273,0.341463414634146,0.633333333333333,0.633333333333333,2,
0.260869565217391,0.346153846153846,0.333333333333333,0.074235807860262,0.0879120879120879,0.0943396226415094,0.241830065359477,0.571428571428571,0.166666666666667,0.4,0.194736842105263,0.166666666666667,0.39622641509434,0.342105263157895,0.0454545454545455,0.146341463414634,0.1,0.0333333333333333,2,
0.456521739130435,0.153846153846154,0.458333333333333,0.358078602620087,0.263736263736264,0.0943396226415094,0.274509803921569,0.457142857142857,0.166666666666667,0.128571428571429,0.215789473684211,0.213429256594724,0.144654088050314,0.105263157894737,0.0909090909090909,0.195121951219512,0.7,0.833333333333333,2,
0.369565217391304,0.307692307692308,0.430555555555556,0.283842794759825,0.230769230769231,0.0943396226415094,0.248366013071895,0.514285714285714,0.166666666666667,0.285714285714286,0.236842105263158,0.182254196642686,0.30188679245283,0.157894736842105,0.136363636363636,0.439024390243902,0.533333333333333,0.533333333333333,2,
0.673913043478261,0.730769230769231,0.75,0.454148471615721,0.208791208791209,0.0566037735849057,0.627450980392157,0.142857142857143,0.583333333333333,0.614285714285714,0.510526315789474,0.577937649880096,0.685534591194969,0.223684210526316,0.5,0.0975609756097561,0.566666666666667,0.333333333333333,2,
0.304347826086957,0.423076923076923,0.347222222222222,0.0873362445414847,0.0989010989010989,0.0754716981132075,0.241830065359477,0.571428571428571,0.166666666666667,0.371428571428571,0.210526315789474,0.164268585131894,0.389937106918239,0.368421052631579,0.181818181818182,0.292682926829268,0.1,0.0333333333333333,2,
0.195652173913043,0.307692307692308,0.416666666666667,0.222707423580786,0.186813186813187,0.0943396226415094,0.235294117647059,0.542857142857143,0.166666666666667,0.285714285714286,0.221052631578947,0.172661870503597,0.270440251572327,0.171052631578947,0.227272727272727,0.414634146341463,0.366666666666667,0.466666666666667,2,
0.217391304347826,0.346153846153846,0.361111111111111,0.22707423580786,0.21978021978022,0.0943396226415094,0.248366013071895,0.542857142857143,0.166666666666667,0.371428571428571,0.231578947368421,0.178657074340528,0.314465408805031,0.25,0.181818181818182,0.0487804878048781,0.2,0.233333333333333,2,
0.456521739130435,0.230769230769231,0.486111111111111,0.349344978165939,0.274725274725275,0.113207547169811,0.281045751633987,0.457142857142857,0.166666666666667,0.214285714285714,0.236842105263158,0.217026378896883,0.226415094339623,0.144736842105263,0.181818181818182,0.121951219512195,0.533333333333333,0.633333333333333,2,
0.347826086956522,0.307692307692308,0.486111111111111,0.253275109170306,0.208791208791209,0.0566037735849057,0.26797385620915,0.485714285714286,0.166666666666667,0.257142857142857,0.236842105263158,0.201438848920863,0.283018867924528,0.171052631578947,0.0909090909090909,0,0.4,0.466666666666667,2,
0.543478260869565,0.192307692307692,0.444444444444444,0.384279475982533,0.241758241758242,0.0566037735849057,0.352941176470588,0.342857142857143,0.25,0.185714285714286,0.310526315789474,0.29136690647482,0.182389937106918,0.144736842105263,0.0454545454545455,0.0731707317073171,0.8,0.7,2,
0.195652173913043,0.423076923076923,0.444444444444444,0.0611353711790393,0.0549450549450549,0.0943396226415094,0.261437908496732,0.514285714285714,0.166666666666667,0.414285714285714,0.231578947368421,0.18705035971223,0.427672955974843,0.302631578947368,0.0909090909090909,0.0487804878048781,0.133333333333333,0.133333333333333,2,
0.260869565217391,0.384615384615385,0.402777777777778,0.161572052401747,0.164835164835165,0.0943396226415094,0.261437908496732,0.514285714285714,0.166666666666667,0.385714285714286,0.252631578947368,0.188249400479616,0.440251572327044,0.328947368421053,0.0454545454545455,0.0975609756097561,0.166666666666667,0.1,2,
0.260869565217391,0.461538461538462,0.347222222222222,0.104803493449782,0.0989010989010989,0.113207547169811,0.254901960784314,0.542857142857143,0.166666666666667,0.385714285714286,0.210526315789474,0.177458033573141,0.484276729559748,0.289473684210526,0.0454545454545455,0.24390243902439,0.1,0.1,2,
0.630434782608696,0.769230769230769,0.847222222222222,0.585152838427948,0.274725274725275,0.0377358490566038,0.823529411764706,0.0571428571428571,0.75,0.642857142857143,0.721052631578947,0.79136690647482,0.836477987421384,0.342105263157895,0.318181818181818,0.536585365853659,0.266666666666667,0.1,2,
0.217391304347826,0.5,0.388888888888889,0.152838427947598,0.131868131868132,0.0754716981132075,0.248366013071895,0.514285714285714,0.166666666666667,0.4,0.221052631578947,0.182254196642686,0.465408805031447,0.197368421052632,0.227272727272727,0.0731707317073171,0.3,0.333333333333333,2,
0.695652173913043,0.5,0.833333333333333,0.397379912663755,0.153846153846154,0.132075471698113,0.529411764705882,0.228571428571429,0.416666666666667,0.457142857142857,0.405263157894737,0.447242206235012,0.327044025157233,0.0789473684210526,0.227272727272727,0.219512195121951,0.6,0.7,3,
0.717391304347826,0.730769230769231,0.930555555555556,0.467248908296943,0.164835164835165,0.113207547169811,0.57516339869281,0.2,0.5,0.614285714285714,0.463157894736842,0.501199040767386,0.572327044025157,0.105263157894737,0.409090909090909,0.414634146341463,0.6,0.666666666666667,3,
0.304347826086957,0.461538461538462,0.583333333333333,0.262008733624454,0.142857142857143,0.113207547169811,0.287581699346405,0.457142857142857,0.166666666666667,0.371428571428571,0.268421052631579,0.218225419664269,0.408805031446541,0.144736842105263,0.0909090909090909,0.0487804878048781,0.466666666666667,0.5,3,
0.347826086956522,0.653846153846154,0.597222222222222,0.397379912663755,0.197802197802198,0.0754716981132075,0.431372549019608,0.314285714285714,0.333333333333333,0.542857142857143,0.405263157894737,0.356115107913669,0.635220125786163,0.157894736842105,0.0454545454545455,0.146341463414634,0.433333333333333,0.433333333333333,3,
0.391304347826087,0.730769230769231,0.805555555555556,0.40174672489083,0.164835164835165,0.132075471698113,0.529411764705882,0.228571428571429,0.416666666666667,0.614285714285714,0.452631578947368,0.453237410071942,0.849056603773585,0.131578947368421,0.136363636363636,0.024390243902439,0.466666666666667,0.6,3,
0.652173913043478,0.807692307692308,0.930555555555556,0.497816593886463,0.186813186813187,0.188679245283019,0.718954248366013,0.114285714285714,0.666666666666667,0.8,0.478947368421053,0.652278177458034,0.566037735849057,0.105263157894737,0,0.439024390243902,0.433333333333333,0.633333333333333,3,
0.391304347826087,0.0769230769230769,0.361111111111111,0.240174672489083,0.131868131868132,0.0943396226415094,0.228758169934641,0.542857142857143,0.166666666666667,0.185714285714286,0.205263157894737,0.165467625899281,0.0880503144654088,0.0657894736842105,0.0454545454545455,0.024390243902439,0.7,0.733333333333333,3,
0.652173913043478,0.576923076923077,0.847222222222222,0.436681222707424,0.164835164835165,0.188679245283019,0.57516339869281,0.2,0.5,0.571428571428571,0.447368421052632,0.492805755395683,0.345911949685535,0.0921052631578947,0.363636363636364,0.536585365853659,0.533333333333333,0.7,3,
0.456521739130435,0.5,0.541666666666667,0.336244541484716,0.164835164835165,0.113207547169811,0.359477124183007,0.4,0.25,0.428571428571429,0.315789473684211,0.280575539568345,0.528301886792453,0.105263157894737,0.545454545454545,0.365853658536585,0.5,0.566666666666667,3,
0.521739130434783,0.307692307692308,0.722222222222222,0.406113537117904,0.175824175824176,0.150943396226415,0.437908496732026,0.314285714285714,0.333333333333333,0.314285714285714,0.352631578947368,0.356115107913669,0.169811320754717,0.0526315789473684,0.181818181818182,0.0731707317073171,0.7,0.766666666666667,3,
0.673913043478261,0.884615384615385,0.777777777777778,0.554585152838428,0.296703296703297,0.169811320754717,0.705882352941177,0.114285714285714,0.666666666666667,0.771428571428571,0.489473684210526,0.634292565947242,0.685534591194969,0.184210526315789,0.272727272727273,0.390243902439024,0.333333333333333,0.466666666666667,3,
0.434782608695652,0.461538461538462,0.458333333333333,0.262008733624454,0.131868131868132,0.0943396226415094,0.30718954248366,0.457142857142857,0.25,0.4,0.273684210526316,0.233812949640288,0.49685534591195,0.0789473684210526,0.5,0.365853658536585,0.633333333333333,0.666666666666667,3,
0.695652173913043,0.807692307692308,0.902777777777778,0.475982532751092,0.21978021978022,0.150943396226415,0.57516339869281,0.2,0.5,0.642857142857143,0.442105263157895,0.495203836930456,0.660377358490566,0.118421052631579,0.454545454545455,0.48780487804878,0.466666666666667,0.566666666666667,3,
0.0869565217391304,0.192307692307692,0.486111111111111,0.174672489082969,0.131868131868132,0.0754716981132075,0.228758169934641,0.571428571428571,0.166666666666667,0.2,0.194736842105263,0.157074340527578,0.169811320754717,0.276315789473684,0.727272727272727,0.48780487804878,0.166666666666667,0.2,3,
0.456521739130435,0.230769230769231,0.680555555555556,0.393013100436681,0.164835164835165,0.132075471698113,0.392156862745098,0.342857142857143,0.333333333333333,0.242857142857143,0.321052631578947,0.311750599520384,0.0754716981132075,0.0526315789473684,0.181818181818182,0.560975609756098,0.833333333333333,0.933333333333333,3,
0.782608695652174,0.576923076923077,0.930555555555556,0.48471615720524,0.164835164835165,0.150943396226415,0.607843137254902,0.171428571428571,0.5,0.571428571428571,0.484210526315789,0.52757793764988,0.371069182389937,0.0789473684210526,0.409090909090909,0.780487804878049,0.633333333333333,0.833333333333333,3,
0.369565217391304,0.269230769230769,0.597222222222222,0.323144104803493,0.153846153846154,0.113207547169811,0.431372549019608,0.314285714285714,0.333333333333333,0.2,0.363157894736842,0.345323741007194,0.30188679245283,0.157894736842105,0.0454545454545455,0.341463414634146,0.366666666666667,0.4,3,
0.282608695652174,0.307692307692308,0.361111111111111,0.109170305676856,0.0879120879120879,0.0943396226415094,0.150326797385621,0.685714285714286,0.0833333333333333,0.257142857142857,0.126315789473684,0.0983213429256595,0.352201257861635,0.197368421052632,0.136363636363636,0.0975609756097561,0.133333333333333,0.2,3,
0.608695652173913,0.884615384615385,0.833333333333333,0.436681222707424,0.164835164835165,0.188679245283019,0.751633986928105,0.114285714285714,0.666666666666667,0.857142857142857,0.531578947368421,0.68705035971223,0.59748427672956,0.184210526315789,0,0.268292682926829,0.333333333333333,0.533333333333333,3,
0.282608695652174,0.153846153846154,0.513888888888889,0.174672489082969,0.0769230769230769,0.0943396226415094,0.274509803921569,0.485714285714286,0.166666666666667,0.128571428571429,0.257894736842105,0.201438848920863,0.226415094339623,0.157894736842105,0.636363636363636,0.317073170731707,0.333333333333333,0.333333333333333,3,
0.5,0.730769230769231,0.888888888888889,0.51528384279476,0.21978021978022,0.132075471698113,0.562091503267974,0.2,0.5,0.642857142857143,0.457894736842105,0.485611510791367,0.735849056603774,0.105263157894737,0.545454545454545,0.48780487804878,0.533333333333333,0.666666666666667,3,
