85,18,4,
0.369565217391304,0.5,0.486111111111111,0.126637554585153,0.0879120879120879,0.169811320754717,0.313725490196078,0.485714285714286,0.25,0.614285714285714,0.226315789473684,0.221822541966427,0.389937106918239,0.236842105263158,0,0.390243902439024,0.2,0.366666666666667,0,
0.521739130434783,0.307692307692308,0.305555555555556,0.126637554585153,0.0989010989010989,0.0943396226415094,0.117647058823529,0.742857142857143,0.0833333333333333,0.357142857142857,0.147368421052632,0.0755395683453237,0.30188679245283,0.25,0.227272727272727,0.170731707317073,0.266666666666667,0.166666666666667,0,
0.369565217391304,0.538461538461538,0.625,0.196506550218341,0.142857142857143,0.150943396226415,0.281045751633987,0.485714285714286,0.166666666666667,0.528571428571429,0.257894736842105,0.205035971223022,0.484276729559748,0.210526315789474,0.0454545454545455,0.121951219512195,0.3,0.5,0,
0.326086956521739,0.346153846153846,0.361111111111111,0.126637554585153,0.10989010989011,0.0754716981132075,0.0718954248366013,0.8,0,0.371428571428571,0.0894736842105263,0.0515587529976019,0.320754716981132,0.0921052631578947,0.363636363636364,0.0975609756097561,0.566666666666667,0.566666666666667,0,
0.391304347826087,0.5,0.527777777777778,0.192139737991266,0.153846153846154,0.132075471698113,0.228758169934641,0.542857142857143,0.166666666666667,0.485714285714286,0.2,0.166666666666667,0.566037735849057,0.144736842105263,0.590909090909091,0.268292682926829,0.433333333333333,0.633333333333333,0,
0.434782608695652,0.307692307692308,0.486111111111111,0.0873362445414847,0.043956043956044,0.0943396226415094,0.183006535947712,0.657142857142857,0.0833333333333333,0.328571428571429,0.178947368421053,0.119904076738609,0.251572327044025,0.236842105263158,0.227272727272727,0.365853658536585,0.266666666666667,0.133333333333333,0,
0.304347826086957,0.153846153846154,0.166666666666667,0.0524017467248908,0.0769230769230769,0.0754716981132075,0.0196078431372549,0.914285714285714,0,0.114285714285714,0.0263157894736842,0.0143884892086331,0.220125786163522,0.197368421052632,0.5,0.536585365853659,0.333333333333333,0.3,0,
0.326086956521739,0.384615384615385,0.611111111111111,0.139737991266376,0.0879120879120879,0.169811320754717,0.274509803921569,0.514285714285714,0.166666666666667,0.457142857142857,0.231578947368421,0.199040767386091,0.345911949685535,0.184210526315789,0.272727272727273,0.0487804878048781,0.3,0.5,0,
0.434782608695652,0.384615384615385,0.527777777777778,0.253275109170306,0.186813186813187,0.113207547169811,0.163398692810458,0.628571428571429,0.0833333333333333,0.385714285714286,0.136842105263158,0.116306954436451,0.314465408805031,0.0526315789473684,0.772727272727273,0.292682926829268,0.9,0.966666666666667,0,
0.478260869565217,0.615384615384615,0.583333333333333,0.152838427947598,0.0989010989010989,0.169811320754717,0.30718954248366,0.485714285714286,0.25,0.628571428571429,0.226315789473684,0.217026378896883,0.477987421383648,0.210526315789474,0.318181818181818,0.24390243902439,0.2,0.333333333333333,0,
0.456521739130435,0.461538461538462,0.569444444444444,0.270742358078603,0.21978021978022,0.132075471698113,0.215686274509804,0.571428571428571,0.166666666666667,0.414285714285714,0.178947368421053,0.154676258992806,0.440251572327044,0.0921052631578947,0.5,0.341463414634146,0.6,0.7,0,
0.326086956521739,0.269230769230769,0.208333333333333,0.0436681222707424,0.0659340659340659,0.0943396226415094,0.130718954248366,0.771428571428571,0.0833333333333333,0.3,0.0631578947368421,0.0779376498800959,0.308176100628931,0.368421052631579,0,0.170731707317073,0,0.0666666666666667,0,
0.326086956521739,0.307692307692308,0.555555555555556,0.187772925764192,0.164835164835165,0.113207547169811,0.222222222222222,0.542857142857143,0.166666666666667,0.371428571428571,0.205263157894737,0.160671462829736,0.327044025157233,0.157894736842105,0.181818181818182,0.390243902439024,0.4,0.533333333333333,0,
0.5,0.5,0.666666666666667,0.305676855895197,0.230769230769231,0.150943396226415,0.281045751633987,0.485714285714286,0.166666666666667,0.428571428571429,0.226315789473684,0.203836930455636,0.459119496855346,0.131578947368421,0.636363636363636,0.365853658536585,0.6,0.7,0,
0.5,0.269230769230769,0.416666666666667,0.0698689956331878,0.032967032967033,0.113207547169811,0.163398692810458,0.685714285714286,0.0833333333333333,0.328571428571429,0.168421052631579,0.101918465227818,0.188679245283019,0.276315789473684,0.454545454545455,0.317073170731707,0.233333333333333,0.0666666666666667,0,
0.391304347826087,0.423076923076923,0.361111111111111,0.205240174672489,0.175824175824176,0.0943396226415094,0.163398692810458,0.628571428571429,0.0833333333333333,0.4,0.189473684210526,0.115107913669065,0.364779874213836,0.171052631578947,0.0454545454545455,0.219512195121951,0.4,0.433333333333333,0,
0.391304347826087,0.307692307692308,0.611111111111111,0.161572052401747,0.10989010989011,0.132075471698113,0.241830065359477,0.542857142857143,0.166666666666667,0.357142857142857,0.210526315789474,0.175059952038369,0.308176100628931,0.171052631578947,0.409090909090909,0.341463414634146,0.433333333333333,0.6,0,
0.304347826086957,0.346153846153846,0.333333333333333,0.200873362445415,0.186813186813187,0.150943396226415,0.137254901960784,0.685714285714286,0.0833333333333333,0.342857142857143,0.142105263157895,0.0959232613908873,0.314465408805031,0.105263157894737,0.318181818181818,0.024390243902439,0.566666666666667,0.666666666666667,0,
0.260869565217391,0.230769230769231,0.388888888888889,0.0655021834061135,0.0549450549450549,0.0566037735849057,0.104575163398693,0.771428571428571,0.0833333333333333,0.242857142857143,0.0947368421052632,0.0683453237410072,0.207547169811321,0.210526315789474,0.363636363636364,0.195121951219512,0.2,0.2,0,
0.58695652173913,0.5,0.625,0.262008733624454,0.186813186813187,0.169811320754717,0.333333333333333,0.457142857142857,0.25,0.642857142857143,0.242105263157895,0.243405275779377,0.383647798742138,0.157894736842105,0.818181818181818,0,0.433333333333333,0.5,0,
0.260869565217391,0.0384615384615385,0.180555555555556,0.100436681222707,0.120879120879121,0.0754716981132075,0.0261437908496732,0.914285714285714,0,0.0428571428571429,0.0368421052631579,0.0155875299760192,0.113207547169811,0.144736842105263,0.136363636363636,0.48780487804878,0.3,0.266666666666667,1,
0.695652173913043,0.807692307692308,0.833333333333333,0.506550218340611,0.241758241758242,0.150943396226415,0.712418300653595,0.114285714285714,0.666666666666667,0.742857142857143,0.536842105263158,0.640287769784173,0.584905660377358,0.184210526315789,0,0.317073170731707,0.366666666666667,0.6,1,
0.239130434782609,0.192307692307692,0.597222222222222,0.161572052401747,0.0769230769230769,0.0943396226415094,0.241830065359477,0.542857142857143,0.166666666666667,0.2,0.247368421052632,0.171462829736211,0.251572327044025,0.197368421052632,0.272727272727273,0.707317073170732,0.3,0.333333333333333,1,
0.347826086956522,0.538461538461538,0.597222222222222,0.283842794759825,0.153846153846154,0.113207547169811,0.339869281045752,0.4,0.25,0.457142857142857,0.310526315789474,0.261390887290168,0.509433962264151,0.171052631578947,0.318181818181818,0.24390243902439,0.366666666666667,0.4,1,
0.282608695652174,0.192307692307692,0.638888888888889,0.310043668122271,0.142857142857143,0.132075471698113,0.379084967320261,0.371428571428571,0.333333333333333,0.228571428571429,0.321052631578947,0.298561151079137,0.182389937106918,0.118421052631579,0.0454545454545455,0.682926829268293,0.5,0.6,1,
0.391304347826087,0.384615384615385,0.444444444444444,0.165938864628821,0.0989010989010989,0.0943396226415094,0.241830065359477,0.542857142857143,0.166666666666667,0.314285714285714,0.2,0.171462829736211,0.352201257861635,0.171052631578947,0.590909090909091,0.560975609756098,0.333333333333333,0.333333333333333,1,
0.391304347826087,0.269230769230769,0.597222222222222,0.270742358078603,0.142857142857143,0.113207547169811,0.313725490196078,0.428571428571429,0.25,0.214285714285714,0.310526315789474,0.238609112709832,0.289308176100629,0.171052631578947,0.227272727272727,0.170731707317073,0.333333333333333,0.333333333333333,1,
0.456521739130435,0.384615384615385,0.402777777777778,0.248908296943231,0.131868131868132,0.0943396226415094,0.261437908496732,0.485714285714286,0.166666666666667,0.357142857142857,0.236842105263158,0.197841726618705,0.490566037735849,0.105263157894737,0.545454545454545,0.268292682926829,0.566666666666667,0.566666666666667,1,
0.739130434782609,0.807692307692308,0.944444444444444,0.541484716157205,0.230769230769231,0.188679245283019,0.69281045751634,0.142857142857143,0.666666666666667,0.742857142857143,0.489473684210526,0.618705035971223,0.723270440251572,0.105263157894737,0.590909090909091,0.609756097560976,0.466666666666667,0.766666666666667,1,
0.304347826086957,0.153846153846154,0.277777777777778,0.122270742358079,0.10989010989011,0.0754716981132075,0.104575163398693,0.742857142857143,0.0833333333333333,0.157142857142857,0.126315789473684,0.0707434052757794,0.144654088050314,0.157894736842105,0.0454545454545455,0.341463414634146,0.333333333333333,0.366666666666667,1,
0.695652173913043,0.807692307692308,0.916666666666667,0.48471615720524,0.230769230769231,0.150943396226415,0.627450980392157,0.171428571428571,0.583333333333333,0.685714285714286,0.457894736842105,0.546762589928058,0.685534591194969,0.131578947368421,0.636363636363636,0.560975609756098,0.433333333333333,0.6,1,
0.478260869565217,0.769230769230769,0.763888888888889,0.427947598253275,0.197802197802198,0.150943396226415,0.529411764705882,0.228571428571429,0.416666666666667,0.6,0.473684210526316,0.449640287769784,0.805031446540881,0.157894736842105,0.136363636363636,0.0487804878048781,0.4,0.5,1,
0.847826086956522,0.653846153846154,0.888888888888889,0.406113537117904,0.120879120879121,0.169811320754717,0.627450980392157,0.171428571428571,0.583333333333333,0.585714285714286,0.489473684210526,0.545563549160672,0.484276729559748,0.105263157894737,0.681818181818182,0.536585365853659,0.5,0.7,1,
0.673913043478261,0.846153846153846,0.833333333333333,0.423580786026201,0.208791208791209,0.150943396226415,0.666666666666667,0.142857142857143,0.583333333333333,0.785714285714286,0.494736842105263,0.594724220623501,0.70440251572327,0.197368421052632,0.0454545454545455,0.024390243902439,0.3,0.433333333333333,1,
0.543478260869565,0.692307692307692,0.777777777777778,0.432314410480349,0.208791208791209,0.150943396226415,0.496732026143791,0.257142857142857,0.416666666666667,0.557142857142857,0.405263157894737,0.418465227817746,0.767295597484277,0.118421052631579,0.454545454545455,0.024390243902439,0.5,0.6,1,
0.695652173913043,0.461538461538462,0.833333333333333,0.397379912663755,0.153846153846154,0.150943396226415,0.562091503267974,0.2,0.5,0.442857142857143,0.442105263157895,0.482014388489209,0.484276729559748,0.105263157894737,0.363636363636364,0.121951219512195,0.533333333333333,0.633333333333333,1,
0.282608695652174,0.115384615384615,0.513888888888889,0.266375545851528,0.142857142857143,0.0943396226415094,0.248366013071895,0.542857142857143,0.166666666666667,0.142857142857143,0.231578947368421,0.176258992805755,0.138364779874214,0.0921052631578947,0,0.780487804878049,0.666666666666667,0.733333333333333,1,
0.434782608695652,0.423076923076923,0.805555555555556,0.406113537117904,0.164835164835165,0.169811320754717,0.464052287581699,0.285714285714286,0.416666666666667,0.4,0.378947368421053,0.384892086330935,0.270440251572327,0.0657894736842105,0.181818181818182,0.341463414634146,0.633333333333333,0.766666666666667,1,
0.543478260869565,0.538461538461538,0.958333333333333,0.427947598253275,0.131868131868132,0.169811320754717,0.568627450980392,0.228571428571429,0.5,0.514285714285714,0.405263157894737,0.482014388489209,0.352201257861635,0.0263157894736842,0.0454545454545455,0.804878048780488,0.6,0.9,1,
0.543478260869565,0.230769230769231,0.569444444444444,0.379912663755459,0.186813186813187,0.132075471698113,0.352941176470588,0.4,0.25,0.285714285714286,0.284210526315789,0.276978417266187,0.138364779874214,0.0394736842105263,0.363636363636364,0.463414634146341,0.7,0.8,1,
0.369565217391304,0.115384615384615,0.236111111111111,0.11353711790393,0.10989010989011,0.0754716981132075,0.0588235294117647,0.857142857142857,0,0.128571428571429,0.0368421052631579,0.0383693045563549,0.144654088050314,0.118421052631579,1,0.560975609756098,0.466666666666667,0.466666666666667,1,
0.369565217391304,0.0384615384615385,0.361111111111111,0.139737991266376,0.0879120879120879,0.0754716981132075,0.0718954248366013,0.8,0,0,0.0947368421052632,0.0479616306954436,0.0566037735849057,0.0789473684210526,0.227272727272727,0.634146341463415,0.666666666666667,0.7,1,
0.130434782608696,0.384615384615385,0.444444444444444,0.161572052401747,0.164835164835165,0.113207547169811,0.26797385620915,0.514285714285714,0.166666666666667,0.371428571428571,0.236842105263158,0.191846522781775,0.408805031446541,0.25,0,0.195121951219512,0.2,0.233333333333333,2,
0.304347826086957,0.230769230769231,0.472222222222222,0.266375545851528,0.208791208791209,0.0754716981132075,0.215686274509804,0.542857142857143,0.166666666666667,0.228571428571429,0.226315789473684,0.160671462829736,0.188679245283019,0.144736842105263,0.136363636363636,0.51219512195122,0.633333333333333,0.633333333333333,2,
0.195652173913043,0.461538461538462,0.388888888888889,0.152838427947598,0.186813186813187,0.0754716981132075,0.228758169934641,0.571428571428571,0.166666666666667,0.357142857142857,0.205263157894737,0.163069544364508,0.471698113207547,0.276315789473684,0,0.024390243902439,0.166666666666667,0.1,2,
0.260869565217391,0.384615384615385,0.361111111111111,0.074235807860262,0.0769230769230769,0.0943396226415094,0.248366013071895,0.571428571428571,0.166666666666667,0.414285714285714,0.205263157894737,0.167865707434053,0.415094339622642,0.368421052631579,0,0.121951219512195,0.1,0.0333333333333333,2,
0.260869565217391,0.461538461538462,0.416666666666667,0.11353711790393,0.120879120879121,0.113207547169811,0.254901960784314,0.542857142857143,0.166666666666667,0.4,0.215789473684211,0.179856115107914,0.490566037735849,0.263157894736842,0.0909090909090909,0.121951219512195,0.166666666666667,0.166666666666667,2,
0.282608695652174,0.384615384615385,0.361111111111111,0.11353711790393,0.0989010989010989,0.0943396226415094,0.261437908496732,0.514285714285714,0.166666666666667,0.342857142857143,0.247368421052632,0.18705035971223,0.40251572327044,0.289473684210526,0.272727272727273,0.341463414634146,0.166666666666667,0.133333333333333,2,
0.782608695652174,0.730769230769231,0.763888888888889,0.37117903930131,0.120879120879121,0.0377358490566038,0.751633986928105,0.0857142857142857,0.666666666666667,0.571428571428571,0.694736842105263,0.709832134292566,0.679245283018868,0.302631578947368,0,0.463414634146341,0.366666666666667,0.166666666666667,2,
0.282608695652174,0.5,0.416666666666667,0.196506550218341,0.197802197802198,0.113207547169811,0.241830065359477,0.542857142857143,0.166666666666667,0.4,0.210526315789474,0.176258992805755,0.477987421383648,0.236842105263158,0.272727272727273,0.146341463414634,0.233333333333333,0.233333333333333,2,
0.5,0.615384615384615,0.805555555555556,0.362445414847162,0.131868131868132,0.0754716981132075,0.660130718954248,0.142857142857143,0.583333333333333,0.485714285714286,0.515789473684211,0.594724220623501,0.635220125786163,0.236842105263158,0.363636363636364,0.682926829268293,0.4,0.266666666666667,2,
0.217391304347826,0.423076923076923,0.416666666666667,0.270742358078603,0.241758241758242,0.0566037735849057,0.202614379084967,0.571428571428571,0.0833333333333333,0.357142857142857,0.189473684210526,0.146282973621103,0.383647798742138,0.131578947368421,0.318181818181818,0.146341463414634,0.4,0.4,2,
0.304347826086957,0.307692307692308,0.5,0.266375545851528,0.21978021978022,0.0943396226415094,0.235294117647059,0.542857142857143,0.166666666666667,0.314285714285714,0.215789473684211,0.171462829736211,0.270440251572327,0.171052631578947,0.318181818181818,0.317073170731707,0.4,0.466666666666667,2,
0.434782608695652,0.461538461538462,0.638888888888889,0.423580786026201,0.241758241758242,0.0943396226415094,0.470588235294118,0.257142857142857,0.416666666666667,0.385714285714286,0.384210526315789,0.406474820143885,0.465408805031447,0.171052631578947,0,0.0975609756097561,0.6,0.533333333333333,2,
0.543478260869565,0.692307692307692,0.611111111111111,0.449781659388646,0.274725274725275,0.0943396226415094,0.470588235294118,0.257142857142857,0.333333333333333,0.614285714285714,0.363157894736842,0.402877697841727,0.559748427672956,0.171052631578947,0.409090909090909,0.268292682926829,0.666666666666667,0.6,2,
0.543478260869565,0.0769230769230769,0.416666666666667,0.34061135371179,0.230769230769231,0.0566037735849057,0.281045751633987,0.428571428571429,0.166666666666667,0.0857142857142857,0.284210526315789,0.224220623501199,0.050314465408805,0.157894736842105,0.136363636363636,0.536585365853659,0.866666666666667,0.8,2,
0.304347826086957,0.384615384615385,0.416666666666667,0.283842794759825,0.274725274725275,0.0943396226415094,0.261437908496732,0.514285714285714,0.166666666666667,0.385714285714286,0.247368421052632,0.188249400479616,0.389937106918239,0.223684210526316,0.272727272727273,0.292682926829268,0.266666666666667,0.2,2,
0.521739130434783,0.615384615384615,0.5,0.432314410480349,0.285714285714286,0.0943396226415094,0.431372549019608,0.285714285714286,0.333333333333333,0.557142857142857,0.336842105263158,0.363309352517986,0.484276729559748,0.171052631578947,0,0.170731707317073,0.7,0.633333333333333,2,
0.173913043478261,0.423076923076923,0.388888888888889,0.0698689956331878,0.0659340659340659,0.0754716981132075,0.254901960784314,0.542857142857143,0.166666666666667,0.414285714285714,0.210526315789474,0.178657074340528,0.433962264150943,0.355263157894737,0.181818181818182,0.121951219512195,0.1,0.0666666666666667,2,
0.630434782608696,0.807692307692308,0.805555555555556,0.423580786026201,0.153846153846154,0.0754716981132075,0.738562091503268,0.0857142857142857,0.666666666666667,0.671428571428571,0.610526315789474,0.697841726618705,0.767295597484277,0.263157894736842,0.409090909090909,0.341463414634146,0.4,0.2,2,
0.543478260869565,0.5,0.513888888888889,0.414847161572052,0.263736263736264,0.0943396226415094,0.352941176470588,0.371428571428571,0.25,0.457142857142857,0.284210526315789,0.28537170263789,0.446540880503145,0.131578947368421,0.590909090909091,0.219512195121951,0.8,0.733333333333333,2,
0.347826086956522,0.423076923076923,0.388888888888889,0.0393013100436681,0.032967032967033,0.0943396226415094,0.248366013071895,0.542857142857143,0.166666666666667,0.414285714285714,0.215789473684211,0.172661870503597,0.50314465408805,0.381578947368421,0.272727272727273,0.121951219512195,0.1,0.0333333333333333,2,
0.695652173913043,0.692307692307692,0.555555555555556,0.449781659388646,0.263736263736264,0.0754716981132075,0.542483660130719,0.2,0.416666666666667,0.585714285714286,0.442105263157895,0.473621103117506,0.49685534591195,0.210526315789474,0.272727272727273,0.48780487804878,0.6,0.433333333333333,2,
0.717391304347826,0.923076923076923,0.930555555555556,0.572052401746725,0.21978021978022,0.0754716981132075,0.980392156862745,0,0.916666666666667,0.757142857142857,0.815789473684211,0.962829736211031,0.949685534591195,0.355263157894737,0.409090909090909,0.75609756097561,0.133333333333333,0.1,2,
0.391304347826087,0.461538461538462,0.486111111111111,0.218340611353712,0.10989010989011,0.0754716981132075,0.248366013071895,0.514285714285714,0.166666666666667,0.4,0.210526315789474,0.1810551558753,0.446540880503145,0.0921052631578947,0.727272727272727,0.0487804878048781,0.566666666666667,0.566666666666667,3,
0.543478260869565,0.846153846153846,0.944444444444444,0.279475982532751,0.0659340659340659,0.169811320754717,0.73202614379085,0.114285714285714,0.666666666666667,0.857142857142857,0.531578947368421,0.663069544364508,0.679245283018868,0.184210526315789,0.363636363636364,0.731707317073171,0.366666666666667,0.566666666666667,3,
0.652173913043478,0.846153846153846,0.875,0.467248908296943,0.197802197802198,0.169811320754717,0.65359477124183,0.142857142857143,0.583333333333333,0.671428571428571,0.521052631578947,0.586330935251799,0.880503144654088,0.171052631578947,0.227272727272727,0.390243902439024,0.4,0.5,3,
0.521739130434783,0.653846153846154,0.944444444444444,0.467248908296943,0.197802197802198,0.150943396226415,0.666666666666667,0.142857142857143,0.583333333333333,0.542857142857143,0.536842105263158,0.59832134292566,0.685534591194969,0.171052631578947,0.318181818181818,0.707317073170732,0.4,0.533333333333333,3,
0.282608695652174,0.269230769230769,0.486111111111111,0.183406113537118,0.164835164835165,0.0754716981132075,0.183006535947712,0.628571428571429,0.0833333333333333,0.242857142857143,0.147368421052632,0.127098321342926,0.333333333333333,0.171052631578947,0.136363636363636,0.51219512195122,0.233333333333333,0.3,3,
0.5,0.807692307692308,0.888888888888889,0.310043668122271,0.120879120879121,0.150943396226415,0.673202614379085,0.142857142857143,0.583333333333333,0.814285714285714,0.478947368421053,0.597122302158273,0.710691823899371,0.210526315789474,0.590909090909091,0.560975609756098,0.333333333333333,0.433333333333333,3,
0.0652173913043478,0.192307692307692,0.25,0.091703056768559,0.120879120879121,0.0566037735849057,0.137254901960784,0.714285714285714,0.0833333333333333,0.128571428571429,0.115789473684211,0.0899280575539568,0.226415094339623,0.368421052631579,0,0.51219512195122,0.0333333333333333,0.1,3,
0.543478260869565,0.846153846153846,0.847222222222222,0.541484716157205,0.252747252747253,0.132075471698113,0.640522875816993,0.142857142857143,0.583333333333333,0.714285714285714,0.557894736842105,0.571942446043165,0.855345911949686,0.171052631578947,0.0454545454545455,0.146341463414634,0.4,0.533333333333333,3,
0.41304347826087,0.730769230769231,0.736111111111111,0.436681222707424,0.21978021978022,0.132075471698113,0.503267973856209,0.257142857142857,0.416666666666667,0.614285714285714,0.442105263157895,0.422062350119904,0.823899371069182,0.171052631578947,0.0909090909090909,0.121951219512195,0.4,0.466666666666667,3,
0.434782608695652,0.0769230769230769,0.361111111111111,0.218340611353712,0.131868131868132,0.0754716981132075,0.196078431372549,0.571428571428571,0.0833333333333333,0.142857142857143,0.168421052631579,0.143884892086331,0.0691823899371069,0.0657894736842105,0.227272727272727,0.317073170731707,0.7,0.7,3,
0.521739130434783,0.153846153846154,0.527777777777778,0.336244541484716,0.164835164835165,0.113207547169811,0.320261437908497,0.428571428571429,0.25,0.185714285714286,0.273684210526316,0.245803357314149,0.050314465408805,0.0394736842105263,0.0909090909090909,0.682926829268293,0.9,1,3,
0.717391304347826,0.846153846153846,0.777777777777778,0.40174672489083,0.142857142857143,0.188679245283019,0.712418300653595,0.114285714285714,0.666666666666667,0.785714285714286,0.5,0.639088729016787,0.660377358490566,0.171052631578947,0.409090909090909,0.317073170731707,0.333333333333333,0.5,3,
0.58695652173913,0.846153846153846,0.847222222222222,0.37117903930131,0.10989010989011,0.150943396226415,0.718954248366013,0.114285714285714,0.666666666666667,0.842857142857143,0.5,0.655875299760192,0.641509433962264,0.157894736842105,0.318181818181818,0.414634146341463,0.4,0.533333333333333,3,
0.347826086956522,0.115384615384615,0.444444444444444,0.161572052401747,0.0989010989010989,0.0943396226415094,0.169934640522876,0.628571428571429,0.0833333333333333,0.114285714285714,0.173684210526316,0.122302158273381,0.132075471698113,0.171052631578947,0.0454545454545455,0.024390243902439,0.366666666666667,0.366666666666667,3,
0.239130434782609,0.192307692307692,0.277777777777778,0.104803493449782,0.0989010989010989,0.0566037735849057,0.130718954248366,0.685714285714286,0.0833333333333333,0.171428571428571,0.0947368421052632,0.092326139088729,0.20125786163522,0.210526315789474,0.363636363636364,0.0975609756097561,0.3,0.233333333333333,3,
0.326086956521739,0.192307692307692,0.513888888888889,0.22707423580786,0.0989010989010989,0.0943396226415094,0.333333333333333,0.428571428571429,0.25,0.157142857142857,0.284210526315789,0.252997601918465,0.19496855345912,0.105263157894737,0.0454545454545455,0.219512195121951,0.533333333333333,0.566666666666667,3,
0.608695652173913,0.846153846153846,0.847222222222222,0.344978165938865,0.10989010989011,0.207547169811321,0.738562091503268,0.114285714285714,0.666666666666667,0.842857142857143,0.5,0.667865707434053,0.59748427672956,0.157894736842105,0.227272727272727,0.24390243902439,0.333333333333333,0.566666666666667,3,
0.673913043478261,0.846153846153846,0.902777777777778,0.489082969432314,0.230769230769231,0.169811320754717,0.607843137254902,0.171428571428571,0.5,0.728571428571429,0.478947368421053,0.526378896882494,0.672955974842767,0.157894736842105,0.409090909090909,0.439024390243902,0.433333333333333,0.5,3,
0.630434782608696,0.807692307692308,0.833333333333333,0.25764192139738,0.0659340659340659,0.150943396226415,0.660130718954248,0.142857142857143,0.583333333333333,0.785714285714286,0.468421052631579,0.581534772182254,0.578616352201258,0.223684210526316,0.545454545454545,0.658536585365854,0.366666666666667,0.466666666666667,3,
0.565217391304348,0.923076923076923,0.958333333333333,0.506550218340611,0.208791208791209,0.169811320754717,0.712418300653595,0.114285714285714,0.666666666666667,0.828571428571429,0.547368421052632,0.648681055155875,0.79874213836478,0.144736842105263,0.454545454545455,0.609756097560976,0.4,0.633333333333333,3,
0.347826086956522,0.115384615384615,0.402777777777778,0.165938864628821,0.10989010989011,0.0943396226415094,0.150326797385621,0.685714285714286,0.0833333333333333,0.114285714285714,0.126315789473684,0.0983213429256595,0.119496855345912,0.0921052631578947,0.136363636363636,0.878048780487805,0.566666666666667,0.733333333333333,3,
