84,18,4,
0.434782608695652,0.346153846153846,0.416666666666667,0.117903930131004,0.0989010989010989,0.0943396226415094,0.0980392156862745,0.771428571428571,0.0833333333333333,0.385714285714286,0.136842105263158,0.0671462829736211,0.270440251572327,0.197368421052632,0.227272727272727,0.0975609756097561,0.433333333333333,0.3,0,
0.456521739130435,0.538461538461538,0.625,1,1,0.886792452830189,0.281045751633987,0.485714285714286,0.166666666666667,0.528571428571429,1,0.203836930455636,0.490566037735849,1,0.545454545454545,0.219512195121951,0.4,0.5,0,
0.456521739130435,0.153846153846154,0.444444444444444,0.183406113537118,0.142857142857143,0.132075471698113,0.137254901960784,0.685714285714286,0.0833333333333333,0.242857142857143,0.163157894736842,0.0935251798561151,0.119496855345912,0.131578947368421,0.0909090909090909,0.170731707317073,0.533333333333333,0.466666666666667,0,
0.434782608695652,0.153846153846154,0.416666666666667,0.0960698689956332,0.0549450549450549,0.132075471698113,0.0980392156862745,0.771428571428571,0.0833333333333333,0.271428571428571,0.136842105263158,0.0647482014388489,0.0628930817610063,0.157894736842105,0.0909090909090909,0.317073170731707,0.5,0.3,0,
0.239130434782609,0.153846153846154,0.416666666666667,0.179039301310044,0.164835164835165,0.132075471698113,0.156862745098039,0.628571428571429,0.0833333333333333,0.228571428571429,0.152631578947368,0.115107913669065,0.19496855345912,0.118421052631579,0.5,0.219512195121951,0.6,0.7,0,
0.347826086956522,0.423076923076923,0.416666666666667,0.14410480349345,0.120879120879121,0.0754716981132075,0.156862745098039,0.657142857142857,0.0833333333333333,0.4,0.2,0.106714628297362,0.358490566037736,0.25,0.454545454545455,0.0731707317073171,0.333333333333333,0.2,0,
0.391304347826087,0.230769230769231,0.513888888888889,0.213973799126638,0.131868131868132,0.113207547169811,0.176470588235294,0.628571428571429,0.0833333333333333,0.3,0.152631578947368,0.12589928057554,0.0880503144654088,0.0394736842105263,0.363636363636364,0.414634146341463,0.833333333333333,0.933333333333333,0,
0.282608695652174,0.0769230769230769,0.0555555555555556,0.0262008733624454,0.0769230769230769,0,0.0457516339869281,0.885714285714286,0,0.0428571428571429,0.0473684210526316,0.0287769784172662,0.176100628930818,0.407894736842105,0.272727272727273,0.024390243902439,0.133333333333333,0.0666666666666667,0,
0.195652173913043,0.384615384615385,0.416666666666667,0.637554585152838,0.637362637362637,1,0.176470588235294,0.628571428571429,0.0833333333333333,0.385714285714286,0.531578947368421,0.12589928057554,0.39622641509434,0.526315789473684,0.181818181818182,0.219512195121951,0.466666666666667,0.6,0,
0.217391304347826,0.153846153846154,0.305555555555556,0.0393013100436681,0.0659340659340659,0.0754716981132075,0.065359477124183,0.828571428571429,0,0.157142857142857,0.068421052631579,0.0407673860911271,0.163522012578616,0.263157894736842,0,0.170731707317073,0.166666666666667,0.133333333333333,0,
0.260869565217391,0.461538461538462,0.458333333333333,0.275109170305677,0.241758241758242,0.113207547169811,0.202614379084967,0.571428571428571,0.0833333333333333,0.428571428571429,0.226315789473684,0.147482014388489,0.421383647798742,0.157894736842105,0.0909090909090909,0,0.466666666666667,0.6,0,
0.304347826086957,0.461538461538462,0.361111111111111,0.152838427947598,0.120879120879121,0.113207547169811,0.183006535947712,0.6,0.0833333333333333,0.428571428571429,0.2,0.13189448441247,0.415094339622642,0.184210526315789,0.136363636363636,0.292682926829268,0.4,0.5,0,
0.369565217391304,0.576923076923077,0.513888888888889,0.122270742358079,0.0989010989010989,0.150943396226415,0.294117647058824,0.514285714285714,0.25,0.657142857142857,0.205263157894737,0.203836930455636,0.490566037735849,0.25,0.0454545454545455,0.0731707317073171,0.2,0.333333333333333,0,
0.260869565217391,0.461538461538462,0.430555555555556,0.200873362445415,0.175824175824176,0.113207547169811,0.202614379084967,0.571428571428571,0.166666666666667,0.414285714285714,0.215789473684211,0.147482014388489,0.440251572327044,0.171052631578947,0.0909090909090909,0.0731707317073171,0.366666666666667,0.5,0,
0.369565217391304,0.576923076923077,0.638888888888889,0.882096069868996,0.868131868131868,0.886792452830189,0.26797385620915,0.514285714285714,0.166666666666667,0.542857142857143,0.747368421052632,0.194244604316547,0.572327044025157,0.776315789473684,0,0.365853658536585,0.3,0.433333333333333,0,
0.282608695652174,0.423076923076923,0.527777777777778,0.262008733624454,0.230769230769231,0.132075471698113,0.196078431372549,0.571428571428571,0.0833333333333333,0.414285714285714,0.2,0.145083932853717,0.389937106918239,0.144736842105263,0.0454545454545455,0.268292682926829,0.466666666666667,0.666666666666667,0,
0.347826086956522,0.269230769230769,0.513888888888889,0.240174672489083,0.197802197802198,0.132075471698113,0.209150326797386,0.571428571428571,0.166666666666667,0.328571428571429,0.2,0.155875299760192,0.213836477987421,0.144736842105263,0,0.121951219512195,0.466666666666667,0.633333333333333,0,
0.434782608695652,0.5,0.583333333333333,0.179039301310044,0.120879120879121,0.169811320754717,0.30718954248366,0.485714285714286,0.25,0.6,0.263157894736842,0.224220623501199,0.50314465408805,0.236842105263158,0.0909090909090909,0.0975609756097561,0.233333333333333,0.433333333333333,0,
0.347826086956522,0.538461538461538,0.597222222222222,0.951965065502183,0.945054945054945,0.867924528301887,0.300653594771242,0.485714285714286,0.25,0.642857142857143,0.521052631578947,0.215827338129496,0.421383647798742,0.5,0,0.341463414634146,0.266666666666667,0.433333333333333,0,
0.456521739130435,0.0769230769230769,0.361111111111111,0.187772925764192,0.164835164835165,0.132075471698113,0.124183006535948,0.685714285714286,0.0833333333333333,0.128571428571429,0.152631578947368,0.0887290167865707,0.0377358490566038,0.0921052631578947,0.363636363636364,0.170731707317073,0.666666666666667,0.666666666666667,0,
0.58695652173913,0.730769230769231,0.888888888888889,0.37117903930131,0.131868131868132,0.150943396226415,0.627450980392157,0.171428571428571,0.583333333333333,0.642857142857143,0.473684210526316,0.54916067146283,0.553459119496855,0.144736842105263,0.0454545454545455,0.536585365853659,0.366666666666667,0.566666666666667,1,
0.58695652173913,0.384615384615385,0.722222222222222,0.406113537117904,0.164835164835165,0.150943396226415,0.444444444444444,0.285714285714286,0.333333333333333,0.357142857142857,0.368421052631579,0.365707434052758,0.276729559748428,0.0657894736842105,0.272727272727273,0.219512195121951,0.633333333333333,0.8,1,
0.130434782608696,0.192307692307692,0.208333333333333,0.0698689956331878,0.0879120879120879,0.0566037735849057,0.196078431372549,0.628571428571429,0.166666666666667,0.142857142857143,0.121052631578947,0.133093525179856,0.226415094339623,0.289473684210526,0.181818181818182,0.0487804878048781,0.133333333333333,0.0666666666666667,1,
0.543478260869565,0.846153846153846,0.888888888888889,0.475982532751092,0.21978021978022,0.132075471698113,0.61437908496732,0.171428571428571,0.5,0.7,0.489473684210526,0.533573141486811,0.69811320754717,0.171052631578947,0.227272727272727,0.463414634146341,0.366666666666667,0.5,1,
0.869565217391304,0.769230769230769,0.736111111111111,0.406113537117904,0.164835164835165,0.169811320754717,0.679738562091503,0.142857142857143,0.583333333333333,0.671428571428571,0.478947368421053,0.60431654676259,0.547169811320755,0.171052631578947,0.272727272727273,0.609756097560976,0.4,0.6,1,
0.760869565217391,0.615384615384615,0.958333333333333,0.436681222707424,0.153846153846154,0.169811320754717,0.65359477124183,0.142857142857143,0.583333333333333,0.585714285714286,0.521052631578947,0.57673860911271,0.666666666666667,0.157894736842105,0.727272727272727,0.268292682926829,0.466666666666667,0.6,1,
0.608695652173913,0.884615384615385,0.847222222222222,0.554585152838428,0.274725274725275,0.150943396226415,0.686274509803922,0.142857142857143,0.583333333333333,0.757142857142857,0.536842105263158,0.616306954436451,0.672955974842767,0.171052631578947,0.0909090909090909,0.146341463414634,0.366666666666667,0.533333333333333,1,
0.717391304347826,0.769230769230769,0.805555555555556,0.314410480349345,0.0769230769230769,0.150943396226415,0.679738562091503,0.142857142857143,0.583333333333333,0.757142857142857,0.552631578947368,0.607913669064748,0.685534591194969,0.197368421052632,0.0454545454545455,0.219512195121951,0.366666666666667,0.533333333333333,1,
0.434782608695652,0.461538461538462,0.569444444444444,0.318777292576419,0.186813186813187,0.0943396226415094,0.313725490196078,0.428571428571429,0.25,0.414285714285714,0.263157894736842,0.238609112709832,0.49685534591195,0.144736842105263,0.5,0.268292682926829,0.533333333333333,0.6,1,
0.260869565217391,0.269230769230769,0.444444444444444,0.152838427947598,0.131868131868132,0.0566037735849057,0.130718954248366,0.685714285714286,0.0833333333333333,0.242857142857143,0.152631578947368,0.0911270983213429,0.257861635220126,0.118421052631579,0.136363636363636,0.219512195121951,0.5,0.466666666666667,1,
0.434782608695652,0.538461538461538,0.666666666666667,0.419213973799127,0.208791208791209,0.0943396226415094,0.398692810457516,0.342857142857143,0.333333333333333,0.471428571428571,0.352631578947368,0.321342925659472,0.60377358490566,0.0921052631578947,0,0.0731707317073171,0.633333333333333,0.7,1,
0.956521739130435,0.730769230769231,0.972222222222222,0.541484716157205,0.197802197802198,0.188679245283019,0.65359477124183,0.142857142857143,0.583333333333333,0.642857142857143,0.515789473684211,0.580335731414868,0.69811320754717,0.0921052631578947,0.954545454545455,0.609756097560976,0.6,0.8,1,
0.673913043478261,0.692307692307692,0.902777777777778,0.279475982532751,0.0769230769230769,0.150943396226415,0.627450980392157,0.171428571428571,0.583333333333333,0.628571428571429,0.473684210526316,0.547961630695444,0.70440251572327,0.171052631578947,0.409090909090909,0.48780487804878,0.366666666666667,0.533333333333333,1,
0.391304347826087,0.192307692307692,0.486111111111111,0.139737991266376,0.0659340659340659,0.0754716981132075,0.209150326797386,0.6,0.166666666666667,0.185714285714286,0.184210526315789,0.145083932853717,0.251572327044025,0.131578947368421,0.0454545454545455,0.170731707317073,0.333333333333333,0.333333333333333,1,
0.369565217391304,0.615384615384615,0.597222222222222,0.362445414847162,0.175824175824176,0.0943396226415094,0.418300653594771,0.314285714285714,0.333333333333333,0.514285714285714,0.394736842105263,0.339328537170264,0.710691823899371,0.144736842105263,0.0454545454545455,0.0487804878048781,0.433333333333333,0.466666666666667,1,
0.369565217391304,0.653846153846154,0.694444444444444,0.366812227074236,0.153846153846154,0.150943396226415,0.450980392156863,0.285714285714286,0.333333333333333,0.571428571428571,0.426315789473684,0.369304556354916,0.69811320754717,0.131578947368421,0.272727272727273,0.463414634146341,0.5,0.6,1,
0.760869565217391,0.730769230769231,0.958333333333333,0.34061135371179,0.0879120879120879,0.188679245283019,0.679738562091503,0.142857142857143,0.583333333333333,0.757142857142857,0.521052631578947,0.603117505995204,0.660377358490566,0.171052631578947,0.454545454545455,0.682926829268293,0.433333333333333,0.666666666666667,1,
0.41304347826087,0.5,0.597222222222222,0.218340611353712,0.0989010989010989,0.0754716981132075,0.313725490196078,0.428571428571429,0.25,0.428571428571429,0.289473684210526,0.237410071942446,0.471698113207547,0.157894736842105,0.454545454545455,0.121951219512195,0.333333333333333,0.333333333333333,1,
0.391304347826087,0.115384615384615,0.444444444444444,0.253275109170306,0.142857142857143,0.113207547169811,0.248366013071895,0.514285714285714,0.166666666666667,0.214285714285714,0.189473684210526,0.179856115107914,0.0754716981132075,0.0526315789473684,0.0909090909090909,0.536585365853659,0.666666666666667,0.8,1,
0.521739130434783,0.307692307692308,0.666666666666667,0.349344978165939,0.131868131868132,0.132075471698113,0.411764705882353,0.342857142857143,0.333333333333333,0.314285714285714,0.326315789473684,0.329736211031175,0.238993710691824,0.0526315789473684,0.0454545454545455,0.121951219512195,0.666666666666667,0.8,1,
0.565217391304348,0.769230769230769,0.902777777777778,0.502183406113537,0.208791208791209,0.169811320754717,0.601307189542484,0.171428571428571,0.5,0.671428571428571,0.478947368421053,0.526378896882494,0.723270440251572,0.118421052631579,0,0.146341463414634,0.5,0.666666666666667,1,
0.260869565217391,0.423076923076923,0.416666666666667,0.441048034934498,0.615384615384615,0.943396226415094,0.241830065359477,0.542857142857143,0.166666666666667,0.371428571428571,0.58421052631579,0.169064748201439,0.49685534591195,0.894736842105263,0.409090909090909,0.268292682926829,0.133333333333333,0.0666666666666667,2,
0.282608695652174,0.384615384615385,0.388888888888889,0.209606986899563,0.164835164835165,0.0943396226415094,0.248366013071895,0.514285714285714,0.166666666666667,0.342857142857143,0.257894736842105,0.183453237410072,0.345911949685535,0.210526315789474,0.181818181818182,0.219512195121951,0.4,0.366666666666667,2,
0.804347826086957,0.961538461538462,0.916666666666667,0.331877729257642,0.043956043956044,0.0754716981132075,0.973856209150327,0,0.916666666666667,0.757142857142857,0.778947368421053,0.976019184652278,0.930817610062893,0.315789473684211,0.409090909090909,0.317073170731707,0.166666666666667,0.0333333333333333,2,
0.282608695652174,0.461538461538462,0.430555555555556,0.2882096069869,0.252747252747253,0.0754716981132075,0.222222222222222,0.542857142857143,0.166666666666667,0.4,0.221052631578947,0.164268585131894,0.50314465408805,0.157894736842105,0.454545454545455,0.195121951219512,0.366666666666667,0.333333333333333,2,
0.260869565217391,0.346153846153846,0.361111111111111,0.0698689956331878,0.0659340659340659,0.0943396226415094,0.241830065359477,0.542857142857143,0.166666666666667,0.385714285714286,0.226315789473684,0.169064748201439,0.339622641509434,0.342105263157895,0.227272727272727,0.0975609756097561,0.133333333333333,0.0333333333333333,2,
0.239130434782609,0.346153846153846,0.5,0.22707423580786,0.186813186813187,0.0943396226415094,0.254901960784314,0.514285714285714,0.166666666666667,0.357142857142857,0.257894736842105,0.185851318944844,0.30188679245283,0.210526315789474,0,0.48780487804878,0.366666666666667,0.4,2,
0.58695652173913,0.692307692307692,0.680555555555556,0.414847161572052,0.197802197802198,0.0754716981132075,0.581699346405229,0.171428571428571,0.5,0.585714285714286,0.468421052631579,0.525179856115108,0.60377358490566,0.197368421052632,0.272727272727273,0.170731707317073,0.566666666666667,0.4,2,
0.304347826086957,0.346153846153846,0.416666666666667,0.152838427947598,0.131868131868132,0.0943396226415094,0.241830065359477,0.542857142857143,0.166666666666667,0.342857142857143,0.247368421052632,0.171462829736211,0.29559748427673,0.25,0.272727272727273,0.219512195121951,0.3,0.233333333333333,2,
0.5,0.115384615384615,0.472222222222222,0.344978165938865,0.252747252747253,0.0754716981132075,0.241830065359477,0.485714285714286,0.166666666666667,0.128571428571429,0.252631578947368,0.188249400479616,0.113207547169811,0.131578947368421,0,0.414634146341463,0.833333333333333,0.8,2,
0.434782608695652,0.153846153846154,0.458333333333333,0.305676855895197,0.230769230769231,0.0943396226415094,0.254901960784314,0.485714285714286,0.166666666666667,0.185714285714286,0.236842105263158,0.195443645083933,0.163522012578616,0.118421052631579,0.0454545454545455,0.536585365853659,0.666666666666667,0.8,2,
0.456521739130435,0.153846153846154,0.444444444444444,0.388646288209607,0.274725274725275,0.0754716981132075,0.300653594771242,0.428571428571429,0.166666666666667,0.214285714285714,0.284210526315789,0.241007194244604,0.113207547169811,0.144736842105263,0,0.341463414634146,0.8,0.766666666666667,2,
0.108695652173913,0.384615384615385,0.416666666666667,0.187772925764192,0.197802197802198,0.113207547169811,0.228758169934641,0.571428571428571,0.166666666666667,0.385714285714286,0.205263157894737,0.161870503597122,0.371069182389937,0.236842105263158,0.0454545454545455,0.292682926829268,0.166666666666667,0.166666666666667,2,
0.608695652173913,0.884615384615385,0.888888888888889,0.353711790393013,0.0659340659340659,0.0754716981132075,0.947712418300654,0,0.916666666666667,0.714285714285714,0.763157894736842,0.925659472422062,0.761006289308176,0.315789473684211,0.227272727272727,0.634146341463415,0.133333333333333,0.1,2,
0.304347826086957,0.423076923076923,0.416666666666667,0.327510917030568,0.307692307692308,0.0754716981132075,0.222222222222222,0.542857142857143,0.166666666666667,0.328571428571429,0.194736842105263,0.170263788968825,0.433962264150943,0.131578947368421,0.272727272727273,0.024390243902439,0.6,0.666666666666667,2,
0.543478260869565,0.730769230769231,0.638888888888889,0.449781659388646,0.241758241758242,0.0566037735849057,0.522875816993464,0.2,0.416666666666667,0.614285714285714,0.431578947368421,0.462829736211031,0.70440251572327,0.210526315789474,0.181818181818182,0.146341463414634,0.6,0.466666666666667,2,
0.260869565217391,0.384615384615385,0.361111111111111,0.11353711790393,0.10989010989011,0.0754716981132075,0.254901960784314,0.542857142857143,0.166666666666667,0.357142857142857,0.226315789473684,0.178657074340528,0.371069182389937,0.355263157894737,0.181818181818182,0.219512195121951,0.133333333333333,0.0666666666666667,2,
0.5,0.423076923076923,0.388888888888889,0.375545851528384,0.252747252747253,0.0943396226415094,0.281045751633987,0.428571428571429,0.166666666666667,0.385714285714286,0.257894736842105,0.225419664268585,0.358490566037736,0.105263157894737,0.227272727272727,0.170731707317073,0.866666666666667,0.833333333333333,2,
0.41304347826087,0.461538461538462,0.472222222222222,0.362445414847162,0.296703296703297,0.0943396226415094,0.294117647058824,0.428571428571429,0.166666666666667,0.357142857142857,0.257894736842105,0.229016786570743,0.465408805031447,0.144736842105263,0.363636363636364,0.146341463414634,0.633333333333333,0.666666666666667,2,
0.739130434782609,0.846153846153846,0.875,0.275109170305677,0.021978021978022,0.0943396226415094,0.915032679738562,0.0285714285714286,0.916666666666667,0.771428571428571,0.731578947368421,0.863309352517986,0.817610062893082,0.315789473684211,0.227272727272727,0.731707317073171,0.1,0.166666666666667,2,
0.456521739130435,0.384615384615385,0.388888888888889,0.2882096069869,0.21978021978022,0.0754716981132075,0.196078431372549,0.571428571428571,0.0833333333333333,0.342857142857143,0.178947368421053,0.151079136690647,0.427672955974843,0.0789473684210526,0.454545454545455,0.195121951219512,0.733333333333333,0.733333333333333,2,
0.565217391304348,0.692307692307692,0.722222222222222,0.432314410480349,0.197802197802198,0.0566037735849057,0.633986928104575,0.142857142857143,0.583333333333333,0.585714285714286,0.536842105263158,0.583932853717026,0.660377358490566,0.25,0.227272727272727,0.268292682926829,0.5,0.266666666666667,2,
0.521739130434783,0.538461538461538,0.666666666666667,0.344978165938865,0.142857142857143,0.0943396226415094,0.555555555555556,0.2,0.5,0.428571428571429,0.442105263157895,0.49400479616307,0.578616352201258,0.197368421052632,0.363636363636364,0,0.533333333333333,0.333333333333333,2,
0.826086956521739,0.807692307692308,0.875,0.292576419213974,0.032967032967033,0.169811320754717,0.712418300653595,0.114285714285714,0.666666666666667,0.771428571428571,0.510526315789474,0.651079136690647,0.578616352201258,0.131578947368421,0.681818181818182,0.146341463414634,0.466666666666667,0.566666666666667,3,
0.695652173913043,0.884615384615385,0.805555555555556,0.458515283842795,0.186813186813187,0.169811320754717,0.686274509803922,0.142857142857143,0.583333333333333,0.785714285714286,0.5,0.613908872901679,0.672955974842767,0.171052631578947,0.0909090909090909,0.463414634146341,0.4,0.6,3,
0.58695652173913,0.423076923076923,0.736111111111111,0.388646288209607,0.164835164835165,0.113207547169811,0.483660130718954,0.257142857142857,0.416666666666667,0.414285714285714,0.378947368421053,0.404076738609113,0.264150943396226,0.0921052631578947,0,0.0487804878048781,0.566666666666667,0.566666666666667,3,
0.456521739130435,0.153846153846154,0.472222222222222,0.283842794759825,0.131868131868132,0.0943396226415094,0.326797385620915,0.428571428571429,0.25,0.214285714285714,0.252631578947368,0.251798561151079,0.132075471698113,0.0526315789473684,0.272727272727273,0.146341463414634,0.733333333333333,0.766666666666667,3,
0.673913043478261,0.730769230769231,0.972222222222222,0.296943231441048,0.0659340659340659,0.150943396226415,0.699346405228758,0.114285714285714,0.666666666666667,0.685714285714286,0.552631578947368,0.63189448441247,0.685534591194969,0.197368421052632,0.454545454545455,0.682926829268293,0.4,0.566666666666667,3,
0.673913043478261,0.846153846153846,0.958333333333333,0.550218340611354,0.21978021978022,0.188679245283019,0.69281045751634,0.114285714285714,0.583333333333333,0.8,0.526315789473684,0.62589928057554,0.735849056603774,0.105263157894737,0.363636363636364,0.536585365853659,0.5,0.7,3,
0.717391304347826,0.769230769230769,0.805555555555556,0.384279475982533,0.120879120879121,0.169811320754717,0.686274509803922,0.142857142857143,0.583333333333333,0.685714285714286,0.515789473684211,0.61031175059952,0.515723270440252,0.157894736842105,0.5,0.585365853658537,0.4,0.566666666666667,3,
0.108695652173913,0.115384615384615,0.152777777777778,0.0524017467248908,0.0989010989010989,0.0377358490566038,0.0522875816993464,0.885714285714286,0,0.0857142857142857,0.0263157894736842,0.0299760191846523,0.163522012578616,0.328947368421053,0.0454545454545455,0.292682926829268,0.0333333333333333,0.1,3,
0.0869565217391304,0.192307692307692,0.319444444444444,0.135371179039301,0.131868131868132,0.0566037735849057,0.117647058823529,0.742857142857143,0.0833333333333333,0.171428571428571,0.0789473684210526,0.0755395683453237,0.188679245283019,0.263157894736842,0.590909090909091,0.51219512195122,0.233333333333333,0.2,3,
0.5,0.846153846153846,0.875,0.423580786026201,0.197802197802198,0.132075471698113,0.601307189542484,0.171428571428571,0.5,0.685714285714286,0.510526315789474,0.52757793764988,0.861635220125786,0.197368421052632,0.272727272727273,0.0487804878048781,0.333333333333333,0.433333333333333,3,
0.608695652173913,0.884615384615385,0.833333333333333,0.279475982532751,0.0879120879120879,0.169811320754717,0.666666666666667,0.142857142857143,0.583333333333333,0.814285714285714,0.468421052631579,0.595923261390887,0.723270440251572,0.197368421052632,0.0909090909090909,0.0731707317073171,0.3,0.366666666666667,3,
0.326086956521739,0.269230769230769,0.402777777777778,0.183406113537118,0.131868131868132,0.0943396226415094,0.117647058823529,0.714285714285714,0.0833333333333333,0.228571428571429,0.0894736842105263,0.0815347721822542,0.220125786163522,0.0657894736842105,0.0454545454545455,0.024390243902439,0.566666666666667,0.633333333333333,3,
0.630434782608696,0.807692307692308,0.805555555555556,0.318777292576419,0.0989010989010989,0.150943396226415,0.699346405228758,0.142857142857143,0.666666666666667,0.757142857142857,0.468421052631579,0.62589928057554,0.716981132075472,0.171052631578947,0.227272727272727,0.414634146341463,0.333333333333333,0.5,3,
0.521739130434783,0.5,0.847222222222222,0.462882096069869,0.208791208791209,0.113207547169811,0.522875816993464,0.257142857142857,0.416666666666667,0.471428571428571,0.410526315789474,0.434052757793765,0.377358490566038,0.0921052631578947,0.0454545454545455,0.780487804878049,0.5,0.633333333333333,3,
0.652173913043478,0.615384615384615,0.930555555555556,0.327510917030568,0.0769230769230769,0.188679245283019,0.627450980392157,0.171428571428571,0.583333333333333,0.585714285714286,0.442105263157895,0.551558752997602,0.465408805031447,0.0921052631578947,0.0454545454545455,0.292682926829268,0.5,0.633333333333333,3,
0.630434782608696,0.730769230769231,0.847222222222222,0.475982532751092,0.186813186813187,0.150943396226415,0.594771241830065,0.2,0.5,0.557142857142857,0.442105263157895,0.517985611510791,0.484276729559748,0.0789473684210526,0,0.463414634146341,0.566666666666667,0.733333333333333,3,
0.5,0.538461538461538,0.875,0.48471615720524,0.241758241758242,0.150943396226415,0.57516339869281,0.2,0.5,0.414285714285714,0.473684210526316,0.496402877697842,0.572327044025157,0.184210526315789,0.272727272727273,0.146341463414634,0.366666666666667,0.433333333333333,3,
0.521739130434783,0.5,0.75,0.458515283842795,0.21978021978022,0.150943396226415,0.542483660130719,0.228571428571429,0.416666666666667,0.414285714285714,0.494736842105263,0.466426858513189,0.534591194968553,0.144736842105263,0,0.341463414634146,0.4,0.533333333333333,3,
0.58695652173913,0.615384615384615,0.777777777777778,0.445414847161572,0.175824175824176,0.132075471698113,0.483660130718954,0.257142857142857,0.416666666666667,0.542857142857143,0.378947368421053,0.401678657074341,0.421383647798742,0.0394736842105263,0.136363636363636,0.121951219512195,0.7,0.8,3,
0.630434782608696,0.807692307692308,0.847222222222222,0.375545851528384,0.120879120879121,0.150943396226415,0.718954248366013,0.114285714285714,0.666666666666667,0.757142857142857,0.494736842105263,0.652278177458034,0.591194968553459,0.157894736842105,0.590909090909091,0.146341463414634,0.433333333333333,0.566666666666667,3,
0.260869565217391,0.153846153846154,0.555555555555556,0.235807860262009,0.131868131868132,0.113207547169811,0.26797385620915,0.514285714285714,0.166666666666667,0.114285714285714,0.257894736842105,0.196642685851319,0.169811320754717,0.131578947368421,0.272727272727273,0.51219512195122,0.5,0.533333333333333,3,
