12.077294685990339
12.077294685990339
12.882447665056361
12.882447665056361
13.204508856682779
12.72141706924316
12.23832528180354
13.043478260869563
12.882447665056361
12.72141706924316
11.916264090177137
12.882447665056361
12.399355877616742
13.043478260869563
12.23832528180354
13.687600644122384
12.399355877616742
12.560386473429958
13.36553945249598
12.882447665056361
12.560386473429958
12.399355877616742
13.36553945249598
13.043478260869563
12.399355877616742
13.36553945249598
13.687600644122384
12.72141706924316
12.882447665056361
11.59420289855072
12.560386473429958
12.23832528180354
12.399355877616742
12.23832528180354
13.526570048309182
12.72141706924316
12.72141706924316
12.399355877616742
13.043478260869563
12.077294685990339
12.560386473429958
13.526570048309182
12.560386473429958
12.560386473429958
13.043478260869563
12.399355877616742
12.399355877616742
12.72141706924316
13.204508856682779
12.882447665056361
