69,14,2,
0,0.42152578349357,0.0601860641731536,0,0,0,0,1,0,0,0,0.5,0.16,0,0,
0,0.413160194780872,0.000949307005885703,0,0.538461538461538,0.375,0.00173430454387791,0,0,0,1,0.5,0,2e-005,0,
1,0.508927456611312,0.00854376305297133,0,1,0.875,0.000693721817551162,1,0,0,1,0.5,0.088,0,0,
0,0.339243351229866,0.0632238465919878,0.5,0,0,0,0,0,0,0,0.5,0.17,1e-005,0,
0,0.292421026345361,0.0222137839377255,0,0,0,0.00867152271938952,0,0,0,0,0.5,0.06,0.00087,0,
1,0.49019852665751,0.00649325992025821,0,0.461538461538462,0.375,0.0114464099895942,0,0,0,0,0,0.2,0,0,
1,0.187414159071045,0.000265805961647997,0.5,0.692307692307692,0.375,6.93721817551162e-005,0,0,0,0,0.5,0.3,0,0,
1,0.334124110375827,0.00854376305297133,0.5,0.153846153846154,0.5,0.000346860908775581,0,0,0,1,0.5,0.32,0.04,0,
1,0.217505306530154,0.000379722802354281,0.5,0.615384615384615,0.875,0.0114464099895942,0,1,0.0149253731343284,0,0.5,0.06,1e-005,0,
1,0.209264577350481,0.0127207138788684,0,0.230769230769231,0.375,0.00201179327089837,0,0,0,0,0,0.1,0,0,
1,0.265451367211887,0.00284792101765711,0,0.846153846153846,0.75,0.00520291363163371,0,0,0,1,0.5,0.066,2e-005,0,
1,0.402796853539768,0.0822099867097019,0,0.230769230769231,0,0,0,0,0,0,0.5,0.06,0,0,
1,0.398551629416906,0.000151889120941713,0,0.923076923076923,0.375,0.00104058272632674,0,0,0,1,0.5,0.06,0,0,
1,0.27581470845299,0.00174672489082969,0.5,0.230769230769231,0.375,0.00867152271938952,0,0,0,1,0.5,0.14,0.00055,0,
0,0.481832937944812,0.000569584203531422,0.5,0,0,0,0,0,0,0,0.5,0.038,0,0,
0,0.694094144087901,0.0268843744066831,0.5,0.230769230769231,0.875,0.0468262226847034,1,1,0.0447761194029851,1,0.5,0.05,0.0005,0,
1,0.651392183793233,0.0522118853237137,0,0.538461538461538,0.875,0.0656260839403399,1,0,0,1,0.5,0.1,0.001,0,
1,0.294543638406792,0.0157584962977027,0,0.538461538461538,0.375,0.000277488727020465,0,1,0.0298507462686567,0,0.5,0.064,6e-005,0,
1,0.024847047072044,0.00436681222707424,0.5,0.153846153846154,0.375,0.000346860908775581,1,0,0,1,0.5,0.05,0.00068,0,
1,0.262329878886253,0,0.5,0.538461538461538,0.375,0.000346860908775581,0,0,0,1,0,0,0,0,
1,0.231114995629916,0.000189861401177141,0.5,0.769230769230769,0.375,0.0260145681581686,1,1,0.0298507462686567,0,0.5,0,0.00038,0,
1,0.332001498314396,7.59445604708563e-005,0.5,0.0769230769230769,0.375,0.00520291363163371,0,0,0,1,0.5,0.04,0,0,
0,0.39443126482707,0.000113916840706284,0,0.307692307692308,0.25,0,0,0,0,0,0.5,0.08,0.0002,0,
1,0.221750530653015,0.00778431744826277,0.5,0.384615384615385,0.375,0.000277488727020465,0,0,0,0,0.5,0.14,0.0075,0,
1,0.274815832188788,0.0222137839377255,0,0,0,0,0,0,0,0,0.5,0.05,0,0,
1,0.243600948932451,0.000379722802354281,0,0.230769230769231,0.875,0.057925771765522,1,0,0,1,0.5,0.07,0,0,
1,0.298664002996629,0.000341750522118853,0.5,0.384615384615385,0.375,0.00173430454387791,0,0,0,1,0.5,0,0,0,
1,0.418404295167936,0.0822099867097019,0.5,0.538461538461538,0.375,0.00104058272632674,0,0,0,0,1,0.06,0,0,
0,0.000874016731177425,0.0696791342320106,0.5,0.307692307692308,0.25,0,0,1,0.0149253731343284,0,0.5,0.1,0.00053,0,
1,0.0186040704207766,0.00474653502942852,0.5,0.538461538461538,0.375,0.0114464099895942,0,0,0,0,0.5,0.066,0,0,
1,0.631664377575228,0.0222137839377255,0.5,0,0,0,0,0,0,0,0.5,0.0725,0,0,
1,0.652515919590461,0.000569584203531422,0.5,0.0769230769230769,0.375,0.0260145681581686,0,0,0,1,0.5,0,0.0035,0,
1,0.000499438132101386,0.419403835200304,0.5,0.538461538461538,0.375,0.000138744363510232,0,0,0,1,0.5,0.068,0,0,
1,0.270570608065926,0.00584773115625593,0.5,0.230769230769231,0.375,0.00589663544918488,0,0,0,1,0.5,0.178,0,0,
1,0.645149207141965,0.000113916840706284,0,0,0,0.00104058272632674,0,0,0,0,0.5,0.09,4e-005,0,
0,0.338244474965664,0.00110119612682742,0.5,0.461538461538462,0.875,0.00867152271938952,0,1,0.0149253731343284,1,0.5,0.136,0.00108,0,
1,0.223748283181421,0.025631289158914,0,0.461538461538462,0.375,0.000277488727020465,0,0,0,0,0.5,0.07,0,0,
0,0.313272568360594,0.0051262578317828,0,0,0,0.000138744363510232,0,1,0.0149253731343284,1,0.5,0.1,1e-005,0,
1,0.271694343863154,0.00205050313271312,0,1,0.375,0.000277488727020465,1,1,0.0149253731343284,1,0.5,0.42,0.00059,1,
1,0.535897115744787,0.0142396050882856,0,0.538461538461538,0.375,0.0260145681581686,1,1,0.119402985074627,1,0.5,0.15,0.00162,1,
0,0.0260956424022974,0.0321245490791722,0,1,0.375,0.0170655567117586,0,0,0,0,0.5,0.082,0,1,
0,0.00249719066050693,3.79722802354281e-005,0.5,0.538461538461538,0.375,0.000138744363510232,1,1,0.164179104477612,0,0.5,0,0.00456,1,
1,0.412161318516669,0.0115435731915702,0,0.538461538461538,0.875,0.0141519250780437,1,1,0.0149253731343284,1,0.5,0.09,0.18027,1,
1,0.0722936696216756,0.0104423770647427,0.5,0.615384615384615,0.375,0.0121401318071453,1,1,0.0746268656716418,1,0.5,0.03,0.00058,1,
0,0.512048944936946,0.00246819821530283,0.5,0.769230769230769,0.375,0.000346860908775581,1,1,0.0447761194029851,1,0.5,0.0725,0,1,
1,0.371581970283431,0.0696791342320106,0.5,0.538461538461538,0.875,0.300728407908429,1,0,0,0,0.5,0.13,0.002,1,
0,0.0285928330628043,0.000189861401177141,0.5,0.769230769230769,0.875,0.00104058272632674,1,0,0,0,0.5,0.14,0.00824,1,
1,0.405918341865401,0.00208847541294855,0.5,0.769230769230769,0.875,0.00381546999653139,1,1,0.17910447761194,1,0.5,0.204,0.01,1,
1,0.296666250468223,0.000569584203531422,0.5,0.0769230769230769,0.875,0.130072840790843,1,1,0.0895522388059701,0,0.5,0.1,0.00327,1,
0,0.587963541016357,0.00284792101765711,0.5,0.769230769230769,0.875,0.019077349982657,1,1,0.0149253731343284,0,0.5,0.1665,0.00892,1,
0,0.237357972281184,0.325992025821151,0.5,0.923076923076923,0.875,0.00520291363163371,1,1,0.104477611940299,0,0.5,0.048,0,1,
1,0.363216381570733,0.0561610024681982,0.5,0.384615384615385,0.375,0.0349635796045786,1,1,0.0746268656716418,1,0.5,0.084,0,1,
1,0.640029966287926,0.000151889120941713,0.5,1,0.875,0.000277488727020465,1,0,0,0,0.5,0,0.03,1,
1,0.600449494318891,0.952534649705715,0.5,0.615384615384615,0.375,0.0121401318071453,1,1,0.0447761194029851,0,0.5,0.06,0.00014,1,
1,0.523411162442253,0.00394911714448453,0.5,0.615384615384615,0.375,0.000346860908775581,1,1,0.0895522388059701,1,0.5,0.25,0.1,1,
0,0.024847047072044,0.000227833681412569,0.5,0.384615384615385,0.375,0.00173430454387791,1,1,0.0447761194029851,0,0.5,0.04,0.00918,1,
1,0.311149956299163,0.00649325992025821,0.5,1,0.375,0.115504682622268,1,1,0.0149253731343284,1,0.5,0.1975,0.0002,1,
1,0.252965413909352,0.0696791342320106,0.5,0.538461538461538,0.375,0.0156087408949011,1,1,0.0149253731343284,0,0.5,0.05,0.0015,1,
1,0.389187164440005,0.00740459464590849,0.5,0.538461538461538,0.375,0.000485605272285813,1,1,0.238805970149254,0,0.5,0,0.05,1,
1,0.264327631414658,0.00284792101765711,0.5,0.384615384615385,0.375,0.0981616371834894,1,1,0.0149253731343284,0,0.5,0.04,0.098,1,
1,0.487077038331877,0.0617049553825707,0.5,0.538461538461538,0.375,0.00104058272632674,1,1,0.149253731343284,0,0.5,0.093,0.047,1,
0,0.290423273816956,0.00299981013859882,0,0.769230769230769,0.375,0.00104058272632674,1,1,0.0298507462686567,1,0.5,0.04,0.004,1,
0,0.40167311774254,0.00205050313271312,0.5,0.923076923076923,0.375,0.000277488727020465,1,0,0,0,0.5,0.22,0.11177,1,
1,0.956299163441129,0.0846402126447693,0.5,0.692307692307692,1,0.0884495317377731,1,1,0.0149253731343284,1,0.5,0,0.00109,1,
1,0.437133225121738,0.954053540915132,0.5,1,0.875,0.112729795352064,1,1,0.0149253731343284,1,0.5,0.2575,0.005,1,
1,0.00312148832563366,0.000151889120941713,0.5,0.692307692307692,0.375,0.000277488727020465,0,1,0.0149253731343284,0,0,0.28,0,1,
0,0.475589961293545,0.000227833681412569,0.5,0.230769230769231,0.375,6.93721817551162e-005,1,0,0,1,0.5,0,0,1,
1,0.45586215507554,0.167647617239415,0,0.230769230769231,0.375,0.00173430454387791,1,1,0.149253731343284,1,0.5,0.16,0,1,
0,0.243600948932451,0.000797417884943991,0.5,0.769230769230769,0.875,0.00201179327089837,1,1,0.164179104477612,0,0.5,0.04,0.00099,1,
