69,14,2,
0,0.313272568360594,0.0051262578317828,0,0,0,0.000138744363510232,0,1,0.0149253731343284,1,0.5,0.1,1e-005,0,
1,0.537020851542015,0.00854376305297133,0.5,0.153846153846154,0.5,0.00520291363163371,1,0,0,0,0.5,0.28,0,0,
1,0.304906979647896,0.00474653502942852,0.5,0.538461538461538,0.375,0.00173430454387791,0,0,0,0,0.5,0.055,0,0,
1,0.261206143089025,0.156635655971141,0,0.153846153846154,0.875,0.000277488727020465,0,0,0,0,0.5,0.07,0.001,0,
1,0.392308652765639,0.00284792101765711,0,0.384615384615385,0.375,0.00242802636142907,0,0,0,1,0.5,0.16,0,0,
1,0.449619178424273,0.00208847541294855,0.5,0.153846153846154,0.5,0.000346860908775581,0,0,0,0,0.5,0.105,0.00687,0,
1,0.392183793232613,0.0237326751471426,0.5,0.230769230769231,0.375,0.00173430454387791,0,0,0,0,0.5,0.19,0.0201,0,
1,0.27369209639156,0.0435162331498006,0.5,0.230769230769231,0.375,0.109954908081859,0,0,0,1,0.5,0.05,0.01212,0,
0,0.282057685104258,0.234099107651414,0.5,0.384615384615385,0.375,0.0114464099895942,0,0,0,0,0.5,0.11,0.01,0,
0,0.367336746160569,0.00664514904119992,0,0.230769230769231,0.375,0.00867152271938952,0,0,0,1,0.5,0.14,0,0,
1,0.022349856411537,0.363964306056579,0.5,0.384615384615385,0.375,0.00548040235865418,0,0,0,0,0.5,0.04,0.0035,0,
0,0.437133225121738,0.0142396050882856,0.5,0,0,0,0,1,0.0895522388059701,0,0.5,0,0.002,0,
1,0.356973404919466,0.0442377064742738,0.5,0.230769230769231,0.375,0.000346860908775581,1,0,0,0,0,0.14,0,0,
1,0.26857285553752,0.0442377064742738,0,0.230769230769231,0.375,0.00173430454387791,1,1,0.0149253731343284,0,0.5,0.09,0.0002,0,
1,0.392183793232613,0.0142396050882856,0.5,0.0769230769230769,0.375,0.0607006590357267,1,0,0,1,0,0.464,0,0,
1,0.40167311774254,0.000949307005885703,0.5,0.538461538461538,0.375,0.00867152271938952,0,0,0,1,0.5,0.14,0,0,
0,0.354850792858035,0.0142396050882856,0.5,0.538461538461538,0.375,0.00173430454387791,0,1,0.0149253731343284,1,0.5,0.02,0.00154,0,
1,0.402796853539768,0.000113916840706284,0.5,0.0769230769230769,0.375,0.0114464099895942,0,0,0,1,0.5,0.06,0,0,
1,0.000874016731177425,0.00284792101765711,0.5,0.461538461538462,0.375,0.000346860908775581,0,0,0,1,0,0.16,0,0,
1,0.00237233112748158,0.000949307005885703,0.5,0.153846153846154,0.375,6.93721817551162e-005,0,0,0,1,0.5,0.105,0,0,
1,0.00112373579722812,0.000455667362825138,0.5,0.230769230769231,0.375,0.0156087408949011,1,1,0.0298507462686567,1,0.5,0.06,5e-005,0,
0,0.343488575352728,0.000569584203531422,0.5,0.461538461538462,0.375,0.000138744363510232,1,0,0,0,0,0.184,0,0,
1,0.438132101385941,0.12018226694513,0.5,1,0.875,0.0260145681581686,1,0,0,1,0.5,0.34,0,0,
1,0.274815832188788,0.0222137839377255,0,0,0,0,0,0,0,0,0.5,0.05,0,0,
1,0.0285928330628043,0.506360356939434,0,0.384615384615385,0.375,0.000277488727020465,0,0,0,1,0.5,0.06,0.00475,0,
0,0.411037582719441,0.0617049553825707,0.5,0.0769230769230769,0.375,0.00374609781477627,0,0,0,1,0.5,0,0,0,
0,0.517168185790985,0.00394911714448453,0.5,0.384615384615385,0.375,0.0461325008671523,0,0,0,0,0.5,0.12,0.00237,0,
0,0.0186040704207766,0.00474653502942852,0.5,0.769230769230769,0.375,0.00173430454387791,0,1,0.0149253731343284,0,0.5,0.054,0.00098,0,
1,0.211262329878886,0.0124928801974559,0.5,0.153846153846154,0.375,0.0232396808879639,0,0,0,1,0.5,0.07,2e-005,0,
0,0.0285928330628043,0.091703056768559,0,0.538461538461538,0.375,0,0,0,0,0,0.5,0.06,0,0,
1,0.240479460606817,0.0275299031706854,0.5,0.461538461538462,0.375,0.000277488727020465,0,1,0.0149253731343284,0,0.5,0.05,1e-005,0,
1,0.59832688225746,0.0142396050882856,0.5,0.153846153846154,0.5,6.93721817551162e-005,0,0,0,0,0.5,0.05,2e-005,0,
1,0.288300661755525,0.47940003797228,0.5,0.538461538461538,0.375,0.00867152271938952,0,1,0.0298507462686567,0,0.5,0,0.05552,0,
0,0.304906979647896,0.00254414277577369,0.5,0.384615384615385,0.875,0.0121401318071453,1,0,0,0,0.5,0.2,0,0,
1,0.451616930952678,0.0143914942092273,0.5,0.615384615384615,0.375,0.0808185917447104,1,0,0,1,0.5,0.1,0,0,
1,0.024847047072044,0.0370229732295424,0.5,0.538461538461538,0.375,0.00173430454387791,1,0,0,0,0.5,0.07,0,0,
1,0.373579722811837,0.00394911714448453,0,0.153846153846154,0.5,0.000346860908775581,1,1,0.149253731343284,1,0.5,0.066,0.00028,0,
1,0.427768760144837,0.0506929941142966,0.5,0.153846153846154,0.5,0.00867152271938952,0,0,0,1,0.5,0.22,0.045,0,
1,0.370458234486203,0.00774634516802734,0,1,0.875,0.000277488727020465,0,0,0,0,0.5,0.064,1e-005,0,
0,0.252965413909352,0.0317068539965825,0.5,0.769230769230769,0.375,0.109954908081859,1,1,0.0149253731343284,0,0.5,0,0,1,
1,0.041078786365339,0.015340801215113,0,0.153846153846154,0.5,0.00589663544918488,1,1,0.104477611940299,1,0.5,0.0975,0,1,
1,0.696216756149332,0.00436681222707424,0.5,0,0,0.000346860908775581,1,1,0.0746268656716418,0,0.5,0,0.08851,1,
0,0.388188288175802,0.0142396050882856,0.5,0.923076923076923,0.875,0.0433576135969476,1,1,0.134328358208955,1,0.5,0.0905,0,1,
1,0.702459732800599,0.00106322384659199,0,0.538461538461538,0.375,0.0197710718002081,1,1,0.597014925373134,0,0.5,0,0.00015,1,
0,0.469346984642277,0.00208847541294855,0.5,0.769230769230769,0.375,0.00867152271938952,1,0,0,1,0.5,0.114,0,1,
1,0.487077038331877,0.0617049553825707,0.5,0.538461538461538,0.375,0.00104058272632674,1,1,0.149253731343284,0,0.5,0.093,0.047,1,
0,0.758646522662005,0.000189861401177141,0.5,0.384615384615385,0.375,0.000277488727020465,1,1,0.0597014925373134,0,0.5,0,0.00099,1,
1,0.485953302534649,0.000227833681412569,0.5,0.461538461538462,0.375,0.00894901144640999,1,1,0.0746268656716418,1,0.5,0.054,0.01097,1,
1,0.0448245723560994,0.0427188152648567,0,0.0769230769230769,0.375,0.00104058272632674,0,0,0,1,0.5,0.2155,0,1,
1,0.264327631414658,0.00284792101765711,0.5,0.384615384615385,0.375,0.0981616371834894,1,1,0.0149253731343284,0,0.5,0.04,0.098,1,
1,0.392183793232613,0.00398708942471995,0.5,1,0.375,0.00450919181408255,1,0,0,0,0.5,0,0,1,
1,0.287301785491322,0,0.5,0.538461538461538,0.375,0,0,0,0,0,1,0.092,0,1,
0,0.594206517667624,0.000303778241883425,0.5,0.538461538461538,0.375,0.54630593132154,1,1,0.0895522388059701,1,0.5,0,0.0126,1,
0,0.0360844050443251,0.00246819821530283,0.5,0.538461538461538,0.5,0.000277488727020465,1,1,0.104477611940299,1,0.5,0,0.03065,1,
0,0.277937320514421,0.2151129675337,0.5,0.769230769230769,0.375,0.179327089836975,1,1,0.104477611940299,0,0.5,0.0645,0.03257,1,
0,0.620177300536896,0.515853426998291,0.5,0.230769230769231,0.875,0.00589663544918488,1,0,0,1,0.5,0,0,1,
1,0.676364090398302,0.025631289158914,0.5,0.538461538461538,0.875,0.18210197710718,1,1,0.164179104477612,1,0.5,0,0.00284,1,
1,0.487077038331877,0.00649325992025821,0.5,1,0.375,0.00867152271938952,1,1,0.0746268656716418,1,0.5,0.24,0,1,
1,0.282057685104258,0.00041769508258971,0.5,0.769230769230769,0.375,0.00173430454387791,1,1,0.104477611940299,1,0.5,0.05,0.00809,1,
1,0.338244474965664,0.0632238465919878,0.5,0.923076923076923,0.875,0.352757544224766,1,1,0.134328358208955,0,0.5,0.1995,0.00827,1,
1,0.19990011237358,0.000151889120941713,0.5,0.538461538461538,0.375,0.000277488727020465,0,0,0,0,0.5,0,0,1,
0,0.727431639405669,0.000797417884943991,0.5,0.153846153846154,0.5,0.000693721817551162,1,1,0.194029850746269,0,0.5,0,0.067,1,
1,0.287301785491322,0,0.5,0.923076923076923,0.375,0.00589663544918488,1,0,0,0,0.5,0,0,1,
0,0.263328755150456,0.0886652743497247,0.5,0.153846153846154,0.5,0.000346860908775581,1,1,0.0597014925373134,0,0,0.04,0,1,
1,0.0398301910350855,0.00664514904119992,0.5,1,0.875,0.00312174817898023,1,1,0.0597014925373134,1,0.5,0.1265,0.00857,1,
1,0.331002622050194,0.016138219100057,0.5,0.923076923076923,0.375,0.0297606659729448,1,1,0.0149253731343284,1,0.5,0.06,0,1,
0,0.0348358097140717,0.00174672489082969,0.5,0.230769230769231,0.375,0.00374609781477627,1,1,0.0597014925373134,0,0.5,0.19,0.005,1,
1,0.456861031339743,0.00474653502942852,0,0.538461538461538,0.375,0.00104058272632674,0,0,0,1,0.5,0.116,0.00113,1,
0,0.237357972281184,0.325992025821151,0.5,0.923076923076923,0.875,0.00520291363163371,1,1,0.104477611940299,0,0.5,0.048,0,1,
