69,14,2,
1,0.292421026345361,0.00174672489082969,0,0.615384615384615,0.375,0.18210197710718,1,1,0.0895522388059701,1,0.5,0.104,0.00347,0,
1,0.252965413909352,0,0.5,0.538461538461538,0.375,0,0,0,0,0,1,0.092,0,0,
1,0.211262329878886,0.000949307005885703,0.5,0.769230769230769,0.375,0.0232396808879639,0,1,0.0597014925373134,0,0.5,0.08,8e-005,0,
1,0.537020851542015,0.000189861401177141,0.5,0.153846153846154,0.5,0.0156087408949011,0,0,0,1,0.5,0.0705,0,0,
1,0.240479460606817,0.000569584203531422,0,0.923076923076923,0.375,0.000138744363510232,1,0,0,1,0.5,0.05,0.0002,0,
1,0.333000374578599,0.00205050313271312,0.5,0.230769230769231,0,0,0,0,0,0,0.5,0.05,0,0,
1,0.345486327881134,3.79722802354281e-005,0,0.0769230769230769,0.875,0.000208116545265349,0,0,0,0,0.5,0.088,0.00537,0,
1,0.0260956424022974,0.00474653502942852,0,0.230769230769231,0.375,0.00867152271938952,0,0,0,0,0.5,0.1,0.0007,0,
1,0.532775627419153,0.00474653502942852,0.5,0.461538461538462,0.375,0.962539021852237,0,1,0.0149253731343284,1,0.5,0.176,0.00112,0,
1,0.334124110375827,0.00854376305297133,0.5,0.153846153846154,0.5,0.000346860908775581,0,0,0,1,0.5,0.32,0.04,0,
0,0.221750530653015,0.0387696981203721,0.5,0,0,0,0,0,0,0,0.5,0,0.0005,0,
1,0.370458234486203,0.00132902980823998,0.5,0.538461538461538,0.375,0.0114464099895942,0,0,0,0,0.5,0.108,0,0,
1,0.588962417280559,0.00246819821530283,0.5,0.538461538461538,0.375,6.93721817551162e-005,0,0,0,1,0.5,0,0.00228,0,
1,0.0273442377325509,0.0104423770647427,0.5,0,0,0.00312174817898023,0,0,0,0,0.5,0.08,0.00025,0,
0,0.0260956424022974,0.0157584962977027,0.5,0.153846153846154,0.375,0.0232396808879639,0,0,0,1,0,0.072,0,0,
1,0.338244474965664,0.0237326751471426,0.5,0.384615384615385,0.375,0.0315643426985779,1,0,0,1,0.5,0.1,0,0,
1,0.200898988637782,0,0,0.384615384615385,0.375,0.00173430454387791,0,0,0,0,0.5,0.03,0,0,
0,0.269571731801723,0.0446174292766281,0.5,0.538461538461538,0.375,0.00173430454387791,0,0,0,1,0.5,0.09,0,0,
0,0.242477213135223,0.0252515663565597,0.5,0.615384615384615,0.375,0.115504682622268,0,0,0,0,0.5,0.11,5e-005,0,
1,0.550505681108753,0.000189861401177141,0.5,0.461538461538462,0.375,0.0745750953867499,1,0,0,0,0,0.2,0,0,
0,0.314271444624797,0.0791722042908677,0.5,0.538461538461538,0.875,0.019077349982657,1,0,0,1,0.5,0.18,1e-005,0,
1,0.233112748158322,0.0134421872033416,0,0,0,0,0,0,0,1,0.5,0.09,1e-005,0,
1,0.000499438132101386,0.00474653502942852,0,0.230769230769231,0.375,0.00867152271938952,0,0,0,0,0.5,0.07,4e-005,0,
1,0.344487451616931,0.00489842415037023,0.5,0.230769230769231,0.875,0.00173430454387791,0,0,0,1,0,0.07,0,0,
0,0.21438381820452,0.00360736662236567,0.5,0.384615384615385,0.375,0.0121401318071453,0,1,0.149253731343284,1,0.5,0,0.0001,0,
1,0.286178049694094,0.000949307005885703,0.5,0,0,0.00589663544918488,0,0,0,1,0.5,0.05,0.04208,0,
0,0.392183793232613,0.00132902980823998,0.5,0.0769230769230769,0.375,0.000208116545265349,1,0,0,1,0.5,0.15,0,0,
1,0.368460481957797,0.00284792101765711,0,0.538461538461538,0.375,0.000277488727020465,0,0,0,0,0.5,0.12,0,0,
0,0.413160194780872,0.000949307005885703,0,0.538461538461538,0.375,0.00173430454387791,0,0,0,1,0.5,0,2e-005,0,
1,0.00212261206143089,0.000949307005885703,0,0.615384615384615,0.375,0.000485605272285813,0,0,0,1,0.5,0.14,0,0,
1,0.331002622050194,0.553825707233719,0.5,0.153846153846154,0.5,0,0,0,0,1,0.5,0.089,0,0,
1,0.187414159071045,0.000265805961647997,0.5,0.692307692307692,0.375,6.93721817551162e-005,0,0,0,0,0.5,0.3,0,0,
1,0.27581470845299,0.00174672489082969,0.5,0.230769230769231,0.375,0.00867152271938952,0,0,0,1,0.5,0.14,0.00055,0,
0,0.261206143089025,0.000189861401177141,0,0,0,0,0,0,0,0,0.5,0,0,0,
0,0.0260956424022974,0.00322764382001139,0.5,0.769230769230769,0.375,0.0121401318071453,1,1,0.149253731343284,0,0.5,0.04,0.0099,0,
0,0.0260956424022974,0.00041769508258971,0,0.769230769230769,0.375,0.000208116545265349,1,0,0,1,0.5,0.134,0,0,
1,0.36221750530653,0.00132902980823998,0.5,0.615384615384615,0.375,0.00242802636142907,1,1,0.0447761194029851,1,0.5,0.1645,0,0,
0,0.271694343863154,0.442946648946269,0.5,0.230769230769231,0.875,0.00589663544918488,0,0,0,0,0.5,0.16,5e-005,0,
1,0.400674241478337,0.00626542623884564,0,0.538461538461538,0.875,0.0225459590704128,1,1,0.0149253731343284,1,0.5,0.216,0.08,1,
0,0.00249719066050693,3.79722802354281e-005,0.5,0.538461538461538,0.375,0.000138744363510232,1,1,0.164179104477612,0,0.5,0,0.00456,1,
0,0.710700461980272,0.00740459464590849,0.5,0.538461538461538,0.375,0.00381546999653139,1,1,0.104477611940299,0,0.5,0,0.03,1,
1,0.743039081033837,0.00584773115625593,0.5,0.769230769230769,0.375,0.00867152271938952,1,0,0,1,0.5,0.13,0,1,
1,0.250842801847921,0.0378203911144864,0.5,0.692307692307692,0.125,0,1,0,0,0,0.5,0,0,1,
1,0.843925583718317,0.00208847541294855,0.5,0.692307692307692,1,0.000901838362816511,1,1,0.0149253731343284,1,0.5,0,0,1,
0,0.279935073042827,0.0408202012530852,0.5,0.769230769230769,0.375,0.0287894554283732,1,1,0.0746268656716418,1,0.5,0,0.0056,1,
0,0.580721688100887,0.00174672489082969,0.5,0.923076923076923,0.875,0.0287894554283732,1,1,0.164179104477612,1,0.5,0.22,6e-005,1,
0,0.307029591709327,0.00474653502942852,0.5,0.384615384615385,0.375,0.00104058272632674,1,1,0.17910447761194,1,0.5,0.06,0.00567,1,
1,0.599450618054688,0.00132902980823998,0.5,0.384615384615385,0.375,0.00242802636142907,1,0,0,0,0,0.115,0,1,
1,0.00199775252840554,0.00664514904119992,0,0.692307692307692,0.875,0.000277488727020465,1,0,0,1,0.5,0.1965,0,1,
0,0.551504557372955,0,0.5,0.538461538461538,0.375,0.00173430454387791,1,0,0,0,0.5,0,0,1,
1,0.289299538019728,0.441427757736852,0,0.615384615384615,0.375,0.057925771765522,1,0,0,1,0.5,0.08,0.003,1,
0,0.288300661755525,0.22308714638314,0.5,0.769230769230769,0.375,0.0219909816163718,1,1,0.149253731343284,0,0.5,0.06,0.00245,1,
1,0.296666250468223,0.000569584203531422,0.5,0.0769230769230769,0.875,0.130072840790843,1,1,0.0895522388059701,0,0.5,0.1,0.00327,1,
1,0.393432388562867,0.613821910005696,0.5,0.0769230769230769,0.375,0.000208116545265349,1,1,0.134328358208955,0,0.5,0.125,0.0073,1,
0,0.501560744162817,0.0286310992975128,0,0.769230769230769,0.875,0.00055497745404093,1,1,0.208955223880597,0,0.5,0,0.023,1,
1,0.271694343863154,0.00205050313271312,0,1,0.375,0.000277488727020465,1,1,0.0149253731343284,1,0.5,0.42,0.00059,1,
0,0.233112748158322,0.0362255553445984,0.5,0.384615384615385,0.375,0.00589663544918488,1,0,0,0,0.5,0.05,0,1,
1,0.606692470970159,0.00322764382001139,0.5,0.538461538461538,0.875,0.00867152271938952,1,1,0.134328358208955,0,0.5,0.0905,0.01655,1,
1,0.319515545011862,0.000189861401177141,0.5,0.538461538461538,0.375,0.010128338536247,1,1,0.0746268656716418,1,0.5,0.156,0,1,
0,0.312273692096392,0.109170305676856,0.5,1,0.875,0.0607006590357267,1,0,0,0,0.5,0.18,0,1,
1,0.600449494318891,0.952534649705715,0.5,0.615384615384615,0.375,0.0121401318071453,1,1,0.0447761194029851,0,0.5,0.06,0.00014,1,
0,0.257085778499188,0.0389215872413138,0.5,0.769230769230769,0.375,0.00492542490461325,1,1,0.0298507462686567,1,0.5,0.0245,0,1,
1,0.286178049694094,0.000949307005885703,0.5,0.538461538461538,0.375,0.0752688172043011,1,1,0.164179104477612,1,0.5,0.03,0.02184,1,
1,0.434011736796104,0.000189861401177141,0.5,1,0.875,0.00520291363163371,1,1,0.0895522388059701,1,0.5,0,0.01,1,
0,0.411037582719441,0.175621796088855,0.5,0.769230769230769,0.875,0.112729795352064,1,1,0.0298507462686567,0,0.5,0,0,1,
0,0.00112373579722812,0.0468198215302829,0.5,0.923076923076923,0.875,0.00242802636142907,1,1,0.0895522388059701,0,0.5,0.2,0.00458,1,
1,0.000624297665126732,0.0181887222327701,0,0.615384615384615,0.375,0.0156087408949011,1,1,0.0149253731343284,1,0.5,0.04,0.003,1,
1,0.350730428268198,0.0191380292386558,0,0.538461538461538,0.5,0.00104058272632674,1,1,0.119402985074627,1,0.5,0.072,7e-005,1,
1,0.344487451616931,0.0222137839377255,0,0.923076923076923,0.375,0.00173430454387791,1,1,0.0298507462686567,0,0.5,0.13,0.005,1,
