621,14,2,
1,0.225870895242852,0.00626542623884564,0.5,0.0769230769230769,0.375,0.00173430454387791,0,0,0,1,0,0.14,0,0,
1,0.0448245723560994,0.0317068539965825,0.5,0.692307692307692,0.375,0.000277488727020465,0,0,0,0,0.5,0.06,5e-005,0,
0,0.313272568360594,0.0051262578317828,0,0,0,0.000138744363510232,0,1,0.0149253731343284,1,0.5,0.1,1e-005,0,
1,0.431889124734674,0.000949307005885703,0.5,0.923076923076923,0.5,0.000346860908775581,0,0,0,0,0.5,0.174,0,0,
1,0.392183793232613,0.000189861401177141,0,0.384615384615385,0.375,0.00589663544918488,1,0,0,0,0.5,0,0,0,
1,0.292421026345361,0.00174672489082969,0,0.615384615384615,0.375,0.18210197710718,1,1,0.0895522388059701,1,0.5,0.104,0.00347,0,
1,0.495317767511549,0.000189861401177141,0.5,0.461538461538462,0.375,0.00173430454387791,1,0,0,0,0,0.144,0,0,
0,0.198776376576352,0.0127207138788684,0.5,0,0,0,0,1,0.0149253731343284,0,0.5,0.08,0.00126,0,
1,0.022349856411537,0.00110119612682742,0.5,0.230769230769231,0.375,0.00201179327089837,0,0,0,0,0.5,0.14,0.00364,0,
0,0.242477213135223,0.0252515663565597,0,0.538461538461538,0.375,6.93721817551162e-005,0,1,0.0149253731343284,0,0.5,1,2e-005,0,
0,0.338244474965664,0.00110119612682742,0.5,0.461538461538462,0.875,0.00867152271938952,0,1,0.0149253731343284,1,0.5,0.136,0.00108,0,
1,0.537020851542015,0.00854376305297133,0.5,0.153846153846154,0.5,0.00520291363163371,1,0,0,0,0.5,0.28,0,0,
1,0.324759645398926,0.0317068539965825,0.5,0.923076923076923,0.375,0.0808185917447104,0,0,0,0,0.5,0.05,0,0,
1,0.442252465975777,0.00284792101765711,0.5,0.230769230769231,0.375,0.00104058272632674,0,0,0,1,0.5,0.1155,0,0,
1,0.252965413909352,0,0.5,0.538461538461538,0.375,0,0,0,0,0,1,0.092,0,0,
1,0.409039830191035,0.000949307005885703,0.5,0.384615384615385,0.375,0.0121401318071453,0,1,0.0298507462686567,1,0.5,0.36,0,0,
1,0.0273442377325509,0.12018226694513,0,0.230769230769231,0.375,0.0287894554283732,0,1,0.0149253731343284,1,0.5,0.14,0.0008,0,
1,0.392183793232613,0.000151889120941713,0,0.153846153846154,0.375,0.00589663544918488,0,0,0,1,0.5,0.2055,0,0,
1,0.0018728929953802,0.0791722042908677,0.5,0.538461538461538,0.375,0.00589663544918488,0,0,0,0,0.5,0.15,0,0,
1,0.256086902234986,0.0157584962977027,0.5,0.538461538461538,0.375,0.00867152271938952,0,0,0,0,0.5,0,0.00044,0,
1,0.304906979647896,0.00474653502942852,0.5,0.538461538461538,0.375,0.00173430454387791,0,0,0,0,0.5,0.055,0,0,
0,0.0348358097140717,0.0411999240554395,0,1,0.375,6.93721817551162e-005,0,0,0,0,0.5,0.14,0.00013,0,
1,0.483955550006243,0.00664514904119992,0.5,0.230769230769231,0.375,0.000346860908775581,0,0,0,1,0.5,0.15,2e-005,0,
1,0.211262329878886,0.000949307005885703,0.5,0.769230769230769,0.375,0.0232396808879639,0,1,0.0597014925373134,0,0.5,0.08,8e-005,0,
1,0.223748283181421,0.025631289158914,0,0.461538461538462,0.375,0.000277488727020465,0,0,0,0,0.5,0.07,0,0,
1,0.365338993632164,0.00474653502942852,0.5,0.615384615384615,0.375,0.0121401318071453,0,0,0,0,0.5,0.1,0,0,
0,0.0273442377325509,0.000569584203531422,0.5,0.615384615384615,0.375,0.0607006590357267,0,0,0,1,0.5,0.08,0,0,
1,0.477712573354976,0.0267704575659768,0.5,0.538461538461538,0.375,0.0260145681581686,0,1,0.0298507462686567,0,0.5,0.1125,0.005,0,
0,0.354850792858035,0.0632238465919878,0.5,0.769230769230769,0.375,0.167533818938606,1,0,0,1,0.5,0.22,0,0,
1,0.261206143089025,0.156635655971141,0,0.153846153846154,0.875,0.000277488727020465,0,0,0,0,0.5,0.07,0.001,0,
0,0.694094144087901,0.0268843744066831,0.5,0.230769230769231,0.875,0.0468262226847034,1,1,0.0447761194029851,1,0.5,0.05,0.0005,0,
0,0.599450618054688,0.0506929941142966,0.5,0.153846153846154,0.75,0.0232396808879639,0,0,0,0,0.5,0,0.0012,0,
1,0.537020851542015,0.000189861401177141,0.5,0.153846153846154,0.5,0.0156087408949011,0,0,0,1,0.5,0.0705,0,0,
1,0.349731552003996,0.00474653502942852,0,0.230769230769231,0.375,0.00589663544918488,0,0,0,0,0.5,0.108,0.021,0,
1,0.386065676114371,0.000569584203531422,0,0.615384615384615,0.375,0.000277488727020465,0,0,0,0,0,0.08,0,0,
0,0.625421400923961,0.0317068539965825,0.5,0.384615384615385,0.375,0.000346860908775581,0,0,0,1,0.5,0.12,0.00117,0,
0,0.0285928330628043,0.00394911714448453,0,0,0,0.000346860908775581,1,1,0.0447761194029851,0,0.5,0.09,0.00147,0,
0,0.337245598701461,0.00474653502942852,0.5,0,0,0,0,1,0.0149253731343284,0,0.5,0.046,0.003,0,
1,0.392308652765639,0.00284792101765711,0,0.384615384615385,0.375,0.00242802636142907,0,0,0,1,0.5,0.16,0,0,
0,0.525533774503683,0.00664514904119992,0,0.538461538461538,0.375,0,0,0,0,1,0.5,0.075,1e-005,0,
1,0.340367087027095,0.00474653502942852,0.5,0.384615384615385,0.5,0.00173430454387791,0,0,0,1,0.5,0.36,0,0,
1,0.240479460606817,0.000569584203531422,0,0.923076923076923,0.375,0.000138744363510232,1,0,0,1,0.5,0.05,0.0002,0,
1,0.645149207141965,0.000113916840706284,0,0,0,0.00104058272632674,0,0,0,0,0.5,0.09,4e-005,0,
0,0.454738419278312,0.00110119612682742,0.5,0,0,0,0,1,0.149253731343284,0,0.5,0.1,0.00018,0,
1,0.367336746160569,0.0180368331118284,0.5,0.461538461538462,0.375,0.000138744363510232,0,1,0.0149253731343284,1,0.5,0.23,0.00068,0,
0,0.194656011986515,0.0142396050882856,0.5,0.538461538461538,0.375,6.93721817551162e-005,0,0,0,0,0.5,0.06,0.00018,0,
1,0.000499438132101386,0.000265805961647997,0.5,0.538461538461538,0.375,0.000346860908775581,0,0,0,0,0.5,0,0,0,
1,0.449619178424273,0.00208847541294855,0.5,0.153846153846154,0.5,0.000346860908775581,0,0,0,0,0.5,0.105,0.00687,0,
1,0.50468223248845,0.000569584203531422,0.5,0.153846153846154,0.5,0,0,0,0,0,0,0.15,0,0,
1,0.270570608065926,0.00584773115625593,0.5,0.230769230769231,0.375,0.00589663544918488,0,0,0,1,0.5,0.178,0,0,
1,0.333000374578599,0.00205050313271312,0.5,0.230769230769231,0,0,0,0,0,0,0.5,0.05,0,0,
1,0.294543638406792,0.0157584962977027,0,0.538461538461538,0.375,0.000277488727020465,0,1,0.0298507462686567,0,0.5,0.064,6e-005,0,
0,0.281058808840055,0.00284792101765711,0.5,0.538461538461538,0.375,0.000138744363510232,0,1,0.0298507462686567,1,0.5,0.1,0.00394,0,
1,0.000499438132101386,0.419403835200304,0.5,0.538461538461538,0.375,0.000138744363510232,0,0,0,1,0.5,0.068,0,0,
1,0.788737670121114,0.00205050313271312,0.5,0.538461538461538,0.375,0.040582726326743,1,1,0.0447761194029851,1,0.5,0.09,0,0,
1,0.224872018978649,0.00934118093791532,0.5,0.538461538461538,0.75,0.00665972944849116,0,1,0.0298507462686567,1,0.5,0.08,0.00587,0,
1,0.392183793232613,0.0237326751471426,0.5,0.230769230769231,0.375,0.00173430454387791,0,0,0,0,0.5,0.19,0.0201,0,
1,0.00224747159445624,0.193089044997152,0,0.153846153846154,0.5,0.0752688172043011,0,0,0,1,0.5,0.24,0,0,
1,0.449619178424273,0.00159483576988798,0,0.615384615384615,0.375,0.00201179327089837,0,0,0,1,0.5,0.1545,2e-005,0,
1,0.345486327881134,3.79722802354281e-005,0,0.0769230769230769,0.875,0.000208116545265349,0,0,0,0,0.5,0.088,0.00537,0,
1,0.492196279185916,0.000189861401177141,0.5,0,0,0,0,1,0.0298507462686567,0,0.5,0.0085,1e-005,0,
1,0.261206143089025,0.382950446174293,0,0.692307692307692,0.875,0.00867152271938952,0,0,0,0,0.5,0.13,0,0,
0,0.315395180422025,0.0427188152648567,0.5,0.769230769230769,0.375,0.00894901144640999,1,1,0.0298507462686567,0,0.5,0.1,0,0,
0,0.00412036458983643,0.000569584203531422,0.5,0.307692307692308,0.25,0,1,0,0,1,0.5,0.05,0.00027,0,
1,0.932326133100262,0.000721473324473135,0,0,0,0.000277488727020465,0,1,0.0298507462686567,0,0.5,0,0.00351,0,
1,0.27369209639156,0.0435162331498006,0.5,0.230769230769231,0.375,0.109954908081859,0,0,0,1,0.5,0.05,0.01212,0,
1,0.438132101385941,0.00626542623884564,0,0.538461538461538,0.375,0.000277488727020465,1,0,0,0,0.5,0.04,0,0,
1,0.262329878886253,0,0.5,0.538461538461538,0.375,0.000346860908775581,0,0,0,1,0,0,0,0,
1,0.0260956424022974,0.00474653502942852,0,0.230769230769231,0.375,0.00867152271938952,0,0,0,0,0.5,0.1,0.0007,0,
0,0.224872018978649,0.000379722802354281,0,0.769230769230769,0.875,0.0114464099895942,0,0,0,0,0.5,0.17,0,0,
1,0.318516668747659,0.00110119612682742,0,0.538461538461538,0.375,0.00104058272632674,0,0,0,1,0.5,0.08,0,0,
1,0.000749157198152079,0.00299981013859882,0.5,0.615384615384615,0.375,0.00201179327089837,0,1,0.0149253731343284,0,0.5,0.21,0.00283,0,
1,0.651392183793233,0.0522118853237137,0,0.538461538461538,0.875,0.0656260839403399,1,0,0,1,0.5,0.1,0.001,0,
0,0.464102884255213,0.000949307005885703,0.5,0.153846153846154,0.875,0.00145681581685744,0,0,0,0,0.5,0.13,0.00246,0,
0,0.282057685104258,0.234099107651414,0.5,0.384615384615385,0.375,0.0114464099895942,0,0,0,0,0.5,0.11,0.01,0,
1,0.324759645398926,0.00474653502942852,0,0.230769230769231,0.875,0.00867152271938952,0,0,0,1,0.5,0,0.00017,0,
1,0.000874016731177425,0.00284792101765711,0.5,0.461538461538462,0.375,0.000346860908775581,1,0,0,1,0,0.16,0,0,
1,0.532775627419153,0.00474653502942852,0.5,0.461538461538462,0.375,0.962539021852237,0,1,0.0149253731343284,1,0.5,0.176,0.00112,0,
0,0.646272942939193,0.00246819821530283,0.5,0.153846153846154,0.5,0.214013180714533,0,0,0,1,0.5,0.0365,0,0,
1,0.45586215507554,7.59445604708563e-005,0.5,0.153846153846154,0.375,0.00173430454387791,0,0,0,1,0.5,0.1105,0,0,
0,0.0285928330628043,0.00664514904119992,0,0.538461538461538,0.375,0.0114464099895942,0,0,0,0,0.5,0.066,0,0,
1,0.496441503308778,0.000189861401177141,0.5,0.153846153846154,0.5,0.00145681581685744,0,0,0,0,0.5,0.275,0,0,
0,0.349731552003996,0.0222137839377255,0.5,0.384615384615385,0.375,0.000277488727020465,0,0,0,0,0.5,0.13,0.01004,0,
0,0.367336746160569,0.00664514904119992,0,0.230769230769231,0.375,0.00867152271938952,0,0,0,1,0.5,0.14,0,0,
0,0.237357972281184,0.0222137839377255,0,0.384615384615385,0.375,0.040582726326743,1,0,0,1,0.5,0.08,0,0,
0,0.022349856411537,0.00626542623884564,0.5,0.769230769230769,0.375,0.000277488727020465,0,0,0,1,0.5,0.19,0,0,
1,0.334124110375827,0.00854376305297133,0.5,0.153846153846154,0.5,0.000346860908775581,0,0,0,1,0.5,0.32,0.04,0,
0,0.281058808840055,0.000265805961647997,0.5,0.538461538461538,0.375,0.0114464099895942,0,0,0,0,0.5,0.08,0,0,
0,0.252965413909352,0.00398708942471995,0,1,0.875,0,0,0,0,1,0.5,0.077,0.00032,0,
1,0.0435759770258459,0.016138219100057,0.5,0.769230769230769,0.375,0.00242802636142907,0,0,0,0,0.5,0.227,0.0005,0,
1,0.279935073042827,0.000569584203531422,0,0.384615384615385,0.375,0.00374609781477627,0,0,0,1,0.5,0.06,0.00067,0,
1,0.000374578599076039,0.00664514904119992,0,0.538461538461538,0.375,0.161984044398196,0,0,0,1,0.5,0.056,6e-005,0,
1,0.022349856411537,0.363964306056579,0.5,0.384615384615385,0.375,0.00548040235865418,0,0,0,0,0.5,0.04,0.0035,0,
1,0.517168185790985,0.00664514904119992,0.5,0.230769230769231,0.375,0.00145681581685744,1,0,0,0,0.5,0.08,0,0,
0,0.313272568360594,0.00474653502942852,0.5,0.0769230769230769,0.375,6.93721817551162e-005,0,0,0,1,0.5,0.09,0.01062,0,
0,0.221750530653015,0.0387696981203721,0.5,0,0,0,0,0,0,0,0.5,0,0.0005,0,
0,0.307029591709327,0.518891209417126,0.5,0.769230769230769,0.875,0.00104058272632674,0,0,0,0,0.5,0.14,1e-005,0,
1,0.290423273816956,3.79722802354281e-005,0.5,0.538461538461538,0.375,0.000346860908775581,0,0,0,1,0,0.14,0,0,
0,0.507803720814084,0.00132902980823998,0.5,0.153846153846154,0.5,0.000346860908775581,0,0,0,0,0,0.58,0,0,
0,0.481832937944812,0.000569584203531422,0.5,0,0,0,0,0,0,0,0.5,0.038,0,0,
1,0.256086902234986,0.0317068539965825,0,0.538461538461538,0.375,0.000138744363510232,0,0,0,1,0,0.12,0,0,
0,0.437133225121738,0.0142396050882856,0.5,0,0,0,0,1,0.0895522388059701,0,0.5,0,0.002,0,
1,0.286178049694094,0,0.5,0.230769230769231,0.375,6.93721817551162e-005,0,1,0.164179104477612,0,0,0,0,0,
1,0.215507554001748,0.00246819821530283,0.5,0.153846153846154,0.375,0.00867152271938952,0,0,0,0,0.5,0.03,0.001,0,
1,0.370458234486203,0.00132902980823998,0.5,0.538461538461538,0.375,0.0114464099895942,0,0,0,0,0.5,0.108,0,0,
0,0.294543638406792,0.0026960318967154,0.5,0.615384615384615,0.375,0.00173430454387791,0,1,0.0149253731343284,1,0.5,0.12,4e-005,0,
1,0.317392932950431,0.0127207138788684,0.5,0.230769230769231,0.875,0.00242802636142907,0,0,0,1,0.5,0.17,0,0,
0,0.0348358097140717,7.59445604708563e-005,0,0.692307692307692,0.875,0.000138744363510232,0,0,0,0,0.5,0.128,0.00017,0,
1,0.233112748158322,0.0157584962977027,0,0.538461538461538,0.375,0.0114464099895942,0,1,0.0149253731343284,0,0.5,0.1,1e-005,0,
1,0.423523536021975,0.000949307005885703,0.5,0.538461538461538,0.375,6.93721817551162e-005,0,0,0,0,0.5,0.23,0.00016,0,
1,0.356973404919466,0.0442377064742738,0.5,0.230769230769231,0.375,0.000346860908775581,1,0,0,0,0,0.14,0,0,
1,0.292421026345361,0.0317068539965825,0.5,0.153846153846154,0.875,0.00589663544918488,0,0,0,1,0.5,0.11,5e-005,0,
1,0.475589961293545,0.38446933738371,0,0.230769230769231,0.375,0.00867152271938952,0,0,0,0,0.5,0.08,0,0,
1,0.588962417280559,0.00246819821530283,0.5,0.538461538461538,0.375,6.93721817551162e-005,0,0,0,1,0.5,0,0.00228,0,
0,0.244599825196654,0.00284792101765711,0.5,0.538461538461538,0.375,0.0551508844953174,1,1,0.0746268656716418,1,0.5,0.07,5e-005,0,
1,0.201897864901985,0.155116764761724,0.5,0.153846153846154,0.875,0.0287894554283732,0,0,0,1,0.5,0.06,0,0,
1,0.429766512673243,0,0.5,0.538461538461538,0.375,0,0,0,0,0,1,0.092,0,0,
0,0.39443126482707,0.000113916840706284,0,0.307692307692308,0.25,0,0,0,0,0,0.5,0.08,0.0002,0,
1,1,0.00208847541294855,0.5,0.538461538461538,0.375,0.00374609781477627,1,0,0,0,0.5,0,0.0034,0,
1,0.26857285553752,0.0442377064742738,0,0.230769230769231,0.375,0.00173430454387791,1,1,0.0149253731343284,0,0.5,0.09,0.0002,0,
1,0.332001498314396,0.00170875261059427,0,0.538461538461538,0.5,0.00173430454387791,0,0,0,0,0.5,0.1,0.0121,0,
1,0.229991259832688,0.0390734763622556,0.5,0,0,0.0287894554283732,0,0,0,0,0.5,0.04,0,0,
1,0.0273442377325509,0.0104423770647427,0.5,0,0,0.00312174817898023,0,0,0,0,0.5,0.08,0.00025,0,
1,0.000499438132101386,0,0.5,0.0769230769230769,0.375,0.000346860908775581,0,0,0,0,0.5,0.072,0,0,
0,0.218629042327382,0,0,0.307692307692308,0,0,0,0,0,0,0.5,0.043,0,0,
1,0.231114995629916,0.000189861401177141,0.5,0.769230769230769,0.375,0.0260145681581686,1,1,0.0298507462686567,0,0.5,0,0.00038,0,
1,0.332001498314396,7.59445604708563e-005,0.5,0.0769230769230769,0.375,0.00520291363163371,0,0,0,1,0.5,0.04,0,0,
1,0.326757397927332,0.000493639643060566,0.5,0.692307692307692,0.125,0,0,0,0,1,0.5,0.07,0.0111,0,
1,0.392183793232613,0.0142396050882856,0.5,0.0769230769230769,0.375,0.0607006590357267,1,0,0,1,0,0.464,0,0,
0,0.400674241478337,0.000569584203531422,0.5,0.538461538461538,0.375,0.00173430454387791,0,0,0,1,0.5,0.186,0.00122,0,
1,0.294543638406792,0.000455667362825138,0.5,0.538461538461538,0.375,0.144640998959417,0,0,0,0,0,0.04,0,0,
0,0.0260956424022974,0.0157584962977027,0.5,0.153846153846154,0.375,0.0232396808879639,0,0,0,1,0,0.072,0,0,
1,0.356973404919466,0.000569584203531422,0,0.538461538461538,0.375,0.00104058272632674,1,0,0,1,0.5,0,0.00225,0,
0,0.196778624047946,0.109170305676856,0.5,0.769230769230769,0.375,0.00589663544918488,0,0,0,0,0.5,0.06,0,0,
1,0.512048944936946,0.0506929941142966,0.5,0.0769230769230769,0.375,0.0114464099895942,0,0,0,0,0.5,0.084,0,0,
1,0.227993507304283,0.395481298651984,0,0.384615384615385,0.375,0.00867152271938952,1,0,0,0,0.5,0.06,0.00375,0,
1,0.432888000998876,0.000151889120941713,0.5,0.0769230769230769,0.5,0.00867152271938952,1,0,0,1,0.5,0.092,0,0,
1,0.40167311774254,0.000949307005885703,0.5,0.538461538461538,0.375,0.00867152271938952,0,0,0,1,0.5,0.14,0,0,
0,0.27581470845299,0.00474653502942852,0,0,0,0.0225459590704128,0,0,0,0,0.5,0.14,0,0,
1,0.40167311774254,0.00284792101765711,0.5,0.692307692307692,0.5,0.109954908081859,1,0,0,1,0,0.21,0,0,
1,0.338244474965664,0.0237326751471426,0.5,0.384615384615385,0.375,0.0315643426985779,1,0,0,1,0.5,0.1,0,0,
1,0.312273692096392,0.000113916840706284,0.5,0.538461538461538,0.375,0.00867152271938952,0,1,0.0149253731343284,0,0.5,0,0.00022,0,
1,0,0.118663375735713,0.5,0.615384615384615,0.375,0.00589663544918488,0,1,0.0149253731343284,0,0.5,0,6e-005,0,
1,0.392183793232613,0.000189861401177141,0.5,0.538461538461538,0.5,0.057925771765522,1,0,0,1,0,0.16,0,0,
1,0.424647271819203,0.0104423770647427,0.5,0.153846153846154,0.5,0.00173430454387791,0,0,0,1,0.5,0.116,0.002,0,
1,0.0260956424022974,0.00436681222707424,0,0.461538461538462,0.375,0.00104058272632674,0,0,0,1,0.5,0,0.04,0,
0,0.354850792858035,0.0142396050882856,0.5,0.538461538461538,0.375,0.00173430454387791,0,1,0.0149253731343284,1,0.5,0.02,0.00154,0,
0,0.710700461980272,0.0127207138788684,0.5,0.153846153846154,0.5,6.93721817551162e-005,1,0,0,1,0.5,0.126,0.02197,0,
1,0.652515919590461,0.000569584203531422,0.5,0.0769230769230769,0.375,0.0260145681581686,0,0,0,1,0.5,0,0.0035,0,
1,0.200898988637782,0,0,0.384615384615385,0.375,0.00173430454387791,0,0,0,0,0.5,0.03,0,0,
1,0.274815832188788,0.00854376305297133,0.5,0.153846153846154,0.375,0.00867152271938952,0,0,0,0,0.5,0.08,0.0001,0,
1,0.423523536021975,0.00246819821530283,0.5,0.384615384615385,0.375,0.00867152271938952,1,0,0,1,0.5,0.2215,0,0,
0,0.292421026345361,0.00315169925954054,0.5,0.769230769230769,0.375,0.0287894554283732,0,1,0.0149253731343284,1,0.5,0.1,0.00011,0,
1,0.27369209639156,0.0886652743497247,0.5,0.230769230769231,0.375,0.00520291363163371,0,0,0,0,0.5,0.09,0,0,
1,0.354850792858035,0.137649515853427,0.5,0.384615384615385,0.375,0.00173430454387791,0,0,0,1,0.5,0.05,0,0,
1,0.402796853539768,0.000113916840706284,0.5,0.0769230769230769,0.375,0.0114464099895942,0,0,0,1,0.5,0.06,0,0,
1,0.380946435260332,0.000949307005885703,0.5,0.923076923076923,0.875,0.0156087408949011,0,0,0,1,0,0.17,0,0,
1,0.388188288175802,0.0427188152648567,0.5,0,0,0,0,1,0.0149253731343284,0,0.5,0.048,0.00019,0,
0,0.269571731801723,0.0446174292766281,0.5,0.538461538461538,0.375,0.00173430454387791,0,0,0,1,0.5,0.09,0,0,
1,0.00224747159445624,0.00208847541294855,0,0.538461538461538,0.375,0.00104058272632674,0,0,0,1,0.5,0.03,0,0,
1,0.257085778499188,0.193089044997152,0,0.307692307692308,0.375,0.00201179327089837,0,0,0,0,0.5,0.07,0.00184,0,
1,0.418404295167936,0.00474653502942852,0.5,0.615384615384615,0.375,0.0808185917447104,0,0,0,0,0.5,0.06,0,0,
1,0.00237233112748158,0.12815644579457,0.5,0.538461538461538,0.875,0.0575095386749913,0,0,0,1,0.5,0,0,0,
1,0.274815832188788,0.460413897854566,0.5,0.538461538461538,0.375,0.231356226153313,0,1,0.0298507462686567,1,0.5,0.09,0.00173,0,
1,0.000874016731177425,0.00284792101765711,0.5,0.461538461538462,0.375,0.000346860908775581,0,0,0,1,0,0.16,0,0,
0,0.707578973654639,0.016138219100057,0,0,0,0.000346860908775581,0,0,0,1,0.5,0,4e-005,0,
1,0.631664377575228,0.0222137839377255,0.5,0,0,0,0,0,0,0,0.5,0.0725,0,0,
0,0.242477213135223,0.0252515663565597,0.5,0.615384615384615,0.375,0.115504682622268,0,0,0,0,0.5,0.11,5e-005,0,
0,0.195654888250718,0.28953863679514,0.5,0.769230769230769,0.375,0.00867152271938952,0,1,0.0149253731343284,1,0.5,0,0.0016,0,
1,0.200898988637782,0.0317068539965825,0.5,0.461538461538462,0.375,0.00589663544918488,1,0,0,0,0,0.1,0,0,
1,0.229991259832688,0.0216821720144295,0.5,0.0769230769230769,0.375,0.00374609781477627,0,0,0,0,0.5,0.06,0,0,
0,0.000874016731177425,0.0696791342320106,0.5,0.307692307692308,0.25,0,0,1,0.0149253731343284,0,0.5,0.1,0.00053,0,
1,0.0186040704207766,0.00474653502942852,0.5,0.538461538461538,0.375,0.0114464099895942,0,0,0,0,0.5,0.066,0,0,
1,0.00237233112748158,0.000949307005885703,0.5,0.153846153846154,0.375,6.93721817551162e-005,0,0,0,1,0.5,0.105,0,0,
0,0.237357972281184,0.205619897474843,0.5,0.153846153846154,0.875,0.00201179327089837,0,0,0,0,0.5,0.04,0.00484,0,
1,0.406917218129604,0.0886652743497247,0.5,0.0769230769230769,0.875,0.0398890045091918,0,0,0,1,0.5,0.146,0,0,
1,0.550505681108753,0.000189861401177141,0.5,0.461538461538462,0.375,0.0745750953867499,1,0,0,0,0,0.2,0,0,
1,0.226869771507055,0.0045946459084868,0,0.692307692307692,0.125,0,0,0,0,0,0.5,0.05,0,0,
1,0.365338993632164,0.00474653502942852,0.5,0.538461538461538,0.875,0.00173430454387791,0,1,0.0298507462686567,1,0.5,0.2,0.00108,0,
0,0.419403171432139,0.00284792101765711,0.5,0.230769230769231,0.5,6.93721817551162e-005,1,1,0.0447761194029851,1,0.5,0.106,0,0,
1,0.290423273816956,0.0222137839377255,0.5,0.538461538461538,0.875,0.00589663544918488,1,0,0,0,0.5,0.09,0,0,
0,0.501560744162817,0.308524776912854,0,0.230769230769231,0.375,0.0114464099895942,0,1,0.0298507462686567,0,0.5,0.092,0.00018,0,
1,0.00112373579722812,0.000455667362825138,0.5,0.230769230769231,0.375,0.0156087408949011,1,1,0.0298507462686567,1,0.5,0.06,5e-005,0,
0,0.269571731801723,0.00664514904119992,0,0.307692307692308,0.25,0,0,0,0,0,0.5,0.08,0,0,
1,0.418404295167936,0.0822099867097019,0.5,0.538461538461538,0.375,0.00104058272632674,0,0,0,0,1,0.06,0,0,
0,0.314271444624797,0.0791722042908677,0.5,0.538461538461538,0.875,0.019077349982657,1,0,0,1,0.5,0.18,1e-005,0,
0,0.354850792858035,0.0134421872033416,0.5,0.153846153846154,0.5,0.000346860908775581,1,0,0,1,0.5,0.0855,0,0,
0,0.0847796229242103,0.000227833681412569,0.5,0,0,0,0,0,0,0,0,0,0,0,
0,0.209264577350481,0.000189861401177141,0.5,0.153846153846154,0.375,0.0114464099895942,0,1,0.0895522388059701,1,0.5,0.12,0.00035,0,
0,0,0.00626542623884564,0.5,0.384615384615385,0.375,6.93721817551162e-005,0,1,0.0298507462686567,1,0.5,0.16,1e-005,0,
1,0.508927456611312,0.0317068539965825,0.5,0,0,0,1,0,0,0,0.5,0.065,1e-005,0,
0,0.343488575352728,0.000569584203531422,0.5,0.461538461538462,0.375,0.000138744363510232,1,0,0,0,0,0.184,0,0,
0,0.0310900237233113,0.010290487943801,0,0.538461538461538,0.375,0.00589663544918488,0,0,0,0,0,0.04,0,0,
1,0.417280559370708,0.000949307005885703,0.5,0.153846153846154,0.5,0.000277488727020465,0,0,0,1,0,0.21,0,0,
1,0.233112748158322,0.0134421872033416,0,0,0,0,0,0,0,1,0.5,0.09,1e-005,0,
1,0.512048944936946,0.00474653502942852,0,0.615384615384615,0.375,0.00173430454387791,0,0,0,0,0.5,0,0.00195,0,
1,0.076039455612436,0.0484146573001709,0,0.538461538461538,0.875,0.000346860908775581,1,0,0,0,0.5,0.056,0,0,
1,0.243600948932451,0.000379722802354281,0,0.230769230769231,0.875,0.057925771765522,1,0,0,1,0.5,0.07,0,0,
1,0.221750530653015,0.00778431744826277,0.5,0.384615384615385,0.375,0.000277488727020465,0,0,0,0,0.5,0.14,0.0075,0,
1,0.242477213135223,0.0222137839377255,0.5,0,0,0,0,1,0.0447761194029851,0,0.5,0.175,0.00769,0,
1,0.438132101385941,0.12018226694513,0.5,1,0.875,0.0260145681581686,1,0,0,1,0.5,0.34,0,0,
1,0.359096016980896,0.0142396050882856,0.5,0.538461538461538,0.375,0.00201179327089837,0,0,0,0,0.5,0.11,0.0014,0,
1,0.531776751154951,0.155116764761724,0.5,0.384615384615385,0.375,0.000277488727020465,0,0,0,0,0.5,0.054,0.001,0,
1,0.000499438132101386,0.00474653502942852,0,0.230769230769231,0.375,0.00867152271938952,0,0,0,0,0.5,0.07,4e-005,0,
1,0.304906979647896,0.0051262578317828,0,0,0,0,0,0,0,0,0.5,0.092,0,0,
1,0.606692470970159,1,0,0,0,0,1,0,0,1,0.5,0,0,0,
1,0.388188288175802,0.107651414467439,0.5,0,0,0,0,1,0.0746268656716418,0,0.5,0.088,0.00146,0,
0,0.258084654763391,0.000189861401177141,0,0.692307692307692,0.125,6.93721817551162e-005,0,0,0,0,0.5,0.13,0,0,
1,0.729429391934074,0.010290487943801,0.5,0.538461538461538,0.375,0.167533818938606,0,0,0,1,0.5,0.16,0,0,
1,0.274815832188788,0.0222137839377255,0,0,0,0,0,0,0,0,0.5,0.05,0,0,
0,0.377824946934698,0.0522118853237137,0.5,0.615384615384615,0.875,0.000277488727020465,0,1,0.0447761194029851,0,0.5,0,0.00033,0,
1,0.256086902234986,0.00474653502942852,0,0.538461538461538,0.875,0.0953867499132848,1,1,0.0447761194029851,1,0.5,0.07,0.0021,0,
1,0.344487451616931,0.00489842415037023,0.5,0.230769230769231,0.875,0.00173430454387791,0,0,0,1,0,0.07,0,0,
1,0.298664002996629,0.000341750522118853,0.5,0.384615384615385,0.375,0.00173430454387791,0,0,0,1,0.5,0,0,0,
1,0.462105131726807,0.000151889120941713,0.5,0.538461538461538,0.5,0.000346860908775581,1,0,0,1,0,0.14,0,0,
0,0.369459358222,0.0252515663565597,0.5,0.615384615384615,0.375,0.00173430454387791,0,0,0,1,0.5,0.15,0,0,
1,0.325758521663129,0.00584773115625593,0.5,0.615384615384615,0.375,0.00867152271938952,0,0,0,0,0.5,0.05,0,0,
1,0.363216381570733,0.000493639643060566,0.5,0.0769230769230769,0.875,0.000346860908775581,0,0,0,0,0.5,0.114,0,0,
1,0.0285928330628043,0.506360356939434,0,0.384615384615385,0.375,0.000277488727020465,0,0,0,1,0.5,0.06,0.00475,0,
0,0.301785491322262,0.000949307005885703,0,0.153846153846154,0.5,0.00312174817898023,0,0,0,0,0.5,0.1,0.00456,0,
1,0.000749157198152079,0.297512815644579,0,0.153846153846154,0.5,0.0114464099895942,0,0,0,1,0.5,0.092,0,0,
0,0.21438381820452,0.00360736662236567,0.5,0.384615384615385,0.375,0.0121401318071453,0,1,0.149253731343284,1,0.5,0,0.0001,0,
1,0.000374578599076039,0,0,0,0,0,0,1,0.0597014925373134,0,0.5,0.0225,1e-005,0,
1,0.0473217630166063,0.0617049553825707,0.5,0.538461538461538,0.375,0.00104058272632674,0,0,0,0,0.5,0,0.00316,0,
1,0.298664002996629,0.0332257452059996,0.5,0.461538461538462,0.375,0.00589663544918488,0,1,0.0597014925373134,0,0.5,0.127,0.0195,0,
1,0.586964664752154,0.221568255173723,0.5,0.615384615384615,0.375,0.00381546999653139,0,0,0,0,0.5,0.2325,0.0015,0,
1,0.531776751154951,0.000113916840706284,0.5,0.153846153846154,0.5,6.93721817551162e-005,1,0,0,0,0.5,0,0.002,0,
0,0.411037582719441,0.0617049553825707,0.5,0.0769230769230769,0.375,0.00374609781477627,0,0,0,1,0.5,0,0,0,
1,0.561992758147084,0.000569584203531422,0.5,0.538461538461538,0.375,0.00173430454387791,1,0,0,1,0.5,0.07,0,0,
1,0.345486327881134,0.000151889120941713,0,0.153846153846154,0.875,0.0398890045091918,1,1,0.0298507462686567,1,0.5,0.0375,0,0,
1,0.286178049694094,0.000949307005885703,0.5,0,0,0.00589663544918488,0,0,0,1,0.5,0.05,0.04208,0,
1,0.218629042327382,0.0169356369850009,0.5,0.538461538461538,0.375,0.00173430454387791,0,0,0,0,0,0.04,0,0,
0,0.00362092645773505,0.174102904879438,0.5,0.230769230769231,0.875,6.93721817551162e-005,0,0,0,1,0,0.12,0,0,
1,0.370458234486203,0.00474653502942852,0,0.230769230769231,0.375,0.00173430454387791,0,0,0,0,0.5,0.112,0,0,
1,0.432888000998876,0.000949307005885703,0,0.615384615384615,0.375,0.000208116545265349,0,0,0,0,0,0.1,0,0,
1,0.508927456611312,0.00854376305297133,0,1,0.875,0.000693721817551162,1,0,0,1,0.5,0.088,0,0,
0,0.517168185790985,0.00394911714448453,0.5,0.384615384615385,0.375,0.0461325008671523,0,0,0,0,0.5,0.12,0.00237,0,
1,0.392183793232613,0.000113916840706284,0,0.153846153846154,0.5,0.000485605272285813,0,0,0,0,0.5,0,1e-005,0,
0,0.339243351229866,0.0632238465919878,0.5,0,0,0,0,0,0,0,0.5,0.17,1e-005,0,
0,0.392183793232613,0.00132902980823998,0.5,0.0769230769230769,0.375,0.000208116545265349,1,0,0,1,0.5,0.15,0,0,
0,0.221750530653015,0.00205050313271312,0.5,0.538461538461538,0.375,0.0121401318071453,0,1,0.0149253731343284,1,0.5,0.04,5e-005,0,
0,0.42152578349357,0.0601860641731536,0,0,0,0,1,0,0,0,0.5,0.16,0,0,
1,0.469346984642277,0.000265805961647997,0.5,0.769230769230769,0.875,0.00797780090183836,1,1,0.104477611940299,1,0.5,0.15,5e-005,0,
1,0.237357972281184,0.000151889120941713,0,0.153846153846154,0.375,6.93721817551162e-005,0,0,0,1,0.5,0.18,0.01,0,
1,0.211262329878886,0.00322764382001139,0,0.538461538461538,0.375,0.000277488727020465,0,0,0,0,0.5,0.07,0.00722,0,
0,0.0186040704207766,0.00474653502942852,0.5,0.769230769230769,0.375,0.00173430454387791,0,1,0.0149253731343284,0,0.5,0.054,0.00098,0,
1,0.315395180422025,0.00205050313271312,0.5,0.615384615384615,0.375,0.0114464099895942,0,1,0.0149253731343284,0,0.5,0.136,0.00444,0,
1,0.374703458609065,0.0411999240554395,0,0.538461538461538,0.375,0.000277488727020465,0,0,0,0,0.5,0.085,0.00179,0,
1,0.368460481957797,0.00284792101765711,0,0.538461538461538,0.375,0.000277488727020465,0,0,0,0,0.5,0.12,0,0,
0,0.479710325883381,0.000189861401177141,0.5,0.923076923076923,0.375,0.00936524453694069,1,0,0,1,0.5,0.49,0,0,
1,0.345486327881134,0.000569584203531422,0.5,0.615384615384615,0.375,0.0156087408949011,0,1,0.0149253731343284,1,0.5,0.05,3e-005,0,
0,0.225870895242852,0.000379722802354281,0.5,0.615384615384615,0.375,6.93721817551162e-005,0,1,0.0149253731343284,0,0.5,0.06,1e-005,0,
1,0.271694343863154,0.000189861401177141,0.5,0.538461538461538,0.375,0.00867152271938952,0,0,0,0,0.5,0.18,0,0,
1,0.27581470845299,0.000341750522118853,0.5,0.384615384615385,0.375,0.00589663544918488,0,0,0,0,0.5,0,0,0,
1,0.211262329878886,0.0124928801974559,0.5,0.153846153846154,0.375,0.0232396808879639,0,0,0,1,0.5,0.07,2e-005,0,
1,0.487077038331877,0.000949307005885703,0,0.153846153846154,0.875,0.000693721817551162,0,0,0,1,0,0.1,0,0,
0,0.3965538768885,0.118663375735713,0.5,0,0,0.0210891432535553,0,1,0.0298507462686567,1,0.5,0.1,4e-005,0,
0,0.413160194780872,0.000949307005885703,0,0.538461538461538,0.375,0.00173430454387791,0,0,0,1,0.5,0,2e-005,0,
0,0.432888000998876,0.00474653502942852,0,0.153846153846154,0.875,0.000346860908775581,0,0,0,1,0.5,0.08,0,0,
0,0.00112373579722812,0.00041769508258971,0,0.384615384615385,0.375,0.00312174817898023,1,0,0,0,0.5,0.06,0,0,
1,0.617055812211262,0.000721473324473135,0.5,0,0,0,1,1,0.0149253731343284,0,0.5,0.047,0,0,
0,0.3423648395555,0.000113916840706284,0.5,0.461538461538462,0.375,0.0193548387096774,0,1,0.0149253731343284,1,0.5,0.14,0.0001,0,
1,0.284180297165689,0.000645528764002278,0.5,0.461538461538462,0.375,0.00589663544918488,0,0,0,0,0,0,0,0,
0,0.0285928330628043,0.091703056768559,0,0.538461538461538,0.375,0,0,0,0,0,0.5,0.06,0,0,
0,0.281058808840055,0.00299981013859882,0.5,0.153846153846154,0.375,0.00589663544918488,0,0,0,0,0.5,0.072,0,0,
1,0.282057685104258,0.00436681222707424,0.5,0.153846153846154,0.375,0.0287894554283732,0,0,0,0,0.5,0,0,0,
1,0.00212261206143089,0.000949307005885703,0,0.615384615384615,0.375,0.000485605272285813,0,0,0,1,0.5,0.14,0,0,
0,0.292421026345361,0.0222137839377255,0,0,0,0.00867152271938952,0,0,0,0,0.5,0.06,0.00087,0,
1,0.430890248470471,0.00410100626542624,0.5,0.461538461538462,0.375,0.0808185917447104,0,0,0,0,0,0.014,0,0,
0,0.56399051067549,3.79722802354281e-005,0.5,0.769230769230769,0.375,0.00867152271938952,0,0,0,1,0.5,0.1315,0,0,
1,0.281058808840055,0.00284792101765711,0.5,0.153846153846154,0.375,0.109954908081859,0,1,0.0149253731343284,1,0.5,0.2,9e-005,0,
1,0.302909227119491,7.59445604708563e-005,0.5,0.692307692307692,0.125,0.0114464099895942,0,1,0.0298507462686567,0,0.5,0.16,0.013,0,
1,0.240479460606817,0.0275299031706854,0.5,0.461538461538462,0.375,0.000277488727020465,0,1,0.0149253731343284,0,0.5,0.05,1e-005,0,
1,0.395430141091272,0.000949307005885703,0.5,0.384615384615385,0.375,0.00520291363163371,1,0,0,1,0.5,0.2615,0,0,
1,0.419403171432139,0.0104423770647427,0.5,0.153846153846154,0.5,0,0,0,0,0,0.5,0.09,0,0,
1,0.331002622050194,0.553825707233719,0.5,0.153846153846154,0.5,0,0,0,0,1,0.5,0.089,0,0,
0,0.24872018978649,0.00474653502942852,0.5,0.538461538461538,0.375,0,0,0,0,0,0.5,0,0,0,
1,0.452740666749906,0.00284792101765711,0,0.0769230769230769,0.375,0.040582726326743,0,0,0,0,0.5,0.12,3e-005,0,
1,0.448495442627045,0.00964495917979875,0.5,0,0,0,0,0,0,0,0.5,0,0.01,0,
1,0.538019727806218,0.0957281184735143,0.5,0.769230769230769,0.875,0.00145681581685744,1,1,0.0149253731343284,0,0.5,0.38,0.0009,0,
0,0.257085778499188,0.0362255553445984,0.5,0.153846153846154,0.375,0.000277488727020465,0,0,0,0,0.5,0.1,0.01,0,
1,0.59832688225746,0.0142396050882856,0.5,0.153846153846154,0.5,6.93721817551162e-005,0,0,0,0,0.5,0.05,2e-005,0,
0,0.343488575352728,0.00774634516802734,0.5,0.615384615384615,0.375,0.00173430454387791,0,0,0,1,0.5,0.09,0.0005,0,
0,0.649394431264827,0,0,0,0,0,0,0,0,0,0.5,0,0,0,
1,0.187414159071045,0.000265805961647997,0.5,0.692307692307692,0.375,6.93721817551162e-005,0,0,0,0,0.5,0.3,0,0,
1,0.292421026345361,0.00679703816214164,0.5,0.538461538461538,0.375,0.00374609781477627,0,0,0,1,0.5,0.068,1e-005,0,
1,0.267449119740292,0.00299981013859882,0,0.923076923076923,0.375,0.0461325008671523,0,0,0,0,0.5,0.08,0,0,
1,0.400674241478337,0.000531611923295994,0,0,0,0,0,1,0.0298507462686567,0,0.5,0.08,1e-005,0,
1,0.239355724809589,0.414467438769698,0.5,0.538461538461538,0.5,0.040582726326743,0,1,0.0298507462686567,1,0.5,0.1,7e-005,0,
1,0.392183793232613,0.000151889120941713,0,0.0769230769230769,0.375,0.0294831772459244,0,0,0,1,0.5,0.23,0,0,
1,0.288300661755525,0.47940003797228,0.5,0.538461538461538,0.375,0.00867152271938952,0,1,0.0298507462686567,0,0.5,0,0.05552,0,
1,0.444375078037208,0.091703056768559,0.5,0.615384615384615,0.375,0.00867152271938952,0,1,0.0298507462686567,0,0.5,0.11,1e-005,0,
1,0.464102884255213,0.101196126827416,0.5,0.923076923076923,0.375,0.0114464099895942,0,0,0,1,0.5,0,0.00501,0,
1,0.27581470845299,0.00174672489082969,0.5,0.230769230769231,0.375,0.00867152271938952,0,0,0,1,0.5,0.14,0.00055,0,
1,0.304906979647896,0.00474653502942852,0.5,0.615384615384615,0.375,0.0607006590357267,1,0,0,1,0.5,0.13,0,0,
0,0.413160194780872,0.000113916840706284,0,0.384615384615385,0.375,0.000138744363510232,0,0,0,0,0.5,0.09,0,0,
0,0.00199775252840554,0.000227833681412569,0.5,0.0769230769230769,0.375,0.00867152271938952,0,0,0,0,0.5,0.136,0,0,
1,0.307029591709327,0.00205050313271312,0.5,0.461538461538462,0.375,6.93721817551162e-005,0,0,0,1,0.5,0.06,1e-005,0,
1,0.284180297165689,0.12018226694513,0,0.538461538461538,0.375,0.0114464099895942,0,0,0,0,0.5,0.08,0.01058,0,
0,0.304906979647896,0.00254414277577369,0.5,0.384615384615385,0.875,0.0121401318071453,1,0,0,0,0.5,0.2,0,0,
0,0.392183793232613,0.0427188152648567,0.5,0,0,0,0,0,0,0,0.5,0.092,0.052,0,
0,0.375702334873268,0.00208847541294855,0.5,0.230769230769231,0.375,0.00381546999653139,0,0,0,1,0,0.05,0,0,
0,0.261206143089025,0.000189861401177141,0,0,0,0,0,0,0,0,0.5,0,0,0,
1,0.402796853539768,0.0822099867097019,0,0.230769230769231,0,0,0,0,0,0,0.5,0.06,0,0,
0,0.392183793232613,0.000569584203531422,0.5,0,0,0,0,1,0.0298507462686567,1,0.5,0.1,0.00105,0,
1,0.262329878886253,0.000949307005885703,0,0.538461538461538,0.875,0.00173430454387791,0,0,0,0,0.5,0.14,0.00204,0,
0,0.30802846797353,0.00170875261059427,0.5,0.615384615384615,0.375,6.93721817551162e-005,0,0,0,1,0.5,0.18,6e-005,0,
1,0.398551629416906,0.000151889120941713,0,0.923076923076923,0.375,0.00104058272632674,0,0,0,1,0.5,0.06,0,0,
1,0.451616930952678,0.0143914942092273,0.5,0.615384615384615,0.375,0.0808185917447104,1,0,0,1,0.5,0.1,0,0,
1,0.682607067049569,0.00588570343649136,0.5,0.692307692307692,1,0,1,1,0.298507462686567,0,0.5,0.076,0.0013,0,
0,0.379822699463104,0.404974368710841,0.5,0.769230769230769,0.875,0.00589663544918488,0,1,0.17910447761194,1,0.5,0.0645,3e-005,0,
0,0.0260956424022974,0.00322764382001139,0.5,0.769230769230769,0.375,0.0121401318071453,1,1,0.149253731343284,0,0.5,0.04,0.0099,0,
0,0.284180297165689,0.00474653502942852,0.5,0.769230769230769,0.375,0.00173430454387791,0,0,0,1,0.5,0.06,0.00809,0,
1,0.390310900237233,0.00588570343649136,0.5,0.538461538461538,0.375,0.000346860908775581,1,0,0,0,0.5,0.06,0,0,
1,0.00149831439630416,0.000113916840706284,0.5,0.615384615384615,0.375,0.00520291363163371,0,0,0,1,0.5,0.15,0.00067,0,
0,0.71694343863154,7.59445604708563e-005,0.5,0,0,0.00450919181408255,0,1,0.0149253731343284,0,0.5,0,0.0001,0,
1,0.381945311524535,0.0601860641731536,0.5,0.0769230769230769,0.375,0.040582726326743,0,0,0,1,0,0,0,0,
1,0.024847047072044,0.0370229732295424,0.5,0.538461538461538,0.375,0.00173430454387791,1,0,0,0,0.5,0.07,0,0,
1,0.265451367211887,0.00284792101765711,0,0.846153846153846,0.75,0.00520291363163371,0,0,0,1,0.5,0.066,2e-005,0,
0,0.485953302534649,0.000151889120941713,0.5,0.538461538461538,0.375,0.000208116545265349,0,0,0,0,0.5,0.24,0,0,
0,0.0260956424022974,0.00041769508258971,0,0.769230769230769,0.375,0.000208116545265349,1,0,0,1,0.5,0.134,0,0,
1,0.24872018978649,0.000949307005885703,0.5,0.769230769230769,0.375,0.00867152271938952,0,0,0,0,0.5,0.1,0,0,
1,0.252965413909352,0.0411999240554395,0.5,0.769230769230769,0.375,0.00104058272632674,0,0,0,0,0.5,0.054,7e-005,0,
0,0.258084654763391,0.00322764382001139,0.5,0.538461538461538,0.375,0.0114464099895942,0,0,0,0,0.5,0,0.00351,0,
0,0.201897864901985,0.000797417884943991,0.5,0.384615384615385,0.375,0.00867152271938952,0,0,0,0,0.5,0.1,1e-005,0,
1,0.645149207141965,0.00774634516802734,0,0,0,0.00104058272632674,0,0,0,0,0.5,0.06,1e-005,0,
1,0.373579722811837,0.00394911714448453,0,0.153846153846154,0.5,0.000346860908775581,1,1,0.149253731343284,1,0.5,0.066,0.00028,0,
1,0.321638157073293,0.0332257452059996,0.5,0.230769230769231,0.375,0.0260145681581686,0,1,0.0298507462686567,1,0.5,0.087,3e-005,0,
1,0.320514421276064,0.48737421682172,0.5,0.923076923076923,0.375,0.000346860908775581,0,0,0,0,0.5,0,2e-005,0,
1,0.36221750530653,0.00132902980823998,0.5,0.615384615384615,0.375,0.00242802636142907,1,1,0.0447761194029851,1,0.5,0.1645,0,0,
1,0.209264577350481,0.0127207138788684,0,0.230769230769231,0.375,0.00201179327089837,0,0,0,0,0,0.1,0,0,
0,0.292421026345361,0.00436681222707424,0,0.230769230769231,0.875,0.000208116545265349,0,0,0,1,0.5,0.01,0.00016,0,
1,0.50468223248845,0.0124928801974559,0.5,0.461538461538462,0.375,0.00242802636142907,0,0,0,1,0,0.2,0,0,
1,0.781495817205644,0.000265805961647997,0.5,0.692307692307692,1,0,0,0,0,0,0.5,0,0.00012,0,
1,0.0348358097140717,0.00220239225365483,0.5,0.615384615384615,0.375,0.00201179327089837,0,1,0.0149253731343284,0,0.5,0.17,0.02803,0,
1,0.427768760144837,0.0506929941142966,0.5,0.153846153846154,0.5,0.00867152271938952,0,0,0,1,0.5,0.22,0.045,0,
1,0.217505306530154,0.000379722802354281,0.5,0.615384615384615,0.875,0.0114464099895942,0,1,0.0149253731343284,0,0.5,0.06,1e-005,0,
1,0.343488575352728,0.00284792101765711,0.5,0.769230769230769,0.875,0.0114464099895942,0,0,0,1,0.5,0.11,0.00251,0,
0,0.271694343863154,0.442946648946269,0.5,0.230769230769231,0.875,0.00589663544918488,0,0,0,0,0.5,0.16,5e-005,0,
0,0.0635535023099014,0.000265805961647997,0.5,0.384615384615385,0.875,0.000208116545265349,0,0,0,0,0.5,0,0,0,
1,0.000874016731177425,0.0237326751471426,0,0.384615384615385,0.375,0.00867152271938952,1,0,0,0,0.5,0.09,1e-005,0,
1,0.861655637407916,0.000341750522118853,0.5,0,0,0.000277488727020465,0,1,0.0149253731343284,0,0.5,0.035,6e-005,0,
1,0.296666250468223,0.0222137839377255,0,0.923076923076923,0.875,0.00867152271938952,0,0,0,0,0.5,0.12,1e-005,0,
1,0.262329878886253,0.0332257452059996,0,0.538461538461538,0.875,0.00173430454387791,0,0,0,0,0.5,0.14,0.00204,0,
1,0.370458234486203,0.00774634516802734,0,1,0.875,0.000277488727020465,0,0,0,0,0.5,0.064,1e-005,0,
1,0.437133225121738,0.000949307005885703,0.5,0.230769230769231,0.375,0.00312174817898023,1,1,0.104477611940299,0,0.5,0.075,0.0127,1,
1,0.412161318516669,0.0115435731915702,0,0.538461538461538,0.875,0.0141519250780437,1,1,0.0149253731343284,1,0.5,0.09,0.18027,1,
1,0.400674241478337,0.00626542623884564,0,0.538461538461538,0.875,0.0225459590704128,1,1,0.0149253731343284,1,0.5,0.216,0.08,1,
0,0.00174803346235485,0.0200873362445415,0.5,0.692307692307692,0.125,0.0156087408949011,1,1,0.0746268656716418,1,0.5,0.0495,0.005,1,
1,0.427768760144837,0.016138219100057,0.5,0.153846153846154,0.5,0.0225459590704128,1,1,0.0298507462686567,0,0.5,0.137,0.0061,1,
0,0.0260956424022974,0.0321245490791722,0,1,0.375,0.0170655567117586,0,0,0,0,0.5,0.082,0,1,
1,0.431889124734674,0.000569584203531422,0.5,0.846153846153846,0.75,0.37287547693375,1,1,0.134328358208955,1,0.5,0,0.00134,1,
1,0.521413409913847,0.00159483576988798,0.5,0.538461538461538,0.875,0.00145681581685744,1,1,0.0895522388059701,0,0.5,0.11,0.00948,1,
0,0.252965413909352,0.0317068539965825,0.5,0.769230769230769,0.375,0.109954908081859,1,1,0.0149253731343284,0,0.5,0,0,1,
1,0.0510675490073667,0.186633757357129,0,0.615384615384615,0.375,0.219562955254943,1,0,0,1,0.5,0.026,0.01442,1,
1,0.345486327881134,0.000569584203531422,0.5,0.615384615384615,0.375,0.000138744363510232,1,1,0.164179104477612,1,0.5,0.217,0.00035,1,
0,0.00249719066050693,3.79722802354281e-005,0.5,0.538461538461538,0.375,0.000138744363510232,1,1,0.164179104477612,0,0.5,0,0.00456,1,
1,0.0235984517417905,0.000379722802354281,0,0.538461538461538,0.375,0.00173430454387791,1,0,0,0,0,0.02,0,1,
1,0.286178049694094,0.00436681222707424,0.5,0.153846153846154,0.375,0.00242802636142907,1,1,0.134328358208955,0,0.5,0.028,0.00742,1,
1,0.424647271819203,0.0348205809758876,0.5,0.538461538461538,0.375,0.00312174817898023,1,1,0.17910447761194,1,0.5,0,0.00221,1,
0,0.277937320514421,0.0427188152648567,0,1,0.875,0.00520291363163371,1,1,0.0597014925373134,0,0.5,0,0.00321,1,
1,0.263328755150456,0.000569584203531422,0.5,0.615384615384615,0.375,0.00104058272632674,0,0,0,0,0.5,0.075,8e-005,1,
1,0.041078786365339,0.015340801215113,0,0.153846153846154,0.5,0.00589663544918488,1,1,0.104477611940299,1,0.5,0.0975,0,1,
0,0.348607816206767,0.000569584203531422,0,0.692307692307692,1,0,1,0,0,0,0.5,0,0.13212,1,
1,0.601448370583094,0.000455667362825138,0.5,0.461538461538462,0.375,0.00110995490808186,1,0,0,0,0,0.055,0,1,
0,0.710700461980272,0.00740459464590849,0.5,0.538461538461538,0.375,0.00381546999653139,1,1,0.104477611940299,0,0.5,0,0.03,1,
1,0.059807716319141,0.288019745585722,0.5,0.153846153846154,0.5,0.526187998612556,1,1,0.223880597014925,1,0.5,0,0.05,1,
0,0.23423648395555,0.035124359217771,0,0.538461538461538,0.375,6.93721817551162e-005,1,1,0.0597014925373134,1,0.5,0.04,0.005,1,
1,0.314271444624797,0.00220239225365483,0.5,0.538461538461538,0.375,0.00201179327089837,1,1,0.104477611940299,1,0.5,0.048,0.05124,1,
0,0.195654888250718,0.0222137839377255,0.5,0.538461538461538,0.875,0.00104058272632674,1,1,0.0298507462686567,0,0.5,0.05,0,1,
0,0.754401298539144,0.00626542623884564,0.5,0.769230769230769,0.375,0.000763093999306278,1,0,0,1,0.5,0.0105,0.10561,1,
1,0.696216756149332,0.00436681222707424,0.5,0,0,0.000346860908775581,1,1,0.0746268656716418,0,0.5,0,0.08851,1,
0,0.730553127731302,0.0169356369850009,0.5,0.769230769230769,0.875,0.0210891432535553,1,1,0.0895522388059701,0,0.5,0.0215,0.0056,1,
1,0.3423648395555,0.00774634516802734,0,0.384615384615385,0.375,0.000138744363510232,1,1,0.0447761194029851,1,0.5,0.185,0.0056,1,
1,0.743039081033837,0.00584773115625593,0.5,0.769230769230769,0.375,0.00867152271938952,1,0,0,1,0.5,0.13,0,1,
0,0.26857285553752,0.00436681222707424,0,0.307692307692308,0.25,0,1,1,0.164179104477612,1,0.5,0,0,1,
0,0.340367087027095,0.00550598063413708,0.5,1,0.875,0.214013180714533,1,1,0.0149253731343284,0,0.5,0.06,0.00011,1,
0,0.217505306530154,0.000341750522118853,0.5,0.384615384615385,0.375,0.0953867499132848,1,0,0,1,0.5,0,0,1,
1,0.371581970283431,0.0696791342320106,0.5,0.538461538461538,0.875,0.300728407908429,1,0,0,0,0.5,0.13,0.002,1,
1,0.281058808840055,0.00626542623884564,0.5,0.538461538461538,0.25,0.0156087408949011,0,0,0,1,0,0,0,1,
0,0.388188288175802,0.0142396050882856,0.5,0.923076923076923,0.875,0.0433576135969476,1,1,0.134328358208955,1,0.5,0.0905,0,1,
1,0.301785491322262,0.251566356559711,0,0.0769230769230769,0.375,0.00381546999653139,1,0,0,1,0,0.05,0,1,
1,0.00362092645773505,0.00322764382001139,0.5,0.923076923076923,0.875,0.000971210544571627,1,1,0.0149253731343284,1,0.5,0.044,0.02,1,
1,0.250842801847921,0.0378203911144864,0.5,0.692307692307692,0.125,0,1,0,0,0,0.5,0,0,1,
1,0.535897115744787,0.0142396050882856,0,0.538461538461538,0.375,0.0260145681581686,1,1,0.119402985074627,1,0.5,0.15,0.00162,1,
1,0.249843925583718,0.213594076324283,0.5,0.615384615384615,0.375,0.0118626430801249,1,0,0,0,0,0.06,0,1,
1,0.252965413909352,0.000265805961647997,0.5,0.538461538461538,0.375,0.112729795352064,1,1,0.0447761194029851,0,0.5,0.1,0.01391,1,
1,0.302909227119491,0.468388076704006,0.5,0.769230769230769,0.875,0.109954908081859,1,0,0,1,0.5,0.06,0,1,
0,0.319515545011862,0.000189861401177141,0.5,0.538461538461538,0.875,0.0607006590357267,1,0,0,1,0.5,0.2455,0,1,
1,0.702459732800599,0.00106322384659199,0,0.538461538461538,0.375,0.0197710718002081,1,1,0.597014925373134,0,0.5,0,0.00015,1,
0,0.251841678112124,0.000379722802354281,0.5,0.538461538461538,0.875,6.93721817551162e-005,1,1,0.0597014925373134,0,0.5,0.025,0.01465,1,
0,0.243600948932451,0.000797417884943991,0.5,0.769230769230769,0.875,0.00201179327089837,1,1,0.164179104477612,0,0.5,0.04,0.00099,1,
1,0.843925583718317,0.00208847541294855,0.5,0.692307692307692,1,0.000901838362816511,1,1,0.0149253731343284,1,0.5,0,0,1,
1,0.412161318516669,0.12018226694513,0,1,0.375,0.219562955254943,1,1,0.0447761194029851,1,0.5,0.19,0,1,
1,0.489074790860282,0.22308714638314,0.5,0.923076923076923,0.875,0.000693721817551162,1,1,0.208955223880597,1,0.5,0.1995,0,1,
1,0.604569858908728,0.00778431744826277,0,0.230769230769231,0.375,0.00173430454387791,1,1,0.164179104477612,0,0.5,0.19,0.02732,1,
0,0.257085778499188,0.39244351623315,0.5,0.923076923076923,0.875,0.0232396808879639,1,1,0.0149253731343284,1,0.5,0.04,0.0005,1,
1,0.423523536021975,0.000303778241883425,0,0.461538461538462,0.5,0.000277488727020465,1,1,0.0149253731343284,1,0.5,0.14,0.02,1,
0,0.469346984642277,0.00208847541294855,0.5,0.769230769230769,0.375,0.00867152271938952,1,0,0,1,0.5,0.114,0,1,
0,0.444375078037208,0.0347446364154167,0.5,0.384615384615385,0.375,0.00520291363163371,1,1,0.0597014925373134,0,0.5,0,0.01583,1,
1,0.27369209639156,0.00041769508258971,0.5,0.923076923076923,0.375,0.0461325008671523,1,0,0,0,0.5,0.05,0,1,
0,0.279935073042827,0.0408202012530852,0.5,0.769230769230769,0.375,0.0287894554283732,1,1,0.0746268656716418,1,0.5,0,0.0056,1,
0,0.233112748158322,0.00360736662236567,0.5,0.615384615384615,0.375,0.112729795352064,1,1,0.0895522388059701,1,0.5,0.02,0.006,1,
0,0.23423648395555,0.000341750522118853,0.5,0.384615384615385,0.375,0.00520291363163371,1,1,0.0298507462686567,0,0.5,0.044,0.00591,1,
1,0.281058808840055,0.00964495917979875,0,0.538461538461538,0.875,0.179327089836975,1,0,0,0,0.5,0,0,1,
0,0.62329878886253,0.0476172394152269,0.5,0.384615384615385,0.375,0.0158862296219216,1,1,0.0447761194029851,1,0.5,0.078,0,1,
1,0.281058808840055,0.0601860641731536,0,0.615384615384615,0.375,0.214013180714533,1,1,0.0895522388059701,0,0.5,0.04,0,1,
1,0.487077038331877,0.0617049553825707,0.5,0.538461538461538,0.375,0.00104058272632674,1,1,0.149253731343284,0,0.5,0.093,0.047,1,
1,0.45586215507554,0.167647617239415,0,0.230769230769231,0.375,0.00173430454387791,1,1,0.149253731343284,1,0.5,0.16,0,1,
0,0.00112373579722812,0.0332257452059996,0.5,1,0.875,0.00721470690253208,1,0,0,1,0.5,0.08,0.0586,1,
0,0.580721688100887,0.00174672489082969,0.5,0.923076923076923,0.875,0.0287894554283732,1,1,0.164179104477612,1,0.5,0.22,6e-005,1,
1,0.351729304532401,0.000189861401177141,0.5,0.615384615384615,0.375,0.000763093999306278,1,0,0,1,0.5,0.035,0,1,
1,0.00499438132101386,0.00474653502942852,0.5,0.230769230769231,0.875,0.00055497745404093,1,0,0,1,0.5,0.012,0.02028,1,
0,0.40167311774254,0.00205050313271312,0.5,0.923076923076923,0.375,0.000277488727020465,1,0,0,0,0.5,0.22,0.11177,1,
1,0.000249719066050693,0.00626542623884564,0.5,0.769230769230769,0.75,0.00145681581685744,0,0,0,0,0.5,0.1,0.0004,1,
1,0.288300661755525,0.000151889120941713,0.5,0.538461538461538,0.5,0.00173430454387791,1,0,0,1,0.5,0.08,0,1,
0,0.758646522662005,0.000189861401177141,0.5,0.384615384615385,0.375,0.000277488727020465,1,1,0.0597014925373134,0,0.5,0,0.00099,1,
1,0.00287176925958297,0.000189861401177141,0.5,0.923076923076923,0.375,0.00242802636142907,1,1,0.149253731343284,1,0.5,0,0,1,
1,0.524534898239481,0.0191380292386558,0.5,0.769230769230769,0.875,0.0884495317377731,1,0,0,1,0.5,0.046,0,1,
0,0.307029591709327,0.00474653502942852,0.5,0.384615384615385,0.375,0.00104058272632674,1,1,0.17910447761194,1,0.5,0.06,0.00567,1,
1,0.512048944936946,0.015340801215113,0.5,0.923076923076923,0.875,0.000485605272285813,1,1,0.119402985074627,0,0.5,0.16,0,1,
0,0.798102135098015,0.00626542623884564,0.5,0,0,0,1,1,0.0149253731343284,0,0.5,0.116,0.001,1,
1,0.350730428268198,0.0332257452059996,0.5,0.461538461538462,0.375,0.00665972944849116,1,1,0.0447761194029851,1,0.5,0.198,0,1,
1,0.671244849544263,0.365483197265996,0.5,0.692307692307692,0.375,0.601109954908082,1,1,0.0746268656716418,0,0.5,0,0,1,
1,0.318516668747659,0.00474653502942852,0.5,0.923076923076923,0.375,0.00839403399236906,1,1,1,1,0.5,0.07,0.00258,1,
1,0.485953302534649,0.000227833681412569,0.5,0.461538461538462,0.375,0.00894901144640999,1,1,0.0746268656716418,1,0.5,0.054,0.01097,1,
1,0.479710325883381,0.126637554585153,0.5,0.615384615384615,0.375,0.000277488727020465,1,1,0.208955223880597,0,0.5,0.1915,0.01344,1,
1,0.424647271819203,0.00584773115625593,0.5,0.923076923076923,0.375,0.0106833159902879,1,1,0.0149253731343284,1,0.5,0.26,0.5,1,
1,0.599450618054688,0.00132902980823998,0.5,0.384615384615385,0.375,0.00242802636142907,1,0,0,0,0,0.115,0,1,
1,0.0235984517417905,0.091703056768559,0.5,0.538461538461538,0.375,0.000138744363510232,1,1,0.164179104477612,1,0.5,0.1,0.03,1,
0,0.311149956299163,0.00964495917979875,0,0.384615384615385,0.375,0.00173430454387791,1,0,0,1,0.5,0.185,0,1,
1,0.0473217630166063,0.016138219100057,0.5,0.538461538461538,0.5,0.00450919181408255,1,1,0.238805970149254,0,0.5,0.0585,0.0121,1,
0,0.290423273816956,0.00299981013859882,0,0.769230769230769,0.375,0.00104058272632674,1,1,0.0298507462686567,1,0.5,0.04,0.004,1,
1,0.704457485329005,0.00702487184355421,0.5,0.0769230769230769,0.5,0.00104058272632674,1,1,0.253731343283582,1,0.5,0,0,1,
1,0.0448245723560994,0.0427188152648567,0,0.0769230769230769,0.375,0.00104058272632674,0,0,0,1,0.5,0.2155,0,1,
1,0.324759645398926,0.000949307005885703,0.5,0.153846153846154,0.5,0,1,0,0,1,0.5,0,0,1,
1,0.279935073042827,0.0381241693563699,0.5,1,0.375,0.000277488727020465,1,1,0.134328358208955,0,0.5,0.03,0.00396,1,
1,0.00199775252840554,0.00664514904119992,0,0.692307692307692,0.875,0.000277488727020465,1,0,0,1,0.5,0.1965,0,1,
0,0.507803720814084,0.000379722802354281,0.5,0.769230769230769,0.875,0.0121401318071453,1,0,0,0,0.5,0.0145,0.00837,1,
1,0.59832688225746,0.0229352572621986,0.5,0.230769230769231,0.375,0.000277488727020465,0,0,0,0,0.5,0,0.0269,1,
0,0.726307903608441,0.000379722802354281,0.5,0.769230769230769,0.375,0.000277488727020465,1,1,0.208955223880597,0,0.5,0,0.01602,1,
1,0.367336746160569,0.00170875261059427,0.5,0.615384615384615,0.375,0.00520291363163371,1,1,0.0298507462686567,1,0.5,0.165,0,1,
0,0.0273442377325509,0.000341750522118853,0.5,0.769230769230769,0.375,0.00589663544918488,1,1,0.0746268656716418,1,0.5,0.06,0,1,
1,0.264327631414658,0.00284792101765711,0.5,0.384615384615385,0.375,0.0981616371834894,1,1,0.0149253731343284,0,0.5,0.04,0.098,1,
1,0.465226620052441,0.00774634516802734,0.5,0.615384615384615,0.375,0.000277488727020465,1,0,0,1,0.5,0.2,0.058,1,
0,0.54950680484455,0.253085247769129,0.5,0.769230769230769,0.375,0.511619840443982,1,1,0.0447761194029851,1,0.5,0,0,1,
0,0.551504557372955,0,0.5,0.538461538461538,0.375,0.00173430454387791,1,0,0,0,0.5,0,0,1,
1,0.412161318516669,3.79722802354281e-005,0.5,1,0.375,0.00520291363163371,1,1,0.104477611940299,1,0.5,0.17,0.04071,1,
1,0.276813584717193,0.00041769508258971,0.5,0.615384615384615,0.375,0.000138744363510232,1,1,0.0149253731343284,0,0.5,0.04,0.00278,1,
0,0.233112748158322,0.167647617239415,0,0.538461538461538,0.875,0.000208116545265349,1,0,0,0,0.5,0.12,0,1,
1,0.338244474965664,0.0601860641731536,0.5,0.923076923076923,0.875,0.127297953520638,1,1,0.17910447761194,1,0.5,0.2915,0.00713,1,
0,0.323635909601698,0.329029808239985,0.5,0.384615384615385,0.375,0.0981616371834894,1,0,0,0,0.5,0.08,0.0015,1,
1,0.392183793232613,0.00398708942471995,0.5,1,0.375,0.00450919181408255,1,0,0,0,0.5,0,0,1,
1,0.389187164440005,0.00740459464590849,0.5,0.538461538461538,0.375,0.000485605272285813,1,1,0.238805970149254,0,0.5,0,0.05,1,
1,0.00337120739168436,0.00110119612682742,0,0.923076923076923,0.875,0.0121401318071453,1,1,0.119402985074627,0,0.5,0.05,0.00375,1,
1,0.289299538019728,0.441427757736852,0,0.615384615384615,0.375,0.057925771765522,1,0,0,1,0.5,0.08,0.003,1,
0,0.334124110375827,0.0051262578317828,0.5,0.769230769230769,0.875,0.000346860908775581,1,1,0.0298507462686567,0,0.5,0,0.05,1,
1,0.434011736796104,0.000949307005885703,0.5,0.615384615384615,0.375,0,1,0,0,1,0.5,0.1195,0.002,1,
1,0.299787738793857,0.0332257452059996,0.5,0.769230769230769,0.375,0.320846340617412,1,1,0.0298507462686567,1,0.5,0.26,0.02,1,
1,0.237357972281184,0.00360736662236567,0.5,0.615384615384615,0.375,0.00104058272632674,1,0,0,0,0.5,0.06,0.02206,1,
0,0.00374578599076039,0.000151889120941713,0.5,0.307692307692308,0.25,0,1,0,0,0,0.5,0.05,0.0096,1,
1,0.287301785491322,0,0.5,0.538461538461538,0.375,0,0,0,0,0,1,0.092,0,1,
1,0.00312148832563366,0.000151889120941713,0.5,0.692307692307692,0.375,0.000277488727020465,0,1,0.0149253731343284,0,0,0.28,0,1,
1,0.30802846797353,0.0104423770647427,0.5,0.538461538461538,0.375,0.0156087408949011,1,1,0.0895522388059701,0,0.5,0.092,0.006,1,
0,0.288300661755525,0.22308714638314,0.5,0.769230769230769,0.375,0.0219909816163718,1,1,0.149253731343284,0,0.5,0.06,0.00245,1,
1,0.169684105381446,0.000151889120941713,0,0.615384615384615,0.375,0.0121401318071453,1,1,0.0298507462686567,1,0.5,0.06,0.01,1,
1,0.464102884255213,0.00246819821530283,0.5,0.461538461538462,0.875,0.0294831772459244,1,1,0.17910447761194,1,0.5,0.0465,0,1,
0,0.000874016731177425,0.0446174292766281,0.5,1,0.875,0.000346860908775581,1,1,0.0298507462686567,1,0.5,0.15,0.00551,1,
1,0.492196279185916,0.528384279475983,0.5,0.615384615384615,0.375,0.598335067637877,1,1,0.0895522388059701,1,0.5,0.035,0,1,
1,0.286178049694094,0.00436681222707424,0.5,0.615384615384615,0.875,0.147415886229622,1,1,0.164179104477612,1,0.5,0.145,0.00284,1,
0,0.594206517667624,0.000303778241883425,0.5,0.538461538461538,0.375,0.54630593132154,1,1,0.0895522388059701,1,0.5,0,0.0126,1,
1,0.405918341865401,0.00208847541294855,0.5,0.769230769230769,0.875,0.00381546999653139,1,1,0.17910447761194,1,0.5,0.204,0.01,1,
1,0.374703458609065,0.000189861401177141,0.5,0.538461538461538,0.375,0.0121401318071453,1,1,0.164179104477612,0,0.5,0.016,0.0054,1,
1,0.296666250468223,0.000569584203531422,0.5,0.0769230769230769,0.875,0.130072840790843,1,1,0.0895522388059701,0,0.5,0.1,0.00327,1,
1,0.287301785491322,0.422441617619138,0.5,1,0.875,0.00319112036073535,1,1,0.0149253731343284,0,0.5,0.05,0,1,
0,0.0685478836309152,0.00060755648376685,0.5,0.307692307692308,0,0,1,1,0.223880597014925,0,0.5,0,0.00247,1,
1,0.604569858908728,0.00246819821530283,0.5,0.769230769230769,0.875,0.000416233090530697,1,0,0,1,0.5,0.175,0,1,
0,0.512048944936946,0.00246819821530283,0.5,0.769230769230769,0.375,0.000346860908775581,1,1,0.0447761194029851,1,0.5,0.0725,0,1,
0,0.355974528655263,0.00394911714448453,0.5,0.538461538461538,0.375,0.00173430454387791,1,1,0.0746268656716418,1,0.5,0.15,0.0143,1,
0,0.0360844050443251,0.00246819821530283,0.5,0.538461538461538,0.5,0.000277488727020465,1,1,0.104477611940299,1,0.5,0,0.03065,1,
0,0.0285928330628043,0.0484146573001709,0.5,0.538461538461538,0.5,0.0329517863336802,1,1,0.0298507462686567,0,0.5,0.0365,0.00444,1,
0,0.0285928330628043,0.000189861401177141,0.5,0.769230769230769,0.875,0.00104058272632674,1,0,0,0,0.5,0.14,0.00824,1,
1,0.393432388562867,0.613821910005696,0.5,0.0769230769230769,0.375,0.000208116545265349,1,1,0.134328358208955,0,0.5,0.125,0.0073,1,
0,0.0235984517417905,0.449401936586292,0.5,0.538461538461538,0.875,0.000416233090530697,1,0,0,0,0.5,0.17,0,1,
1,0.00137345486327881,0.00284792101765711,0.5,0.538461538461538,0.875,0.0294831772459244,1,1,0.0447761194029851,1,0.5,0.156,0.0015,1,
1,0.437133225121738,0.00170875261059427,0.5,1,0.875,0.0398890045091918,0,0,0,1,0,0.3555,0,1,
1,0.720064926957173,0.0267324852857414,0.5,0.461538461538462,0.375,0.000971210544571627,1,1,0.0895522388059701,1,0.5,0.18,0.01332,1,
1,0.00112373579722812,0.00474653502942852,0.5,0.384615384615385,0.375,0.000208116545265349,1,0,0,1,0,0.01,0,1,
0,0.277937320514421,0.2151129675337,0.5,0.769230769230769,0.375,0.179327089836975,1,1,0.104477611940299,0,0.5,0.0645,0.03257,1,
1,0.249843925583718,0.0310233529523448,0.5,0.384615384615385,0.375,0.0135969476240028,1,1,0.208955223880597,0,0.5,0.03,0.00158,1,
1,0.412161318516669,0.00394911714448453,0.5,0.846153846153846,0.875,0.00450919181408255,1,0,0,1,0.5,0.082,0.31285,1,
0,0.501560744162817,0.0286310992975128,0,0.769230769230769,0.875,0.00055497745404093,1,1,0.208955223880597,0,0.5,0,0.023,1,
1,0.480834061680609,0.000797417884943991,0.5,0.230769230769231,0.375,0.00589663544918488,1,0,0,1,0.5,0.14,0,1,
1,0.0498189536771132,0.00584773115625593,0.5,0.153846153846154,0.5,0.00242802636142907,0,0,0,0,0.5,0.108,0,1,
1,0.748158321887876,0.00550598063413708,0.5,0,0,0.00124869927159209,1,1,0.223880597014925,1,0.5,0,0.01,1,
1,0.00149831439630416,7.59445604708563e-005,0.5,0.230769230769231,0.875,0.288935137010059,1,1,0.0298507462686567,1,0.5,0.0905,0,1,
1,0.50468223248845,0.000189861401177141,0.5,0.538461538461538,0.375,0.000346860908775581,1,1,0.104477611940299,0,0.5,0,0.03065,1,
0,0.620177300536896,0.515853426998291,0.5,0.230769230769231,0.875,0.00589663544918488,1,0,0,1,0.5,0,0,1,
1,0.343488575352728,0.0522118853237137,0.5,0.615384615384615,0.375,0.0398890045091918,1,0,0,1,0.5,0.2435,0.005,1,
1,0.249843925583718,0.035124359217771,0.5,0.538461538461538,0.375,0.115504682622268,1,1,0.0447761194029851,1,0.5,0.02,0.00028,1,
1,0.271694343863154,0.00205050313271312,0,1,0.375,0.000277488727020465,1,1,0.0149253731343284,1,0.5,0.42,0.00059,1,
0,0.284180297165689,0.439908866527435,0.5,0.923076923076923,0.375,0.000277488727020465,1,0,0,0,0.5,0.04,0.01349,1,
1,0.0722936696216756,0.0104423770647427,0.5,0.615384615384615,0.375,0.0121401318071453,1,1,0.0746268656716418,1,0.5,0.03,0.00058,1,
1,0.331002622050194,0.010290487943801,0,0.923076923076923,0.375,0.036420395421436,1,1,0.0149253731343284,0,0.5,0.1055,0,1,
1,0.343488575352728,7.59445604708563e-005,0.5,1,0.875,6.93721817551162e-005,1,1,0.0597014925373134,0,0.5,0.07,0.07544,1,
1,0.237357972281184,0,0,0.461538461538462,0.5,0,0,0,0,1,0,0.25,1e-005,1,
1,0.676364090398302,0.025631289158914,0.5,0.538461538461538,0.875,0.18210197710718,1,1,0.164179104477612,1,0.5,0,0.00284,1,
1,0.0635535023099014,0.00246819821530283,0.5,0.230769230769231,0.375,0.0436351023239681,1,1,0.223880597014925,0,0.5,0,0.11202,1,
0,0.475589961293545,0.000227833681412569,0.5,0.230769230769231,0.375,6.93721817551162e-005,1,0,0,1,0.5,0,0,1,
0,0.233112748158322,0.0362255553445984,0.5,0.384615384615385,0.375,0.00589663544918488,1,0,0,0,0.5,0.05,0,1,
1,0.296666250468223,0.0252515663565597,0.5,0.538461538461538,0.375,0.0114464099895942,0,0,0,0,0.5,0.05,0,1,
1,0.264327631414658,0.00398708942471995,0.5,0.538461538461538,0.375,0.000208116545265349,1,0,0,1,0.5,0,0,1,
1,0.398551629416906,0.000151889120941713,0.5,0.461538461538462,0.375,0.00173430454387791,1,0,0,1,0.5,0.18,0,1,
1,0.392183793232613,0.000151889120941713,0.5,1,0.375,0.000346860908775581,1,1,0.0447761194029851,1,0.5,0.145,0.02279,1,
0,0.590086153077787,0.000303778241883425,0.5,0.692307692307692,0.5,0.00450919181408255,1,1,0.0895522388059701,0,0.5,0.1875,0.511,1,
1,0.487077038331877,0.00649325992025821,0.5,1,0.375,0.00867152271938952,1,1,0.0746268656716418,1,0.5,0.24,0,1,
1,0.798102135098015,0.000759445604708563,0.5,1,0.875,0.0121401318071453,1,1,0.134328358208955,1,0.5,0,0.01,1,
1,0.451616930952678,0.0806910955002848,0,0.615384615384615,0.375,0.00589663544918488,1,1,0.0149253731343284,0,0.5,0.025,0.01187,1,
1,0.606692470970159,0.00322764382001139,0.5,0.538461538461538,0.875,0.00867152271938952,1,1,0.134328358208955,0,0.5,0.0905,0.01655,1,
0,0.24872018978649,0.00474653502942852,0.5,0.769230769230769,0.375,6.93721817551162e-005,0,1,0.0149253731343284,0,0.5,0.12,0.00768,1,
0,0.855412660756649,0.000569584203531422,0.5,0.692307692307692,1,0,1,1,0.208955223880597,0,0.5,0,0.03376,1,
1,0.437133225121738,0.954053540915132,0.5,1,0.875,0.112729795352064,1,1,0.0149253731343284,1,0.5,0.2575,0.005,1,
0,0.352853040329629,0.00132902980823998,0.5,0.615384615384615,0.375,0.057925771765522,1,0,0,0,0,0.14,0,1,
1,0.00124859533025346,3.79722802354281e-005,0.5,0.769230769230769,0.375,0.0121401318071453,1,0,0,1,0.5,0.14,0,1,
1,0.282057685104258,0.00041769508258971,0.5,0.769230769230769,0.375,0.00173430454387791,1,1,0.104477611940299,1,0.5,0.05,0.00809,1,
0,0.258084654763391,0.000113916840706284,0.5,0.384615384615385,0.375,0.000277488727020465,1,0,0,0,0.5,0.05,0,1,
0,0.00312148832563366,0.00774634516802734,0,0.769230769230769,0.875,0.00867152271938952,1,1,0.343283582089552,1,0.5,0.2275,0.01236,1,
1,0.319515545011862,0.000189861401177141,0.5,0.538461538461538,0.375,0.010128338536247,1,1,0.0746268656716418,1,0.5,0.156,0,1,
1,0.355974528655263,0.354471235997722,0.5,0.769230769230769,0.875,0.392993409642733,1,1,0.0895522388059701,0,0.5,0.1905,0.00168,1,
1,0.956299163441129,0.0846402126447693,0.5,0.692307692307692,1,0.0884495317377731,1,1,0.0149253731343284,1,0.5,0,0.00109,1,
1,0.488075914596079,0.00360736662236567,0.5,0.461538461538462,0.375,0.00450919181408255,1,1,0.208955223880597,0,0.5,0.12,0.04607,1,
1,0.00137345486327881,0.000569584203531422,0,0.615384615384615,0.375,0.0260145681581686,1,0,0,1,0.5,0.13,0.01065,1,
1,0.288300661755525,3.79722802354281e-005,0.5,0.538461538461538,0.375,0.057925771765522,1,0,0,0,0,0.15,0,1,
1,0.338244474965664,0.0632238465919878,0.5,0.923076923076923,0.875,0.352757544224766,1,1,0.134328358208955,0,0.5,0.1995,0.00827,1,
1,0.000624297665126732,0.000113916840706284,0,0.0769230769230769,0.375,0.0752688172043011,1,1,0.119402985074627,1,0.5,0.08,1e-005,1,
1,0.27369209639156,0.00315169925954054,0.5,0.538461538461538,0.875,0.150190773499827,0,0,0,1,0.5,0.064,0,1,
0,0.312273692096392,0.109170305676856,0.5,1,0.875,0.0607006590357267,1,0,0,0,0.5,0.18,0,1,
1,0.350730428268198,0.194607936206569,0.5,1,0.375,0.0329517863336802,1,1,0.0298507462686567,0,0.5,0.21,7e-005,1,
1,0.252965413909352,0.0696791342320106,0.5,0.538461538461538,0.375,0.0156087408949011,1,1,0.0149253731343284,0,0.5,0.05,0.0015,1,
0,0.418404295167936,0.0142396050882856,0.5,0.923076923076923,0.375,0.0260145681581686,0,0,0,0,0.5,0.15,0.00044,1,
1,0.289299538019728,0.000569584203531422,0.5,0.538461538461538,0.875,0.0981616371834894,1,0,0,0,0.5,0.211,0.002,1,
1,0.382944187788738,0,0.5,0.615384615384615,0.375,0.00867152271938952,1,1,0.0149253731343284,0,0.5,0.101,0,1,
1,0.19990011237358,0.000151889120941713,0.5,0.538461538461538,0.375,0.000277488727020465,0,0,0,0,0.5,0,0,1,
0,0.00387064552378574,0.000493639643060566,0.5,0.153846153846154,0.5,0.358307318765175,1,1,0.134328358208955,1,0.5,0,0,1,
0,0.256086902234986,0.0696791342320106,0.5,0.769230769230769,0.375,0.144640998959417,1,1,0.0746268656716418,0,0.5,0.11,0.02503,1,
1,0.600449494318891,0.952534649705715,0.5,0.615384615384615,0.375,0.0121401318071453,1,1,0.0447761194029851,0,0.5,0.06,0.00014,1,
1,0.198776376576352,0.00284792101765711,0.5,0.538461538461538,0.375,0.0121401318071453,1,1,0.0746268656716418,1,0.5,0.176,0.0069,1,
1,0.368460481957797,0.0537307765331308,0.5,0.615384615384615,0.875,0.00520291363163371,1,1,0.0149253731343284,0,0.5,0.12,0.001,1,
1,0.467224372580847,0,0.5,0.538461538461538,0.375,0,0,0,0,0,1,0.092,0,1,
0,0.380946435260332,0.000455667362825138,0.5,0.538461538461538,0.375,0.000138744363510232,1,1,0.0149253731343284,0,0.5,0.11,0.00019,1,
1,0.474591085029342,0.38446933738371,0.5,1,0.375,0.00173430454387791,1,1,0.0895522388059701,0,0.5,0.26,0.00196,1,
0,0.727431639405669,0.000797417884943991,0.5,0.153846153846154,0.5,0.000693721817551162,1,1,0.194029850746269,0,0.5,0,0.067,1,
1,0.405918341865401,0.000341750522118853,0,0.615384615384615,0.875,0.036420395421436,1,0,0,1,0.5,0.077,0,1,
1,0.311149956299163,0.00649325992025821,0.5,1,0.375,0.115504682622268,1,1,0.0149253731343284,1,0.5,0.1975,0.0002,1,
0,0.257085778499188,0.0389215872413138,0.5,0.769230769230769,0.375,0.00492542490461325,1,1,0.0298507462686567,1,0.5,0.0245,0,1,
1,0.514046697465351,0,0.5,0.538461538461538,0.5,0.00104058272632674,1,0,0,0,0.5,0,0,1,
0,0.252965413909352,0.00284792101765711,0.5,0.230769230769231,0.375,0.00104058272632674,1,1,0.0149253731343284,0,0.5,0.08,0.00234,1,
0,0.223748283181421,0.0142396050882856,1,0.923076923076923,0,0.000693721817551162,0,0,0,1,0,0.15,0,1,
1,0.312273692096392,0.000227833681412569,0.5,0.538461538461538,0.375,6.93721817551162e-005,1,1,0.0447761194029851,0,0.5,0,0,1,
0,0.587963541016357,0.00284792101765711,0.5,0.769230769230769,0.875,0.019077349982657,1,1,0.0149253731343284,0,0.5,0.1665,0.00892,1,
1,0.287301785491322,0,0.5,0.923076923076923,0.375,0.00589663544918488,1,0,0,0,0.5,0,0,1,
1,0.00112373579722812,0.0427188152648567,0.5,0.538461538461538,0.375,0.00173430454387791,1,1,0.253731343283582,0,0.5,0.1,0.01208,1,
1,0.538019727806218,0.000113916840706284,0.5,0.769230769230769,0.875,0.000416233090530697,1,1,0.164179104477612,0,0.5,0.04,0,1,
1,0.286178049694094,0.000949307005885703,0.5,0.538461538461538,0.375,0.0752688172043011,1,1,0.164179104477612,1,0.5,0.03,0.02184,1,
1,0.0034960669247097,7.59445604708563e-005,0.5,0.461538461538462,0.375,0.0121401318071453,1,1,0.0298507462686567,1,0.5,0,0.00015,1,
1,0.3965538768885,0.0169356369850009,0.5,0.923076923076923,0.875,0.0419007977800902,1,1,0.0447761194029851,0,0.5,0.1555,0.003,1,
0,0.456861031339743,0.194607936206569,0.5,0.692307692307692,0.375,0.000346860908775581,1,0,0,1,0.5,0,0.04,1,
1,0.424647271819203,0.0199354471235998,0.5,0.615384615384615,0.375,0.00589663544918488,0,0,0,1,0.5,0.145,6e-005,1,
0,0.440254713447372,0.000455667362825138,0.5,0.769230769230769,0.875,0.000971210544571627,1,1,0.119402985074627,0,0.5,0,0.0659,1,
0,0.263328755150456,0.0886652743497247,0.5,0.153846153846154,0.5,0.000346860908775581,1,1,0.0597014925373134,0,0,0.04,0,1,
0,0.570233487326757,0.00398708942471995,0.5,0.769230769230769,0.375,0.000346860908775581,1,1,0.104477611940299,1,0.5,0,0,1,
1,0.345486327881134,0.00584773115625593,0.5,0.615384615384615,0.375,0.0260145681581686,1,1,0.0746268656716418,1,0.5,0.05,3e-005,1,
1,0.434011736796104,0.000189861401177141,0.5,1,0.875,0.00520291363163371,1,1,0.0895522388059701,1,0.5,0,0.01,1,
0,0.024847047072044,0.000227833681412569,0.5,0.384615384615385,0.375,0.00173430454387791,1,1,0.0447761194029851,0,0.5,0.04,0.00918,1,
0,0.220626794855787,0.00041769508258971,0.5,1,0.875,6.93721817551162e-005,1,1,0.164179104477612,0,0.5,0,0.03,1,
0,0.0335872143838182,0.0115435731915702,0,1,0.875,0.0176205341657995,1,1,0.0149253731343284,0,0.5,0.035,0,1,
1,0.393432388562867,0.00315169925954054,0.5,1,0.375,0.0926118626430801,1,1,0.119402985074627,1,0.5,0.1515,0.0329,1,
1,0.359096016980896,0.000569584203531422,0.5,0.538461538461538,0.875,0.370100589663545,1,1,0.164179104477612,0,0.5,0,0.02283,1,
1,0.0398301910350855,0.00664514904119992,0.5,1,0.875,0.00312174817898023,1,1,0.0597014925373134,1,0.5,0.1265,0.00857,1,
1,0.223748283181421,0.00208847541294855,0.5,0.230769230769231,0.375,0.000346860908775581,1,0,0,0,0.5,0.04,0,1,
0,0.232113871894119,0.00284792101765711,0.5,0.769230769230769,0.375,0.0187998612556365,1,1,0.0746268656716418,0,0.5,0.092,0.26726,1,
0,0.411037582719441,0.175621796088855,0.5,0.769230769230769,0.875,0.112729795352064,1,1,0.0298507462686567,0,0.5,0,0,1,
1,0.523411162442253,0.00394911714448453,0.5,0.615384615384615,0.375,0.000346860908775581,1,1,0.0895522388059701,1,0.5,0.25,0.1,1,
1,0.331002622050194,0.00664514904119992,0,0.538461538461538,0.375,6.93721817551162e-005,1,1,0.0746268656716418,1,0.5,0.08,0.05777,1,
1,0.0211012610812836,7.59445604708563e-005,0.5,0.153846153846154,0.375,0.00104058272632674,1,1,0.0298507462686567,0,0.5,0.06,0.003,1,
1,0.417280559370708,0.0104423770647427,0.5,0.461538461538462,0.375,0.0294831772459244,1,1,0.0895522388059701,0,0.5,0.102,0,1,
1,0.332001498314396,0.0427188152648567,0.5,1,0.875,0.00867152271938952,1,0,0,0,0.5,0,0.05298,1,
1,0.331002622050194,0.016138219100057,0.5,0.923076923076923,0.375,0.0297606659729448,1,1,0.0149253731343284,1,0.5,0.06,0,1,
1,0.593207641403421,0.00110119612682742,0.5,0.538461538461538,0.5,0.00104058272632674,1,1,0.298507462686567,0,0.5,0,0.15,1,
1,0.500561867898614,0.00816404025061705,0.5,0.692307692307692,1,0.00138744363510232,1,1,0.164179104477612,0,0.5,0,0.012,1,
0,0.00112373579722812,0.0468198215302829,0.5,0.923076923076923,0.875,0.00242802636142907,1,1,0.0895522388059701,0,0.5,0.2,0.00458,1,
1,0.679485578723936,0.357509018416556,0.5,0,0,1,1,1,0.164179104477612,1,0.5,0.015,0.003,1,
1,0.0298414283930578,0.0142396050882856,0.5,0.461538461538462,0.375,0.00173430454387791,1,1,0.0447761194029851,0,0.5,0.13,0.15108,1,
1,0.240479460606817,0.00246819821530283,0.5,0.615384615384615,0.875,0.010128338536247,1,1,0.104477611940299,0,0.5,0.04,0.02954,1,
1,0.640029966287926,0.000151889120941713,0.5,1,0.875,0.000277488727020465,1,0,0,0,0.5,0,0.03,1,
1,0.532775627419153,0.175621796088855,0.5,0.769230769230769,0.375,0.0317724592438432,1,0,0,0,0,0,0,1,
0,0.0348358097140717,0.00174672489082969,0.5,0.230769230769231,0.375,0.00374609781477627,1,1,0.0597014925373134,0,0.5,0.19,0.005,1,
1,0.28305656136846,0.000113916840706284,0.5,0.461538461538462,0.375,0.00894901144640999,1,1,0.0149253731343284,0,0.5,0.13,0.008,1,
0,0.298664002996629,0.000189861401177141,0.5,0.769230769230769,0.875,0.00867152271938952,1,1,0.0149253731343284,0,0.5,0,0.00678,1,
1,0.000624297665126732,0.0181887222327701,0,0.615384615384615,0.375,0.0156087408949011,1,1,0.0149253731343284,1,0.5,0.04,0.003,1,
1,0.51517043326258,0.000189861401177141,0.5,0.769230769230769,0.875,0.000346860908775581,1,1,0.0895522388059701,1,0.5,0.235,0,1,
1,0.374703458609065,0.00246819821530283,0.5,0.923076923076923,0.375,0.216788067984738,1,1,0.119402985074627,0,0.5,0.165,0.012,1,
1,0.363216381570733,0.0561610024681982,0.5,0.384615384615385,0.375,0.0349635796045786,1,1,0.0746268656716418,1,0.5,0.084,0,1,
0,0.514046697465351,3.79722802354281e-005,0.5,0.153846153846154,0.5,0.0156087408949011,1,0,0,1,0.5,0,0.003,1,
1,0.312273692096392,0.00132902980823998,0.5,0.923076923076923,0.375,0.0433576135969476,1,1,0.104477611940299,0,0.5,0,0.07059,1,
1,0.456861031339743,0.00474653502942852,0,0.538461538461538,0.375,0.00104058272632674,0,0,0,1,0.5,0.116,0.00113,1,
1,0.00324634785865901,0.0371748623504841,0.5,1,0.875,0.0552202566770725,1,1,0.119402985074627,0,0.5,0,0,1,
0,0.399675365214134,0.00554395291437251,0.5,0.615384615384615,0.375,0.0752688172043011,1,1,0.238805970149254,0,0.5,0.06,0.02079,1,
1,0.350730428268198,0.0191380292386558,0,0.538461538461538,0.5,0.00104058272632674,1,1,0.119402985074627,1,0.5,0.072,7e-005,1,
1,0.319515545011862,0.00284792101765711,0.5,0.538461538461538,0.5,0.00173430454387791,1,0,0,0,0.5,0.1745,0.00023,1,
0,0.6576351604445,0.000569584203531422,0.5,0.538461538461538,0.375,0.00381546999653139,1,1,0.208955223880597,0,0.5,0,0.022,1,
1,0.914720938943688,0.0674007974178849,0.5,0,0,0,1,0,0,1,0.5,0,0,1,
1,0.593207641403421,0.000949307005885703,0.5,0.461538461538462,0.5,0.00173430454387791,1,1,0.17910447761194,1,0.5,0.205,0.0251,1,
1,0.714945686103134,0.00322764382001139,0.5,0.692307692307692,0.875,0.000485605272285813,1,1,0.0447761194029851,0,0.5,0,0,1,
0,0.237357972281184,0.325992025821151,0.5,0.923076923076923,0.875,0.00520291363163371,1,1,0.104477611940299,0,0.5,0.048,0,1,
1,0.239355724809589,0.00360736662236567,0.5,0.769230769230769,0.375,6.93721817551162e-005,1,0,0,1,0.5,0.03,0.004,1,
0,0.317392932950431,0,0.5,0.538461538461538,0.375,0,0,0,0,0,1,0.092,0,1,
1,0.344487451616931,0.0222137839377255,0,0.923076923076923,0.375,0.00173430454387791,1,1,0.0298507462686567,0,0.5,0.13,0.005,1,
1,0.450618054688475,0.000189861401177141,0.5,0.538461538461538,0.5,0.00173430454387791,1,1,0.0895522388059701,0,0.5,0,0.00367,1,
0,0.307029591709327,0.000113916840706284,0.5,0.769230769230769,0.875,0.127297953520638,1,1,0.283582089552239,0,0.5,0,0.005,1,
1,0.425646148083406,0.000113916840706284,0.5,0.923076923076923,0.875,0.514394727714187,1,0,0,1,0.5,0,0,1,
