69,14,2,
1,0.729429391934074,0.010290487943801,0.5,0.538461538461538,0.375,0.167533818938606,0,0,0,1,0.5,0.16,0,0,
1,0.508927456611312,0.00854376305297133,0,1,0.875,0.000693721817551162,1,0,0,1,0.5,0.088,0,0,
1,0.221750530653015,0.00778431744826277,0.5,0.384615384615385,0.375,0.000277488727020465,0,0,0,0,0.5,0.14,0.0075,0,
0,0.258084654763391,0.000189861401177141,0,0.692307692307692,0.125,6.93721817551162e-005,0,0,0,0,0.5,0.13,0,0,
0,0.209264577350481,0.000189861401177141,0.5,0.153846153846154,0.375,0.0114464099895942,0,1,0.0895522388059701,1,0.5,0.12,0.00035,0,
0,0.419403171432139,0.00284792101765711,0.5,0.230769230769231,0.5,6.93721817551162e-005,1,1,0.0447761194029851,1,0.5,0.106,0,0,
0,0.000874016731177425,0.0696791342320106,0.5,0.307692307692308,0.25,0,0,1,0.0149253731343284,0,0.5,0.1,0.00053,0,
1,0.652515919590461,0.000569584203531422,0.5,0.0769230769230769,0.375,0.0260145681581686,0,0,0,1,0.5,0,0.0035,0,
1,0.27369209639156,0.0886652743497247,0.5,0.230769230769231,0.375,0.00520291363163371,0,0,0,0,0.5,0.09,0,0,
1,0.271694343863154,0.000189861401177141,0.5,0.538461538461538,0.375,0.00867152271938952,0,0,0,0,0.5,0.18,0,0,
1,0.229991259832688,0.0390734763622556,0.5,0,0,0.0287894554283732,0,0,0,0,0.5,0.04,0,0,
1,0.315395180422025,0.00205050313271312,0.5,0.615384615384615,0.375,0.0114464099895942,0,1,0.0149253731343284,0,0.5,0.136,0.00444,0,
1,0.395430141091272,0.000151889120941713,0,0.461538461538462,0.375,0.000277488727020465,0,0,0,0,0.5,0,0,0,
0,0.369459358222,0.0252515663565597,0.5,0.615384615384615,0.375,0.00173430454387791,0,0,0,1,0.5,0.15,0,0,
0,0.221750530653015,0.00205050313271312,0.5,0.538461538461538,0.375,0.0121401318071453,0,1,0.0149253731343284,1,0.5,0.04,5e-005,0,
1,0.451616930952678,0.0143914942092273,0.5,0.615384615384615,0.375,0.0808185917447104,1,0,0,1,0.5,0.1,0,0,
1,0.36221750530653,0.00132902980823998,0.5,0.615384615384615,0.375,0.00242802636142907,1,1,0.0447761194029851,1,0.5,0.1645,0,0,
1,0.24872018978649,0.000949307005885703,0.5,0.769230769230769,0.375,0.00867152271938952,0,0,0,0,0.5,0.1,0,0,
1,0.419403171432139,0.0104423770647427,0.5,0.153846153846154,0.5,0,0,0,0,0,0.5,0.09,0,0,
0,0.281058808840055,0.00299981013859882,0.5,0.153846153846154,0.375,0.00589663544918488,0,0,0,0,0.5,0.072,0,0,
1,0.288300661755525,0.47940003797228,0.5,0.538461538461538,0.375,0.00867152271938952,0,1,0.0298507462686567,0,0.5,0,0.05552,0,
1,0.400674241478337,0.000531611923295994,0,0,0,0,0,1,0.0298507462686567,0,0.5,0.08,1e-005,0,
1,0.438132101385941,0.00626542623884564,0,0.538461538461538,0.375,0.000277488727020465,1,0,0,0,0.5,0.04,0,0,
1,0.262329878886253,0,0.5,0.538461538461538,0.375,0.000346860908775581,0,0,0,1,0,0,0,0,
1,0.449619178424273,0.00159483576988798,0,0.615384615384615,0.375,0.00201179327089837,0,0,0,1,0.5,0.1545,2e-005,0,
1,0.340367087027095,0.00474653502942852,0.5,0.384615384615385,0.5,0.00173430454387791,0,0,0,1,0.5,0.36,0,0,
1,0.392183793232613,0.000151889120941713,0,0.153846153846154,0.375,0.00589663544918488,0,0,0,1,0.5,0.2055,0,0,
0,0.198776376576352,0.0127207138788684,0.5,0,0,0,0,1,0.0149253731343284,0,0.5,0.08,0.00126,0,
1,0.0018728929953802,0.0791722042908677,0.5,0.538461538461538,0.375,0.00589663544918488,0,0,0,0,0.5,0.15,0,0,
0,0.694094144087901,0.0268843744066831,0.5,0.230769230769231,0.875,0.0468262226847034,1,1,0.0447761194029851,1,0.5,0.05,0.0005,0,
0,0.244599825196654,0.00284792101765711,0.5,0.538461538461538,0.375,0.0551508844953174,1,1,0.0746268656716418,1,0.5,0.07,5e-005,0,
1,0.256086902234986,0.0317068539965825,0,0.538461538461538,0.375,0.000138744363510232,0,0,0,1,0,0.12,0,0,
1,0.326757397927332,0.000493639643060566,0.5,0.692307692307692,0.125,0,0,0,0,1,0.5,0.07,0.0111,0,
1,0.024847047072044,0.00436681222707424,0.5,0.153846153846154,0.375,0.000346860908775581,1,0,0,1,0.5,0.05,0.00068,0,
0,0.437133225121738,0.0142396050882856,0.5,0,0,0,0,1,0.0895522388059701,0,0.5,0,0.002,0,
0,0.349731552003996,0.0222137839377255,0.5,0.384615384615385,0.375,0.000277488727020465,0,0,0,0,0.5,0.13,0.01004,0,
1,0.370458234486203,0.00774634516802734,0,1,0.875,0.000277488727020465,0,0,0,0,0.5,0.064,1e-005,0,
1,0.0348358097140717,0.00220239225365483,0.5,0.615384615384615,0.375,0.00201179327089837,0,1,0.0149253731343284,0,0.5,0.17,0.02803,0,
1,0.956299163441129,0.0846402126447693,0.5,0.692307692307692,1,0.0884495317377731,1,1,0.0149253731343284,1,0.5,0,0.00109,1,
1,0.437133225121738,0.954053540915132,0.5,1,0.875,0.112729795352064,1,1,0.0149253731343284,1,0.5,0.2575,0.005,1,
1,0.412161318516669,0.00394911714448453,0.5,0.846153846153846,0.875,0.00450919181408255,1,0,0,1,0.5,0.082,0.31285,1,
1,0.0498189536771132,0.00584773115625593,0.5,0.153846153846154,0.5,0.00242802636142907,0,0,0,0,0.5,0.108,0,1,
0,0.0685478836309152,0.00060755648376685,0.5,0.307692307692308,0,0,1,1,0.223880597014925,0,0.5,0,0.00247,1,
0,0.290423273816956,0.00299981013859882,0,0.769230769230769,0.375,0.00104058272632674,1,1,0.0298507462686567,1,0.5,0.04,0.004,1,
1,0.345486327881134,0.000569584203531422,0.5,0.615384615384615,0.375,0.000138744363510232,1,1,0.164179104477612,1,0.5,0.217,0.00035,1,
1,0.0635535023099014,0.00246819821530283,0.5,0.230769230769231,0.375,0.0436351023239681,1,1,0.223880597014925,0,0.5,0,0.11202,1,
1,0.392183793232613,0.000151889120941713,0.5,1,0.375,0.000346860908775581,1,1,0.0447761194029851,1,0.5,0.145,0.02279,1,
0,0.798102135098015,0.00626542623884564,0.5,0,0,0,1,1,0.0149253731343284,0,0.5,0.116,0.001,1,
1,0.286178049694094,0.000949307005885703,0.5,0.538461538461538,0.375,0.0752688172043011,1,1,0.164179104477612,1,0.5,0.03,0.02184,1,
1,0.406917218129604,0.000569584203531422,0.5,0.923076923076923,0.875,0.00381546999653139,1,1,0.0447761194029851,1,0.5,0,0,1,
1,0.00299662879260832,0.00246819821530283,0.5,0.384615384615385,0.5,0.00242802636142907,1,1,0.0149253731343284,0,0.5,0,0.005,1,
1,0.288300661755525,0.000569584203531422,0.5,0.769230769230769,0.375,0.164758931668401,1,1,0.0447761194029851,1,0.5,0,0.00582,1,
0,0.580721688100887,0.00174672489082969,0.5,0.923076923076923,0.875,0.0287894554283732,1,1,0.164179104477612,1,0.5,0.22,6e-005,1,
1,0.434011736796104,0.000949307005885703,0.5,0.615384615384615,0.375,0,1,0,0,1,0.5,0.1195,0.002,1,
1,0.250842801847921,0.0378203911144864,0.5,0.692307692307692,0.125,0,1,0,0,0,0.5,0,0,1,
0,0.323635909601698,0.329029808239985,0.5,0.384615384615385,0.375,0.0981616371834894,1,0,0,0,0.5,0.08,0.0015,1,
1,0.59832688225746,0.0229352572621986,0.5,0.230769230769231,0.375,0.000277488727020465,0,0,0,0,0.5,0,0.0269,1,
0,0.251841678112124,0.000379722802354281,0.5,0.538461538461538,0.875,6.93721817551162e-005,1,1,0.0597014925373134,0,0.5,0.025,0.01465,1,
0,0.388188288175802,0.0142396050882856,0.5,0.923076923076923,0.875,0.0433576135969476,1,1,0.134328358208955,1,0.5,0.0905,0,1,
0,0.28305656136846,0.00869565217391304,0.5,0.769230769230769,0.875,0.0158862296219216,1,1,0.104477611940299,1,0.5,0.07,0.02384,1,
1,0.0235984517417905,0.091703056768559,0.5,0.538461538461538,0.375,0.000138744363510232,1,1,0.164179104477612,1,0.5,0.1,0.03,1,
0,0.418404295167936,0.0142396050882856,0.5,0.923076923076923,0.375,0.0260145681581686,0,0,0,0,0.5,0.15,0.00044,1,
1,0.198776376576352,0.00284792101765711,0.5,0.538461538461538,0.375,0.0121401318071453,1,1,0.0746268656716418,1,0.5,0.176,0.0069,1,
1,0.19990011237358,0.000151889120941713,0.5,0.538461538461538,0.375,0.000277488727020465,0,0,0,0,0.5,0,0,1,
1,0.551504557372955,0.000189861401177141,0.5,0.153846153846154,0.875,0.000346860908775581,1,0,0,1,0.5,0.16,0,1,
1,0.00324634785865901,0.00778431744826277,0.5,0.153846153846154,0.875,0.35553243149497,1,0,0,0,0.5,0.2,0,1,
1,0.363216381570733,0.0561610024681982,0.5,0.384615384615385,0.375,0.0349635796045786,1,1,0.0746268656716418,1,0.5,0.084,0,1,
1,0.0211012610812836,7.59445604708563e-005,0.5,0.153846153846154,0.375,0.00104058272632674,1,1,0.0298507462686567,0,0.5,0.06,0.003,1,
0,0.220626794855787,0.00041769508258971,0.5,1,0.875,6.93721817551162e-005,1,1,0.164179104477612,0,0.5,0,0.03,1,
