34.16557162
34.03416557
34.82260184
35.08541393
35.61103811
33.77135348
34.64566929
34.90813648
35.03937008
34.3832021
35.61103811
34.82260184
34.55978975
33.77135348
35.21681997
34.82260184
33.85826772
35.17060367
33.98950131
34.64566929
34.42838371
34.82260184
35.08541393
35.61103811
34.16557162
35.34822602
35.30183727
33.98950131
35.43307087
34.3832021
35.74244415
34.82260184
33.37713535
34.55978975
33.77135348
34.03416557
33.85826772
37.4015748
35.43307087
34.77690289
34.95400788
35.8738502
35.21681997
34.29697766
36.00525624
35.47963206
34.90813648
34.5144357
34.2519685
33.07086614