33.71924747
29.56521739
31.3583815
29.37771346
33.71924747
31.93641618
33.42981187
34.10404624
31.11432706
31.40376266
33.14037627
31.83791606
31.40376266
28.50940666
28.50940666
33.86396527
26.04920405
33.86396527
31.64739884
26.87861272
34.44283647
33.42981187
33.71924747
26.62807525
32.27206946
32.12735166
28.79884226
31.11432706
34.68208092
29.9132948
25.75976845
30.24602026
34.58755427
31.98263386
27.06222865
29.52243126
23.73371925
33.14037627
34.53757225
28.46820809
32.85094067
33.86396527
34.44283647
34.58755427
31.98263386
26.91751085
34.29811867
34.58755427
33.23699422
32.94797688