12.399355877616747
12.238325281803542
13.365539452495979
12.560386473429952
12.560386473429952
12.882447665056363
12.721417069243158
13.365539452495979
12.721417069243158
12.399355877616747
11.916264090177132
13.687600644122389
12.238325281803542
12.721417069243158
12.399355877616747
13.848631239935582
12.882447665056363
11.916264090177132
13.365539452495979
12.882447665056363
12.882447665056363
12.238325281803542
12.721417069243158
12.882447665056363
12.560386473429952
13.043478260869568
12.882447665056363
12.882447665056363
13.043478260869568
12.077294685990337
12.721417069243158
12.077294685990337
12.238325281803542
12.399355877616747
13.204508856682773
13.204508856682773
12.399355877616747
12.882447665056363
13.365539452495979
12.238325281803542
12.721417069243158
13.687600644122389
12.721417069243158
12.077294685990337
13.526570048309184
12.560386473429952
12.721417069243158
12.721417069243158
13.204508856682773
12.399355877616747
