34.55978975032852
34.16557161629436
34.55978975032852
35.21681997371879
34.69119579500657
33.24572930354797
34.645669291338585
35.03937007874016
34.38320209973753
35.03937007874016
34.95400788436268
34.69119579500657
33.90275952693824
34.16557161629436
34.82260183968463
36.00525624178712
33.202099737532805
34.7769028871391
33.98950131233596
34.251968503937
34.2969776609724
34.03416557161629
34.428383705650454
35.34822601839684
34.95400788436268
34.82260183968463
34.90813648293963
34.251968503937
34.90813648293963
34.51443569553806
36.530880420499344
34.95400788436268
33.63994743758213
34.82260183968463
33.50854139290408
33.90275952693824
34.51443569553806
37.13910761154856
34.90813648293963
34.90813648293963
34.03416557161629
35.611038107752954
35.742444152431005
33.50854139290408
35.34822601839684
36.13666228646518
34.645669291338585
34.38320209973753
33.46456692913385
33.333333333333336
