25.32561505065123
27.68115942028986
34.53757225433526
31.98263386396527
32.56150506512301
34.6820809248555
33.14037626628076
34.39306358381503
29.667149059334296
32.70622286541245
32.70622286541245
30.390738060781473
32.85094066570188
30.101302460202607
28.65412445730825
30.390738060781473
34.73227206946454
28.07525325615051
29.47976878612717
34.53757225433526
30.680173661360342
32.41678726483358
30.969609261939222
28.21997105643994
34.44283646888567
25.90448625180898
33.57452966714906
34.153400868306804
26.156069364161848
27.74566473988439
34.153400868306804
33.14037626628076
33.863965267727934
33.28509406657019
34.00868306801736
33.863965267727934
32.1273516642547
30.246020260492045
32.22543352601156
32.36994219653179
32.99565846599132
33.28509406657019
31.403762662807523
31.693198263386403
34.44283646888567
32.85094066570188
28.94356005788712
31.83791606367583
32.80346820809249
28.32369942196532
