85,18,4,
0.260869565217391,0.423076923076923,0.416666666666667,0.441048034934498,0.615384615384615,0.943396226415094,0.241830065359477,0.542857142857143,0.166666666666667,0.371428571428571,0.58421052631579,0.169064748201439,0.49685534591195,0.894736842105263,0.409090909090909,0.268292682926829,0.133333333333333,0.0666666666666667,2,
0.369565217391304,0.0384615384615385,0.361111111111111,0.139737991266376,0.0879120879120879,0.0754716981132075,0.0718954248366013,0.8,0,0,0.0947368421052632,0.0479616306954436,0.0566037735849057,0.0789473684210526,0.227272727272727,0.634146341463415,0.666666666666667,0.7,1,
0.173913043478261,0.461538461538462,0.388888888888889,0.283842794759825,0.285714285714286,0.0754716981132075,0.254901960784314,0.514285714285714,0.166666666666667,0.4,0.226315789473684,0.182254196642686,0.484276729559748,0.210526315789474,0.318181818181818,0,0.233333333333333,0.266666666666667,2,
0.326086956521739,0.153846153846154,0.152777777777778,0.00436681222707424,0.0549450549450549,0.0566037735849057,0.0457516339869281,0.885714285714286,0,0.142857142857143,0.0263157894736842,0.0275779376498801,0.10062893081761,0.355263157894737,0.363636363636364,0.390243902439024,0.1,0.0666666666666667,0,
0.456521739130435,0.115384615384615,0.361111111111111,0.205240174672489,0.153846153846154,0.113207547169811,0.137254901960784,0.685714285714286,0.0833333333333333,0.242857142857143,0.126315789473684,0.0971223021582734,0.0628930817610063,0.0394736842105263,0.409090909090909,0.0731707317073171,0.833333333333333,0.9,0,
0.347826086956522,0.423076923076923,0.388888888888889,0.0393013100436681,0.032967032967033,0.0943396226415094,0.248366013071895,0.542857142857143,0.166666666666667,0.414285714285714,0.215789473684211,0.172661870503597,0.50314465408805,0.381578947368421,0.272727272727273,0.121951219512195,0.1,0.0333333333333333,2,
0.630434782608696,0.807692307692308,0.833333333333333,0.25764192139738,0.0659340659340659,0.150943396226415,0.660130718954248,0.142857142857143,0.583333333333333,0.785714285714286,0.468421052631579,0.581534772182254,0.578616352201258,0.223684210526316,0.545454545454545,0.658536585365854,0.366666666666667,0.466666666666667,3,
0.434782608695652,0.0769230769230769,0.444444444444444,0.296943231441048,0.164835164835165,0.0943396226415094,0.241830065359477,0.514285714285714,0.166666666666667,0.0857142857142857,0.205263157894737,0.179856115107914,0.10062893081761,0.0394736842105263,0.227272727272727,0.731707317073171,0.9,0.966666666666667,3,
0.260869565217391,0.269230769230769,0.444444444444444,0.152838427947598,0.131868131868132,0.0566037735849057,0.130718954248366,0.685714285714286,0.0833333333333333,0.242857142857143,0.152631578947368,0.0911270983213429,0.257861635220126,0.118421052631579,0.136363636363636,0.219512195121951,0.5,0.466666666666667,1,
0.5,0.615384615384615,0.805555555555556,0.362445414847162,0.131868131868132,0.0754716981132075,0.660130718954248,0.142857142857143,0.583333333333333,0.485714285714286,0.515789473684211,0.594724220623501,0.635220125786163,0.236842105263158,0.363636363636364,0.682926829268293,0.4,0.266666666666667,2,
0.347826086956522,0.423076923076923,0.444444444444444,0.244541484716157,0.208791208791209,0.0943396226415094,0.209150326797386,0.571428571428571,0.166666666666667,0.414285714285714,0.189473684210526,0.15347721822542,0.377358490566038,0.131578947368421,0.5,0.024390243902439,0.5,0.566666666666667,2,
0.391304347826087,0.346153846153846,0.569444444444444,0.388646288209607,0.241758241758242,0.0566037735849057,0.372549019607843,0.342857142857143,0.25,0.271428571428571,0.284210526315789,0.299760191846523,0.29559748427673,0.118421052631579,0.136363636363636,0.560975609756098,0.733333333333333,0.766666666666667,2,
0.543478260869565,0.461538461538462,0.5,0.270742358078603,0.142857142857143,0.0943396226415094,0.294117647058824,0.457142857142857,0.25,0.428571428571429,0.284210526315789,0.224220623501199,0.484276729559748,0.131578947368421,0.590909090909091,0.24390243902439,0.466666666666667,0.5,3,
0.434782608695652,0.384615384615385,0.5,0.196506550218341,0.10989010989011,0.0943396226415094,0.241830065359477,0.514285714285714,0.166666666666667,0.357142857142857,0.221052631578947,0.1810551558753,0.421383647798742,0.131578947368421,0.636363636363636,0,0.433333333333333,0.433333333333333,1,
0.195652173913043,0.423076923076923,0.444444444444444,0.139737991266376,0.153846153846154,0.0943396226415094,0.228758169934641,0.571428571428571,0.166666666666667,0.357142857142857,0.226315789473684,0.15947242206235,0.465408805031447,0.289473684210526,0.272727272727273,0.414634146341463,0.166666666666667,0.133333333333333,2,
0.282608695652174,0.5,0.416666666666667,0.196506550218341,0.197802197802198,0.113207547169811,0.241830065359477,0.542857142857143,0.166666666666667,0.4,0.210526315789474,0.176258992805755,0.477987421383648,0.236842105263158,0.272727272727273,0.146341463414634,0.233333333333333,0.233333333333333,2,
0.673913043478261,0.923076923076923,0.875,0.489082969432314,0.241758241758242,0.169811320754717,0.699346405228758,0.114285714285714,0.666666666666667,0.828571428571429,0.515789473684211,0.628297362110312,0.691823899371069,0.184210526315789,0.181818181818182,0.0731707317073171,0.333333333333333,0.5,3,
0.391304347826087,0.230769230769231,0.597222222222222,0.314410480349345,0.131868131868132,0.0943396226415094,0.372549019607843,0.371428571428571,0.25,0.2,0.315789473684211,0.290167865707434,0.207547169811321,0.105263157894737,0,0.585365853658537,0.533333333333333,0.6,1,
0.565217391304348,0.576923076923077,0.888888888888889,0.40174672489083,0.175824175824176,0.150943396226415,0.581699346405229,0.2,0.5,0.485714285714286,0.478947368421053,0.503597122302158,0.566037735849057,0.184210526315789,0.363636363636364,0.0975609756097561,0.4,0.533333333333333,1,
0.543478260869565,0.961538461538462,0.847222222222222,0.454148471615721,0.197802197802198,0.188679245283019,0.745098039215686,0.114285714285714,0.666666666666667,0.914285714285714,0.5,0.676258992805755,0.672955974842767,0.157894736842105,0.272727272727273,0.024390243902439,0.3,0.5,3,
0.5,0.461538461538462,0.555555555555556,0.253275109170306,0.175824175824176,0.132075471698113,0.222222222222222,0.571428571428571,0.166666666666667,0.428571428571429,0.163157894736842,0.158273381294964,0.327044025157233,0.0657894736842105,0.227272727272727,0.24390243902439,0.766666666666667,0.866666666666667,0,
0.282608695652174,0.5,0.458333333333333,0.091703056768559,0.10989010989011,0.0754716981132075,0.254901960784314,0.542857142857143,0.166666666666667,0.414285714285714,0.210526315789474,0.179856115107914,0.49685534591195,0.302631578947368,0.409090909090909,0.268292682926829,0.133333333333333,0.1,2,
0.434782608695652,0.384615384615385,0.527777777777778,0.270742358078603,0.131868131868132,0.0943396226415094,0.254901960784314,0.514285714285714,0.166666666666667,0.328571428571429,0.273684210526316,0.189448441247002,0.408805031446541,0.118421052631579,0.681818181818182,0.0487804878048781,0.566666666666667,0.533333333333333,3,
0.282608695652174,0.461538461538462,0.458333333333333,0.209606986899563,0.175824175824176,0.0754716981132075,0.241830065359477,0.514285714285714,0.166666666666667,0.385714285714286,0.210526315789474,0.1810551558753,0.421383647798742,0.157894736842105,0.272727272727273,0.024390243902439,0.433333333333333,0.5,2,
0.630434782608696,0.692307692307692,0.722222222222222,0.393013100436681,0.142857142857143,0.0754716981132075,0.705882352941177,0.114285714285714,0.666666666666667,0.628571428571429,0.615789473684211,0.655875299760192,0.628930817610063,0.276315789473684,0.318181818181818,0.170731707317073,0.4,0.166666666666667,2,
0.565217391304348,0.923076923076923,0.958333333333333,0.506550218340611,0.208791208791209,0.169811320754717,0.712418300653595,0.114285714285714,0.666666666666667,0.828571428571429,0.547368421052632,0.648681055155875,0.79874213836478,0.144736842105263,0.454545454545455,0.609756097560976,0.4,0.633333333333333,3,
0.217391304347826,0.153846153846154,0.194444444444444,0.117903930131004,0.153846153846154,0.0377358490566038,0.150326797385621,0.685714285714286,0.0833333333333333,0.128571428571429,0.115789473684211,0.10431654676259,0.20125786163522,0.342105263157895,0.136363636363636,0.146341463414634,0.133333333333333,0.0666666666666667,1,
0.478260869565217,0.423076923076923,0.611111111111111,0.235807860262009,0.164835164835165,0.150943396226415,0.215686274509804,0.571428571428571,0.166666666666667,0.428571428571429,0.173684210526316,0.15347721822542,0.358490566037736,0.0657894736842105,0.454545454545455,0.146341463414634,0.766666666666667,0.833333333333333,0,
0.347826086956522,0.269230769230769,0.402777777777778,0.187772925764192,0.120879120879121,0.0754716981132075,0.130718954248366,0.685714285714286,0.0833333333333333,0.271428571428571,0.131578947368421,0.0911270983213429,0.264150943396226,0.0263157894736842,0.727272727272727,0.146341463414634,0.9,0.933333333333333,3,
0.760869565217391,0.807692307692308,0.902777777777778,0.432314410480349,0.164835164835165,0.169811320754717,0.588235294117647,0.2,0.5,0.657142857142857,0.452631578947368,0.508393285371703,0.792452830188679,0.118421052631579,0.545454545454545,0.0731707317073171,0.466666666666667,0.633333333333333,1,
0.521739130434783,0.461538461538462,0.444444444444444,0.362445414847162,0.263736263736264,0.0566037735849057,0.320261437908497,0.4,0.25,0.371428571428571,0.252631578947368,0.25779376498801,0.484276729559748,0.144736842105263,0.318181818181818,0.170731707317073,0.666666666666667,0.733333333333333,2,
0.695652173913043,0.884615384615385,0.805555555555556,0.458515283842795,0.186813186813187,0.169811320754717,0.686274509803922,0.142857142857143,0.583333333333333,0.785714285714286,0.5,0.613908872901679,0.672955974842767,0.171052631578947,0.0909090909090909,0.463414634146341,0.4,0.6,3,
0.173913043478261,0.5,0.430555555555556,0.161572052401747,0.153846153846154,0.0943396226415094,0.26797385620915,0.514285714285714,0.166666666666667,0.428571428571429,0.247368421052632,0.195443645083933,0.509433962264151,0.276315789473684,0.0454545454545455,0.341463414634146,0.2,0.2,2,
0.456521739130435,0.615384615384615,0.652777777777778,0.240174672489083,0.186813186813187,0.150943396226415,0.294117647058824,0.485714285714286,0.25,0.571428571428571,0.257894736842105,0.21462829736211,0.591194968553459,0.210526315789474,0.181818181818182,0,0.233333333333333,0.433333333333333,0,
0.282608695652174,0.346153846153846,0.347222222222222,0.0393013100436681,0.032967032967033,0.113207547169811,0.261437908496732,0.542857142857143,0.166666666666667,0.328571428571429,0.205263157894737,0.177458033573141,0.389937106918239,0.342105263157895,0.181818181818182,0.390243902439024,0.1,0.0666666666666667,2,
0.369565217391304,0.0384615384615385,0.361111111111111,0.235807860262009,0.131868131868132,0.0943396226415094,0.183006535947712,0.6,0.0833333333333333,0.0857142857142857,0.184210526315789,0.136690647482014,0.050314465408805,0.0263157894736842,0.0454545454545455,0.0731707317073171,0.833333333333333,0.866666666666667,1,
0.630434782608696,0.769230769230769,0.847222222222222,0.585152838427948,0.274725274725275,0.0377358490566038,0.823529411764706,0.0571428571428571,0.75,0.642857142857143,0.721052631578947,0.79136690647482,0.836477987421384,0.342105263157895,0.318181818181818,0.536585365853659,0.266666666666667,0.1,2,
0.478260869565217,0.923076923076923,0.888888888888889,0.541484716157205,0.296703296703297,0.150943396226415,0.65359477124183,0.142857142857143,0.583333333333333,0.814285714285714,0.494736842105263,0.58273381294964,0.716981132075472,0.197368421052632,0,0.0975609756097561,0.333333333333333,0.4,3,
0.717391304347826,0.730769230769231,0.847222222222222,0.475982532751092,0.186813186813187,0.169811320754717,0.581699346405229,0.2,0.5,0.571428571428571,0.442105263157895,0.507194244604317,0.59748427672956,0.0789473684210526,0.0909090909090909,0.0975609756097561,0.533333333333333,0.766666666666667,1,
0.652173913043478,0.923076923076923,0.902777777777778,0.510917030567686,0.241758241758242,0.169811320754717,0.69281045751634,0.114285714285714,0.583333333333333,0.785714285714286,0.505263157894737,0.62589928057554,0.886792452830189,0.184210526315789,0.454545454545455,0.0487804878048781,0.366666666666667,0.466666666666667,3,
0.282608695652174,0.346153846153846,0.333333333333333,0.0786026200873362,0.0769230769230769,0.0754716981132075,0.235294117647059,0.571428571428571,0.166666666666667,0.357142857142857,0.210526315789474,0.161870503597122,0.389937106918239,0.368421052631579,0.0454545454545455,0.0731707317073171,0.1,0.0333333333333333,2,
0.456521739130435,0.384615384615385,0.583333333333333,0.139737991266376,0.0769230769230769,0.150943396226415,0.281045751633987,0.485714285714286,0.166666666666667,0.442857142857143,0.242105263157895,0.209832134292566,0.327044025157233,0.197368421052632,0.0454545454545455,0.146341463414634,0.333333333333333,0.533333333333333,0,
0.434782608695652,0.0769230769230769,0.527777777777778,0.253275109170306,0.142857142857143,0.113207547169811,0.248366013071895,0.542857142857143,0.166666666666667,0.1,0.221052631578947,0.176258992805755,0.176100628930818,0.105263157894737,0.0909090909090909,0.804878048780488,0.5,0.566666666666667,3,
0.0652173913043478,0.192307692307692,0.25,0.091703056768559,0.120879120879121,0.0566037735849057,0.137254901960784,0.714285714285714,0.0833333333333333,0.128571428571429,0.115789473684211,0.0899280575539568,0.226415094339623,0.368421052631579,0,0.51219512195122,0.0333333333333333,0.1,3,
0.347826086956522,0.115384615384615,0.402777777777778,0.253275109170306,0.175824175824176,0.0754716981132075,0.183006535947712,0.628571428571429,0.0833333333333333,0.185714285714286,0.178947368421053,0.128297362110312,0.106918238993711,0.0921052631578947,0.0454545454545455,0.926829268292683,0.566666666666667,0.766666666666667,1,
0.369565217391304,0.384615384615385,0.569444444444444,0.554585152838428,0.54945054945055,0.830188679245283,0.248366013071895,0.542857142857143,0.166666666666667,0.442857142857143,0.368421052631579,0.177458033573141,0.345911949685535,0.421052631578947,0.227272727272727,0.219512195121951,0.333333333333333,0.5,0,
0.695652173913043,0.730769230769231,0.930555555555556,0.449781659388646,0.142857142857143,0.169811320754717,0.69281045751634,0.142857142857143,0.583333333333333,0.7,0.478947368421053,0.619904076738609,0.553459119496855,0.0921052631578947,0,0.48780487804878,0.5,0.733333333333333,3,
0.41304347826087,0.461538461538462,0.5,0.253275109170306,0.10989010989011,0.0943396226415094,0.30718954248366,0.428571428571429,0.25,0.414285714285714,0.284210526315789,0.23621103117506,0.427672955974843,0.131578947368421,0.363636363636364,0.24390243902439,0.466666666666667,0.466666666666667,1,
0.326086956521739,0.576923076923077,0.694444444444444,0.323144104803493,0.142857142857143,0.113207547169811,0.411764705882353,0.342857142857143,0.333333333333333,0.485714285714286,0.368421052631579,0.330935251798561,0.559748427672956,0.118421052631579,0.590909090909091,0.390243902439024,0.533333333333333,0.6,1,
0.434782608695652,0.230769230769231,0.638888888888889,0.331877729257642,0.131868131868132,0.132075471698113,0.359477124183007,0.371428571428571,0.25,0.228571428571429,0.294736842105263,0.280575539568345,0.125786163522013,0.0526315789473684,0.272727272727273,0.414634146341463,0.7,0.766666666666667,1,
0.130434782608696,0.230769230769231,0.444444444444444,0.100436681222707,0.0659340659340659,0.132075471698113,0.196078431372549,0.628571428571429,0.166666666666667,0.242857142857143,0.184210526315789,0.133093525179856,0.220125786163522,0.236842105263158,0.318181818181818,0.51219512195122,0.166666666666667,0.266666666666667,3,
0.304347826086957,0.615384615384615,0.638888888888889,0.375545851528384,0.186813186813187,0.132075471698113,0.42483660130719,0.314285714285714,0.333333333333333,0.5,0.352631578947368,0.344124700239808,0.628930817610063,0.105263157894737,0.5,0.170731707317073,0.533333333333333,0.6,3,
0.608695652173913,0.884615384615385,0.847222222222222,0.554585152838428,0.274725274725275,0.150943396226415,0.686274509803922,0.142857142857143,0.583333333333333,0.757142857142857,0.536842105263158,0.616306954436451,0.672955974842767,0.171052631578947,0.0909090909090909,0.146341463414634,0.366666666666667,0.533333333333333,1,
0.543478260869565,0.0769230769230769,0.416666666666667,0.34061135371179,0.230769230769231,0.0566037735849057,0.281045751633987,0.428571428571429,0.166666666666667,0.0857142857142857,0.284210526315789,0.224220623501199,0.050314465408805,0.157894736842105,0.136363636363636,0.536585365853659,0.866666666666667,0.8,2,
0.760869565217391,0.807692307692308,0.875,0.471615720524017,0.197802197802198,0.169811320754717,0.627450980392157,0.171428571428571,0.583333333333333,0.628571428571429,0.515789473684211,0.556354916067146,0.823899371069182,0.157894736842105,0.409090909090909,0,0.433333333333333,0.533333333333333,1,
0.347826086956522,0.653846153846154,0.597222222222222,0.397379912663755,0.197802197802198,0.0754716981132075,0.431372549019608,0.314285714285714,0.333333333333333,0.542857142857143,0.405263157894737,0.356115107913669,0.635220125786163,0.157894736842105,0.0454545454545455,0.146341463414634,0.433333333333333,0.433333333333333,3,
0.58695652173913,0.692307692307692,0.958333333333333,0.554585152838428,0.252747252747253,0.169811320754717,0.705882352941177,0.114285714285714,0.666666666666667,0.642857142857143,0.568421052631579,0.645083932853717,0.610062893081761,0.184210526315789,0.5,0.463414634146341,0.433333333333333,0.566666666666667,3,
0.521739130434783,0.769230769230769,0.902777777777778,0.528384279475983,0.263736263736264,0.188679245283019,0.712418300653595,0.114285714285714,0.666666666666667,0.7,0.505263157894737,0.634292565947242,0.584905660377358,0.144736842105263,0.136363636363636,0.48780487804878,0.333333333333333,0.633333333333333,1,
0.652173913043478,0.884615384615385,0.902777777777778,0.344978165938865,0.131868131868132,0.150943396226415,0.640522875816993,0.171428571428571,0.583333333333333,0.785714285714286,0.457894736842105,0.556354916067146,0.685534591194969,0.171052631578947,0.590909090909091,0.536585365853659,0.4,0.5,3,
0.369565217391304,0.615384615384615,0.625,0.161572052401747,0.10989010989011,0.169811320754717,0.30718954248366,0.485714285714286,0.25,0.7,0.226315789473684,0.217026378896883,0.484276729559748,0.210526315789474,0.0454545454545455,0.268292682926829,0.2,0.366666666666667,0,
0.521739130434783,0.846153846153846,0.777777777777778,0.2882096069869,0.0769230769230769,0.150943396226415,0.679738562091503,0.142857142857143,0.583333333333333,0.785714285714286,0.468421052631579,0.600719424460432,0.685534591194969,0.210526315789474,0,0.0975609756097561,0.266666666666667,0.4,3,
0.5,0.269230769230769,0.833333333333333,0.323144104803493,0.120879120879121,0.113207547169811,0.450980392156863,0.314285714285714,0.333333333333333,0.228571428571429,0.394736842105263,0.3621103117506,0.320754716981132,0.118421052631579,0.227272727272727,0.829268292682927,0.533333333333333,0.7,1,
0.673913043478261,0.769230769230769,0.847222222222222,0.375545851528384,0.175824175824176,0.150943396226415,0.660130718954248,0.171428571428571,0.583333333333333,0.685714285714286,0.463157894736842,0.575539568345324,0.584905660377358,0.197368421052632,0.590909090909091,0.51219512195122,0.4,0.566666666666667,1,
0.239130434782609,0.384615384615385,0.5,0.331877729257642,0.307692307692308,0.0943396226415094,0.281045751633987,0.485714285714286,0.166666666666667,0.357142857142857,0.263157894736842,0.209832134292566,0.40251572327044,0.236842105263158,0.227272727272727,0.292682926829268,0.3,0.3,2,
0.347826086956522,0.461538461538462,0.625,0.196506550218341,0.131868131868132,0.169811320754717,0.300653594771242,0.485714285714286,0.25,0.571428571428571,0.247368421052632,0.213429256594724,0.40251572327044,0.210526315789474,0.545454545454545,0.390243902439024,0.233333333333333,0.4,0,
0.478260869565217,0.692307692307692,0.777777777777778,0.40174672489083,0.175824175824176,0.132075471698113,0.509803921568627,0.257142857142857,0.416666666666667,0.614285714285714,0.410526315789474,0.430455635491607,0.792452830188679,0.118421052631579,0.590909090909091,0,0.5,0.566666666666667,3,
0.369565217391304,0.5,0.458333333333333,0.14410480349345,0.120879120879121,0.169811320754717,0.320261437908497,0.485714285714286,0.25,0.571428571428571,0.210526315789474,0.226618705035971,0.484276729559748,0.223684210526316,0,0.219512195121951,0.2,0.4,0,
0.41304347826087,0.307692307692308,0.361111111111111,0.091703056768559,0.0549450549450549,0.0943396226415094,0.176470588235294,0.685714285714286,0.0833333333333333,0.357142857142857,0.157894736842105,0.109112709832134,0.327044025157233,0.289473684210526,0.318181818181818,0.463414634146341,0.2,0.1,0,
0.41304347826087,0.0769230769230769,0.25,0.139737991266376,0.120879120879121,0.0754716981132075,0.065359477124183,0.828571428571429,0,0.2,0.0631578947368421,0.0455635491606715,0.0440251572327044,0.0657894736842105,0.272727272727273,0.414634146341463,0.7,0.733333333333333,0,
0.456521739130435,0.615384615384615,0.583333333333333,0.14410480349345,0.0989010989010989,0.150943396226415,0.30718954248366,0.485714285714286,0.25,0.6,0.242105263157895,0.219424460431655,0.484276729559748,0.223684210526316,0.454545454545455,0.170731707317073,0.233333333333333,0.366666666666667,0,
0.456521739130435,0.461538461538462,0.625,0.244541484716157,0.175824175824176,0.150943396226415,0.300653594771242,0.485714285714286,0.25,0.557142857142857,0.231578947368421,0.219424460431655,0.333333333333333,0.118421052631579,0.0454545454545455,0.146341463414634,0.433333333333333,0.6,0,
0.652173913043478,0.730769230769231,0.875,0.2882096069869,0.0549450549450549,0.0943396226415094,0.810457516339869,0.0571428571428571,0.75,0.6,0.652631578947368,0.75779376498801,0.886792452830189,0.302631578947368,0.136363636363636,0.560975609756098,0.233333333333333,0.1,2,
0.391304347826087,0.346153846153846,0.361111111111111,0.165938864628821,0.120879120879121,0.132075471698113,0.143790849673203,0.685714285714286,0.0833333333333333,0.342857142857143,0.173684210526316,0.100719424460432,0.345911949685535,0.131578947368421,0.272727272727273,0.121951219512195,0.5,0.533333333333333,0,
0.260869565217391,0.115384615384615,0.152777777777778,0.0480349344978166,0.0989010989010989,0.0566037735849057,0.0457516339869281,0.885714285714286,0,0.0857142857142857,0.0473684210526316,0.0275779376498801,0.113207547169811,0.289473684210526,0.590909090909091,0.121951219512195,0.166666666666667,0.1,0,
0.58695652173913,0.115384615384615,0.458333333333333,0.414847161572052,0.285714285714286,0.0754716981132075,0.326797385620915,0.4,0.25,0.128571428571429,0.310526315789474,0.260191846522782,0.10062893081761,0.171052631578947,0.272727272727273,0.463414634146341,0.8,0.766666666666667,2,
0.391304347826087,0.115384615384615,0.444444444444444,0.253275109170306,0.142857142857143,0.113207547169811,0.248366013071895,0.514285714285714,0.166666666666667,0.214285714285714,0.189473684210526,0.179856115107914,0.0754716981132075,0.0526315789473684,0.0909090909090909,0.536585365853659,0.666666666666667,0.8,1,
0.391304347826087,0.307692307692308,0.333333333333333,0.192139737991266,0.153846153846154,0.113207547169811,0.111111111111111,0.714285714285714,0.0833333333333333,0.342857142857143,0.163157894736842,0.0779376498800959,0.276729559748428,0.118421052631579,0.272727272727273,0.292682926829268,0.6,0.666666666666667,0,
0.391304347826087,0.115384615384615,0.597222222222222,0.253275109170306,0.153846153846154,0.113207547169811,0.196078431372549,0.6,0.166666666666667,0.142857142857143,0.173684210526316,0.136690647482014,0.176100628930818,0.0526315789473684,0,0.75609756097561,0.566666666666667,0.633333333333333,1,
0.434782608695652,0.153846153846154,0.416666666666667,0.0960698689956332,0.0549450549450549,0.132075471698113,0.0980392156862745,0.771428571428571,0.0833333333333333,0.271428571428571,0.136842105263158,0.0647482014388489,0.0628930817610063,0.157894736842105,0.0909090909090909,0.317073170731707,0.5,0.3,0,
0.543478260869565,0.5,0.666666666666667,0.379912663755459,0.175824175824176,0.0754716981132075,0.522875816993464,0.228571428571429,0.416666666666667,0.414285714285714,0.447368421052632,0.454436450839329,0.408805031446541,0.184210526315789,0.0909090909090909,0.634146341463415,0.6,0.533333333333333,2,
0.673913043478261,0.769230769230769,0.944444444444444,0.436681222707424,0.186813186813187,0.169811320754717,0.705882352941177,0.142857142857143,0.666666666666667,0.771428571428571,0.505263157894737,0.627098321342926,0.591194968553459,0.157894736842105,0.636363636363636,0.731707317073171,0.433333333333333,0.733333333333333,1,
0.434782608695652,0.346153846153846,0.805555555555556,0.384279475982533,0.175824175824176,0.132075471698113,0.477124183006536,0.285714285714286,0.416666666666667,0.285714285714286,0.4,0.388489208633094,0.40251572327044,0.144736842105263,0.454545454545455,0.51219512195122,0.433333333333333,0.533333333333333,1,
0.673913043478261,0.884615384615385,0.777777777777778,0.554585152838428,0.296703296703297,0.169811320754717,0.705882352941177,0.114285714285714,0.666666666666667,0.771428571428571,0.489473684210526,0.634292565947242,0.685534591194969,0.184210526315789,0.272727272727273,0.390243902439024,0.333333333333333,0.466666666666667,3,
0.347826086956522,0.346153846153846,0.361111111111111,0.091703056768559,0.0659340659340659,0.0943396226415094,0.124183006535948,0.714285714285714,0.0833333333333333,0.371428571428571,0.168421052631579,0.0839328537170264,0.333333333333333,0.184210526315789,0.454545454545455,0.414634146341463,0.4,0.333333333333333,0,
0.304347826086957,0.461538461538462,0.361111111111111,0.152838427947598,0.120879120879121,0.113207547169811,0.183006535947712,0.6,0.0833333333333333,0.428571428571429,0.2,0.13189448441247,0.415094339622642,0.184210526315789,0.136363636363636,0.292682926829268,0.4,0.5,0,
