84,18,4,
0.521739130434783,0.384615384615385,0.458333333333333,0.301310043668122,0.197802197802198,0.0754716981132075,0.26797385620915,0.457142857142857,0.166666666666667,0.357142857142857,0.242105263157895,0.212230215827338,0.39622641509434,0.0921052631578947,0.590909090909091,0.024390243902439,0.8,0.766666666666667,2,
0.282608695652174,0.0384615384615385,0.305555555555556,0.157205240174672,0.153846153846154,0.0943396226415094,0.065359477124183,0.8,0,0.128571428571429,0.0578947368421053,0.0467625899280576,0.0188679245283019,0.0657894736842105,0.0909090909090909,0.341463414634146,0.8,0.9,0,
0.456521739130435,0.615384615384615,0.541666666666667,0.432314410480349,0.263736263736264,0.0566037735849057,0.405228758169935,0.314285714285714,0.333333333333333,0.514285714285714,0.347368421052632,0.336930455635492,0.610062893081761,0.157894736842105,0.272727272727273,0.0487804878048781,0.7,0.6,2,
0.326086956521739,0.346153846153846,0.513888888888889,0.205240174672489,0.120879120879121,0.113207547169811,0.183006535947712,0.6,0.0833333333333333,0.342857142857143,0.184210526315789,0.130695443645084,0.308176100628931,0.0657894736842105,0.454545454545455,0.268292682926829,0.733333333333333,0.8,1,
0.369565217391304,0.576923076923077,0.638888888888889,0.882096069868996,0.868131868131868,0.886792452830189,0.26797385620915,0.514285714285714,0.166666666666667,0.542857142857143,0.747368421052632,0.194244604316547,0.572327044025157,0.776315789473684,0,0.365853658536585,0.3,0.433333333333333,0,
0.478260869565217,0.576923076923077,0.888888888888889,0.480349344978166,0.21978021978022,0.132075471698113,0.607843137254902,0.171428571428571,0.5,0.471428571428571,0.510526315789474,0.532374100719424,0.584905660377358,0.197368421052632,0.227272727272727,0.219512195121951,0.333333333333333,0.4,3,
0.739130434782609,0.769230769230769,0.875,0.510917030567686,0.208791208791209,0.169811320754717,0.633986928104575,0.171428571428571,0.583333333333333,0.642857142857143,0.484210526315789,0.562350119904077,0.647798742138365,0.0921052631578947,0,0.024390243902439,0.5,0.666666666666667,3,
0.391304347826087,0.230769230769231,0.597222222222222,0.2882096069869,0.142857142857143,0.113207547169811,0.392156862745098,0.342857142857143,0.333333333333333,0.228571428571429,0.352631578947368,0.31294964028777,0.270440251572327,0.171052631578947,0,0.24390243902439,0.4,0.433333333333333,1,
0.391304347826087,0.346153846153846,0.611111111111111,0.458515283842795,0.307692307692308,0.0754716981132075,0.38562091503268,0.342857142857143,0.25,0.285714285714286,0.310526315789474,0.314148681055156,0.327044025157233,0.131578947368421,0.136363636363636,0.292682926829268,0.666666666666667,0.666666666666667,2,
0.673913043478261,0.730769230769231,0.833333333333333,0.379912663755459,0.131868131868132,0.132075471698113,0.555555555555556,0.2,0.5,0.571428571428571,0.463157894736842,0.47841726618705,0.786163522012579,0.144736842105263,0.454545454545455,0.24390243902439,0.5,0.566666666666667,1,
0.456521739130435,0.576923076923077,0.652777777777778,0.253275109170306,0.186813186813187,0.150943396226415,0.294117647058824,0.485714285714286,0.25,0.614285714285714,0.257894736842105,0.21462829736211,0.484276729559748,0.210526315789474,0.181818181818182,0.365853658536585,0.266666666666667,0.466666666666667,0,
0.478260869565217,0.5,0.902777777777778,0.502183406113537,0.230769230769231,0.132075471698113,0.581699346405229,0.2,0.5,0.428571428571429,0.489473684210526,0.501199040767386,0.578616352201258,0.131578947368421,0.227272727272727,0.926829268292683,0.5,0.7,3,
0.41304347826087,0.269230769230769,0.583333333333333,0.25764192139738,0.175824175824176,0.132075471698113,0.222222222222222,0.542857142857143,0.166666666666667,0.314285714285714,0.184210526315789,0.161870503597122,0.176100628930818,0.0657894736842105,0.409090909090909,0,0.766666666666667,0.833333333333333,0,
0.347826086956522,0.346153846153846,0.416666666666667,0.192139737991266,0.164835164835165,0.0943396226415094,0.228758169934641,0.542857142857143,0.166666666666667,0.357142857142857,0.242105263157895,0.166666666666667,0.276729559748428,0.223684210526316,0.0909090909090909,0.146341463414634,0.333333333333333,0.266666666666667,2,
0.58695652173913,0.5,0.888888888888889,0.349344978165939,0.142857142857143,0.132075471698113,0.555555555555556,0.228571428571429,0.5,0.414285714285714,0.484210526315789,0.47242206235012,0.559748427672956,0.184210526315789,0.590909090909091,0.317073170731707,0.433333333333333,0.533333333333333,1,
0.652173913043478,0.807692307692308,0.930555555555556,0.497816593886463,0.186813186813187,0.188679245283019,0.718954248366013,0.114285714285714,0.666666666666667,0.8,0.478947368421053,0.652278177458034,0.566037735849057,0.105263157894737,0,0.439024390243902,0.433333333333333,0.633333333333333,3,
0.434782608695652,0.115384615384615,0.333333333333333,0.266375545851528,0.241758241758242,0.113207547169811,0.156862745098039,0.657142857142857,0.0833333333333333,0.257142857142857,0.163157894736842,0.113908872901679,0.113207547169811,0.105263157894737,0.0909090909090909,0.707317073170732,0.566666666666667,0.766666666666667,0,
0.304347826086957,0.230769230769231,0.472222222222222,0.209606986899563,0.120879120879121,0.0754716981132075,0.254901960784314,0.514285714285714,0.166666666666667,0.257142857142857,0.231578947368421,0.183453237410072,0.19496855345912,0.144736842105263,0.0454545454545455,0.804878048780488,0.366666666666667,0.5,1,
0.239130434782609,0.230769230769231,0.694444444444444,0.331877729257642,0.142857142857143,0.0943396226415094,0.42483660130719,0.314285714285714,0.333333333333333,0.185714285714286,0.415789473684211,0.341726618705036,0.226415094339623,0.157894736842105,0.181818181818182,0.926829268292683,0.466666666666667,0.566666666666667,3,
0.739130434782609,0.884615384615385,0.888888888888889,0.554585152838428,0.263736263736264,0.169811320754717,0.699346405228758,0.142857142857143,0.666666666666667,0.771428571428571,0.505263157894737,0.624700239808153,0.679245283018868,0.157894736842105,0.863636363636364,0.268292682926829,0.433333333333333,0.5,1,
0.173913043478261,0.5,0.430555555555556,0.11353711790393,0.0989010989010989,0.0943396226415094,0.26797385620915,0.514285714285714,0.166666666666667,0.442857142857143,0.221052631578947,0.189448441247002,0.515723270440252,0.289473684210526,0.136363636363636,0.341463414634146,0.133333333333333,0.166666666666667,2,
0.369565217391304,0.115384615384615,0.472222222222222,0.292576419213974,0.142857142857143,0.113207547169811,0.294117647058824,0.457142857142857,0.166666666666667,0.142857142857143,0.247368421052632,0.219424460431655,0.0880503144654088,0.0263157894736842,0.272727272727273,0.51219512195122,0.7,0.766666666666667,1,
0.347826086956522,0.269230769230769,0.25,0.14410480349345,0.120879120879121,0.0943396226415094,0.065359477124183,0.8,0,0.314285714285714,0.0842105263157895,0.0491606714628297,0.257861635220126,0.0526315789473684,0.318181818181818,0.0975609756097561,0.766666666666667,0.833333333333333,0,
0.217391304347826,0.423076923076923,0.388888888888889,0.174672489082969,0.153846153846154,0.113207547169811,0.228758169934641,0.542857142857143,0.166666666666667,0.357142857142857,0.210526315789474,0.169064748201439,0.446540880503145,0.197368421052632,0.0454545454545455,0.024390243902439,0.3,0.333333333333333,2,
0.260869565217391,0.230769230769231,0.236111111111111,0.0960698689956332,0.0989010989010989,0.0754716981132075,0.0130718954248366,0.914285714285714,0,0.242857142857143,0.0210526315789474,0.013189448441247,0.226415094339623,0.0657894736842105,0.772727272727273,0.170731707317073,0.7,0.7,0,
0.565217391304348,0.846153846153846,0.847222222222222,0.445414847161572,0.164835164835165,0.207547169811321,0.718954248366013,0.114285714285714,0.666666666666667,0.885714285714286,0.5,0.645083932853717,0.654088050314465,0.157894736842105,0.0909090909090909,0.0731707317073171,0.333333333333333,0.5,3,
0.456521739130435,0.0769230769230769,0.361111111111111,0.187772925764192,0.164835164835165,0.132075471698113,0.124183006535948,0.685714285714286,0.0833333333333333,0.128571428571429,0.152631578947368,0.0887290167865707,0.0377358490566038,0.0921052631578947,0.363636363636364,0.170731707317073,0.666666666666667,0.666666666666667,0,
0.260869565217391,0.0384615384615385,0.180555555555556,0.100436681222707,0.120879120879121,0.0754716981132075,0.0261437908496732,0.914285714285714,0,0.0428571428571429,0.0368421052631579,0.0155875299760192,0.113207547169811,0.144736842105263,0.136363636363636,0.48780487804878,0.3,0.266666666666667,1,
0.217391304347826,0.153846153846154,0.194444444444444,0.0611353711790393,0.0879120879120879,0.0377358490566038,0.111111111111111,0.742857142857143,0.0833333333333333,0.128571428571429,0.0842105263157895,0.0731414868105516,0.19496855345912,0.289473684210526,0.181818181818182,0.317073170731707,0.133333333333333,0.1,1,
0.434782608695652,0.538461538461538,0.666666666666667,0.419213973799127,0.208791208791209,0.0943396226415094,0.398692810457516,0.342857142857143,0.333333333333333,0.471428571428571,0.352631578947368,0.321342925659472,0.60377358490566,0.0921052631578947,0,0.0731707317073171,0.633333333333333,0.7,1,
0.5,0.538461538461538,0.875,0.48471615720524,0.241758241758242,0.150943396226415,0.57516339869281,0.2,0.5,0.414285714285714,0.473684210526316,0.496402877697842,0.572327044025157,0.184210526315789,0.272727272727273,0.146341463414634,0.366666666666667,0.433333333333333,3,
0.195652173913043,0.153846153846154,0.361111111111111,0.0960698689956332,0.0769230769230769,0.0943396226415094,0.130718954248366,0.742857142857143,0.0833333333333333,0.128571428571429,0.0947368421052632,0.0815347721822542,0.207547169811321,0.171052631578947,0.772727272727273,0.170731707317073,0.233333333333333,0.2,1,
0.456521739130435,0.153846153846154,0.444444444444444,0.388646288209607,0.274725274725275,0.0754716981132075,0.300653594771242,0.428571428571429,0.166666666666667,0.214285714285714,0.284210526315789,0.241007194244604,0.113207547169811,0.144736842105263,0,0.341463414634146,0.8,0.766666666666667,2,
0.521739130434783,0.461538461538462,0.708333333333333,0.248908296943231,0.175824175824176,0.150943396226415,0.254901960784314,0.542857142857143,0.166666666666667,0.428571428571429,0.189473684210526,0.179856115107914,0.389937106918239,0.0789473684210526,0.818181818181818,0.48780487804878,0.7,0.8,0,
0.391304347826087,0.5,0.527777777777778,0.192139737991266,0.153846153846154,0.132075471698113,0.228758169934641,0.542857142857143,0.166666666666667,0.485714285714286,0.2,0.166666666666667,0.566037735849057,0.144736842105263,0.590909090909091,0.268292682926829,0.433333333333333,0.633333333333333,0,
0.304347826086957,0.461538461538462,0.513888888888889,0.213973799126638,0.131868131868132,0.0943396226415094,0.274509803921569,0.514285714285714,0.166666666666667,0.385714285714286,0.268421052631579,0.199040767386091,0.39622641509434,0.210526315789474,0.681818181818182,0.341463414634146,0.266666666666667,0.266666666666667,3,
0.717391304347826,0.807692307692308,0.833333333333333,0.537117903930131,0.21978021978022,0.0377358490566038,0.901960784313726,0.0285714285714286,0.833333333333333,0.628571428571429,0.789473684210526,0.886091127098321,0.962264150943396,0.381578947368421,0.227272727272727,0.268292682926829,0.2,0.0333333333333333,2,
0.58695652173913,0.692307692307692,0.958333333333333,0.524017467248908,0.21978021978022,0.132075471698113,0.686274509803922,0.114285714285714,0.583333333333333,0.628571428571429,0.568421052631579,0.623501199040767,0.610062893081761,0.171052631578947,0.272727272727273,0.439024390243902,0.433333333333333,0.6,3,
0.369565217391304,0.615384615384615,0.597222222222222,0.362445414847162,0.175824175824176,0.0943396226415094,0.418300653594771,0.314285714285714,0.333333333333333,0.514285714285714,0.394736842105263,0.339328537170264,0.710691823899371,0.144736842105263,0.0454545454545455,0.0487804878048781,0.433333333333333,0.466666666666667,1,
0.304347826086957,0.346153846153846,0.333333333333333,0.200873362445415,0.186813186813187,0.150943396226415,0.137254901960784,0.685714285714286,0.0833333333333333,0.328571428571429,0.142105263157895,0.0971223021582734,0.314465408805031,0.105263157894737,0.318181818181818,0,0.566666666666667,0.666666666666667,0,
0.326086956521739,0.115384615384615,0.527777777777778,0.244541484716157,0.164835164835165,0.0754716981132075,0.183006535947712,0.628571428571429,0.0833333333333333,0.0714285714285714,0.163157894736842,0.123501199040767,0.125786163522013,0.0921052631578947,0.181818181818182,0.853658536585366,0.6,0.7,3,
0.608695652173913,0.769230769230769,0.944444444444444,0.349344978165939,0.0769230769230769,0.188679245283019,0.679738562091503,0.142857142857143,0.583333333333333,0.771428571428571,0.473684210526316,0.600719424460432,0.490566037735849,0.118421052631579,0.181818181818182,0.585365853658537,0.466666666666667,0.666666666666667,3,
0.434782608695652,0.0384615384615385,0.444444444444444,0.174672489082969,0.0989010989010989,0.0754716981132075,0.137254901960784,0.685714285714286,0.0833333333333333,0.0714285714285714,0.147368421052632,0.0947242206235012,0.10062893081761,0.0526315789473684,0.227272727272727,0.48780487804878,0.8,0.833333333333333,1,
0.260869565217391,0.461538461538462,0.416666666666667,0.0698689956331878,0.0769230769230769,0.0943396226415094,0.241830065359477,0.542857142857143,0.166666666666667,0.385714285714286,0.205263157894737,0.170263788968825,0.484276729559748,0.289473684210526,0.363636363636364,0.0975609756097561,0.166666666666667,0.1,2,
0.347826086956522,0.115384615384615,0.402777777777778,0.165938864628821,0.10989010989011,0.0943396226415094,0.150326797385621,0.685714285714286,0.0833333333333333,0.114285714285714,0.126315789473684,0.0983213429256595,0.119496855345912,0.0921052631578947,0.136363636363636,0.878048780487805,0.566666666666667,0.733333333333333,3,
0.260869565217391,0.346153846153846,0.416666666666667,0.11353711790393,0.0989010989010989,0.0943396226415094,0.248366013071895,0.542857142857143,0.166666666666667,0.385714285714286,0.247368421052632,0.172661870503597,0.39622641509434,0.302631578947368,0.454545454545455,0.341463414634146,0.166666666666667,0.133333333333333,2,
0.434782608695652,0.346153846153846,0.333333333333333,0.0829694323144105,0.043956043956044,0.0943396226415094,0.150326797385621,0.714285714285714,0.0833333333333333,0.371428571428571,0.178947368421053,0.0935251798561151,0.289308176100629,0.25,0.727272727272727,0.292682926829268,0.3,0.133333333333333,0,
0.391304347826087,0.5,0.486111111111111,0.353711790393013,0.307692307692308,0.0943396226415094,0.274509803921569,0.457142857142857,0.166666666666667,0.414285714285714,0.252631578947368,0.213429256594724,0.522012578616352,0.171052631578947,0.363636363636364,0.195121951219512,0.533333333333333,0.6,2,
0.456521739130435,0.153846153846154,0.472222222222222,0.283842794759825,0.131868131868132,0.0943396226415094,0.326797385620915,0.428571428571429,0.25,0.214285714285714,0.252631578947368,0.251798561151079,0.132075471698113,0.0526315789473684,0.272727272727273,0.146341463414634,0.733333333333333,0.766666666666667,3,
0.478260869565217,0.384615384615385,0.430555555555556,0.240174672489083,0.186813186813187,0.0754716981132075,0.215686274509804,0.542857142857143,0.166666666666667,0.328571428571429,0.205263157894737,0.165467625899281,0.389937106918239,0.105263157894737,0.363636363636364,0.0975609756097561,0.633333333333333,0.633333333333333,2,
0.260869565217391,0.269230769230769,0.361111111111111,0.074235807860262,0.0549450549450549,0.0377358490566038,0.261437908496732,0.514285714285714,0.166666666666667,0.214285714285714,0.210526315789474,0.18705035971223,0.339622641509434,0.368421052631579,0.590909090909091,0.0731707317073171,0.133333333333333,0.0666666666666667,3,
0.195652173913043,0.384615384615385,0.430555555555556,0.218340611353712,0.230769230769231,0.0943396226415094,0.248366013071895,0.542857142857143,0.166666666666667,0.357142857142857,0.215789473684211,0.175059952038369,0.40251572327044,0.25,0.318181818181818,0.268292682926829,0.166666666666667,0.166666666666667,2,
0.456521739130435,0.461538461538462,0.680555555555556,0.475982532751092,0.263736263736264,0.0566037735849057,0.483660130718954,0.257142857142857,0.416666666666667,0.385714285714286,0.389473684210526,0.418465227817746,0.459119496855346,0.157894736842105,0.181818181818182,0.317073170731707,0.633333333333333,0.566666666666667,2,
0.673913043478261,0.923076923076923,0.875,0.51528384279476,0.274725274725275,0.188679245283019,0.712418300653595,0.114285714285714,0.666666666666667,0.842857142857143,0.489473684210526,0.640287769784173,0.685534591194969,0.171052631578947,0.5,0.292682926829268,0.333333333333333,0.466666666666667,3,
0.760869565217391,0.807692307692308,0.958333333333333,0.37117903930131,0.10989010989011,0.169811320754717,0.705882352941177,0.142857142857143,0.666666666666667,0.8,0.521052631578947,0.629496402877698,0.660377358490566,0.144736842105263,0.545454545454545,0.560975609756098,0.433333333333333,0.666666666666667,1,
0.478260869565217,0.153846153846154,0.430555555555556,0.292576419213974,0.153846153846154,0.132075471698113,0.294117647058824,0.485714285714286,0.25,0.228571428571429,0.252631578947368,0.217026378896883,0.10062893081761,0.0526315789473684,0.227272727272727,0.975609756097561,0.666666666666667,0.9,1,
0.326086956521739,0.230769230769231,0.5,0.222707423580786,0.164835164835165,0.113207547169811,0.163398692810458,0.628571428571429,0.0833333333333333,0.271428571428571,0.136842105263158,0.116306954436451,0.0943396226415094,0.0526315789473684,0.136363636363636,0.146341463414634,0.833333333333333,0.933333333333333,0,
0.282608695652174,0.384615384615385,0.291666666666667,0.0655021834061135,0.0659340659340659,0.113207547169811,0.248366013071895,0.571428571428571,0.166666666666667,0.371428571428571,0.205263157894737,0.170263788968825,0.39622641509434,0.342105263157895,0.363636363636364,0.195121951219512,0.1,0.0333333333333333,2,
0.673913043478261,0.615384615384615,0.902777777777778,0.458515283842795,0.153846153846154,0.169811320754717,0.620915032679739,0.171428571428571,0.583333333333333,0.557142857142857,0.457894736842105,0.543165467625899,0.371069182389937,0.0657894736842105,0,0.463414634146341,0.566666666666667,0.866666666666667,1,
0.326086956521739,0.384615384615385,0.416666666666667,0.318777292576419,0.296703296703297,0.320754716981132,0.261437908496732,0.514285714285714,0.166666666666667,0.357142857142857,0.263157894736842,0.189448441247002,0.371069182389937,0.223684210526316,0.0454545454545455,0.219512195121951,0.333333333333333,0.266666666666667,2,
0.521739130434783,0.0769230769230769,0.361111111111111,0.205240174672489,0.186813186813187,0.113207547169811,0.104575163398693,0.742857142857143,0.0833333333333333,0.157142857142857,0.0947368421052632,0.0743405275779376,0.0188679245283019,0.0921052631578947,0.272727272727273,0.0487804878048781,0.633333333333333,0.633333333333333,0,
0.673913043478261,0.846153846153846,0.902777777777778,0.489082969432314,0.230769230769231,0.169811320754717,0.607843137254902,0.171428571428571,0.5,0.728571428571429,0.478947368421053,0.526378896882494,0.672955974842767,0.157894736842105,0.409090909090909,0.439024390243902,0.433333333333333,0.5,3,
0.760869565217391,0.769230769230769,0.888888888888889,0.336244541484716,0.0989010989010989,0.169811320754717,0.705882352941177,0.142857142857143,0.666666666666667,0.7,0.505263157894737,0.633093525179856,0.660377358490566,0.171052631578947,0.681818181818182,0.439024390243902,0.433333333333333,0.6,1,
0.217391304347826,0.269230769230769,0.263888888888889,0.0524017467248908,0.0659340659340659,0.0943396226415094,0.130718954248366,0.742857142857143,0.0833333333333333,0.271428571428571,0.0789473684210526,0.079136690647482,0.30188679245283,0.328947368421053,0.545454545454545,0.146341463414634,0.0333333333333333,0.0666666666666667,0,
0.326086956521739,0.346153846153846,0.361111111111111,0.126637554585153,0.10989010989011,0.0754716981132075,0.0718954248366013,0.8,0,0.371428571428571,0.0894736842105263,0.0515587529976019,0.320754716981132,0.0921052631578947,0.363636363636364,0.0975609756097561,0.566666666666667,0.566666666666667,0,
0.326086956521739,0.423076923076923,0.430555555555556,0.266375545851528,0.252747252747253,0.0943396226415094,0.209150326797386,0.571428571428571,0.166666666666667,0.328571428571429,0.194736842105263,0.15347721822542,0.39622641509434,0.157894736842105,0.181818181818182,0.0975609756097561,0.4,0.4,2,
0.478260869565217,0.5,0.888888888888889,0.454148471615721,0.208791208791209,0.132075471698113,0.516339869281046,0.257142857142857,0.416666666666667,0.428571428571429,0.421052631578947,0.430455635491607,0.377358490566038,0.118421052631579,0,0.682926829268293,0.466666666666667,0.633333333333333,1,
0.260869565217391,0.269230769230769,0.361111111111111,0.139737991266376,0.120879120879121,0.0754716981132075,0.196078431372549,0.628571428571429,0.166666666666667,0.271428571428571,0.178947368421053,0.133093525179856,0.345911949685535,0.236842105263158,0.0909090909090909,0.536585365853659,0.2,0.166666666666667,1,
0.391304347826087,0.230769230769231,0.513888888888889,0.213973799126638,0.131868131868132,0.113207547169811,0.176470588235294,0.628571428571429,0.0833333333333333,0.3,0.152631578947368,0.12589928057554,0.0880503144654088,0.0394736842105263,0.363636363636364,0.414634146341463,0.833333333333333,0.933333333333333,0,
0.5,0.5,0.416666666666667,0.393013100436681,0.252747252747253,0.0754716981132075,0.359477124183007,0.371428571428571,0.25,0.428571428571429,0.278947368421053,0.29136690647482,0.389937106918239,0.131578947368421,0.772727272727273,0.24390243902439,0.8,0.733333333333333,2,
0.760869565217391,0.615384615384615,0.875,0.419213973799127,0.164835164835165,0.150943396226415,0.61437908496732,0.171428571428571,0.5,0.528571428571429,0.510526315789474,0.540767386091127,0.666666666666667,0.171052631578947,0.272727272727273,0.390243902439024,0.433333333333333,0.566666666666667,1,
0.630434782608696,0.807692307692308,0.805555555555556,0.423580786026201,0.153846153846154,0.0754716981132075,0.738562091503268,0.0857142857142857,0.666666666666667,0.671428571428571,0.610526315789474,0.697841726618705,0.767295597484277,0.263157894736842,0.409090909090909,0.341463414634146,0.4,0.2,2,
0.673913043478261,0.769230769230769,0.847222222222222,0.414847161572052,0.197802197802198,0.169811320754717,0.660130718954248,0.142857142857143,0.583333333333333,0.714285714285714,0.452631578947368,0.579136690647482,0.70440251572327,0.171052631578947,0.545454545454545,0.292682926829268,0.366666666666667,0.566666666666667,1,
0.260869565217391,0.461538461538462,0.458333333333333,0.275109170305677,0.241758241758242,0.113207547169811,0.202614379084967,0.571428571428571,0.0833333333333333,0.428571428571429,0.226315789473684,0.147482014388489,0.421383647798742,0.157894736842105,0.0909090909090909,0,0.466666666666667,0.6,0,
0.326086956521739,0.269230769230769,0.208333333333333,0.0436681222707424,0.0659340659340659,0.0943396226415094,0.130718954248366,0.771428571428571,0.0833333333333333,0.3,0.0631578947368421,0.0779376498800959,0.308176100628931,0.368421052631579,0,0.170731707317073,0,0.0666666666666667,0,
0.58695652173913,0.653846153846154,0.805555555555556,0.436681222707424,0.175824175824176,0.0754716981132075,0.69281045751634,0.114285714285714,0.583333333333333,0.542857142857143,0.536842105263158,0.641486810551559,0.654088050314465,0.236842105263158,0.363636363636364,0.170731707317073,0.433333333333333,0.266666666666667,2,
0.739130434782609,0.461538461538462,0.722222222222222,0.406113537117904,0.164835164835165,0.150943396226415,0.496732026143791,0.257142857142857,0.416666666666667,0.428571428571429,0.378947368421053,0.410071942446043,0.314465408805031,0.0657894736842105,0.545454545454545,0.48780487804878,0.633333333333333,0.733333333333333,3,
0.326086956521739,0.230769230769231,0.416666666666667,0.270742358078603,0.208791208791209,0.0943396226415094,0.235294117647059,0.514285714285714,0.166666666666667,0.228571428571429,0.194736842105263,0.177458033573141,0.213836477987421,0.131578947368421,0.227272727272727,0.317073170731707,0.566666666666667,0.666666666666667,2,
0.521739130434783,0.576923076923077,0.902777777777778,0.471615720524017,0.186813186813187,0.169811320754717,0.581699346405229,0.2,0.5,0.528571428571429,0.431578947368421,0.501199040767386,0.333333333333333,0.0657894736842105,0.0909090909090909,0.170731707317073,0.566666666666667,0.7,3,
0.41304347826087,0.730769230769231,0.736111111111111,0.436681222707424,0.21978021978022,0.132075471698113,0.503267973856209,0.257142857142857,0.416666666666667,0.614285714285714,0.442105263157895,0.422062350119904,0.823899371069182,0.171052631578947,0.0909090909090909,0.121951219512195,0.4,0.466666666666667,3,
0.260869565217391,0.192307692307692,0.319444444444444,0.11353711790393,0.0879120879120879,0.0943396226415094,0.065359477124183,0.828571428571429,0,0.171428571428571,0.0368421052631579,0.0419664268585132,0.220125786163522,0.0657894736842105,0.909090909090909,0.195121951219512,0.633333333333333,0.666666666666667,3,
0.543478260869565,0.192307692307692,0.444444444444444,0.384279475982533,0.241758241758242,0.0566037735849057,0.352941176470588,0.342857142857143,0.25,0.185714285714286,0.310526315789474,0.29136690647482,0.182389937106918,0.144736842105263,0.0454545454545455,0.0731707317073171,0.8,0.7,2,
0.478260869565217,0.384615384615385,0.777777777777778,0.427947598253275,0.197802197802198,0.150943396226415,0.503267973856209,0.257142857142857,0.416666666666667,0.357142857142857,0.457894736842105,0.419664268585132,0.358490566037736,0.157894736842105,0.272727272727273,0.658536585365854,0.466666666666667,0.533333333333333,3,
0.369565217391304,0.423076923076923,0.444444444444444,0.231441048034935,0.186813186813187,0.113207547169811,0.163398692810458,0.628571428571429,0.0833333333333333,0.371428571428571,0.152631578947368,0.118705035971223,0.389937106918239,0.0789473684210526,0.409090909090909,0.0975609756097561,0.666666666666667,0.733333333333333,0,
