84,18,4,
0.369565217391304,0.538461538461538,0.625,0.248908296943231,0.186813186813187,0.150943396226415,0.333333333333333,0.457142857142857,0.25,0.6,0.247368421052632,0.245803357314149,0.477987421383648,0.184210526315789,0.409090909090909,0,0.3,0.466666666666667,0,
0.456521739130435,0.653846153846154,0.611111111111111,0.148471615720524,0.10989010989011,0.150943396226415,0.287581699346405,0.514285714285714,0.25,0.742857142857143,0.215789473684211,0.200239808153477,0.490566037735849,0.236842105263158,0.227272727272727,0.146341463414634,0.2,0.333333333333333,0,
0.326086956521739,0.346153846153846,0.333333333333333,0.205240174672489,0.164835164835165,0.113207547169811,0.117647058823529,0.714285714285714,0.0833333333333333,0.342857142857143,0.105263157894737,0.0827338129496403,0.327044025157233,0.0526315789473684,0.136363636363636,0.0487804878048781,0.9,0.966666666666667,0,
0.347826086956522,0.346153846153846,0.361111111111111,0.091703056768559,0.0659340659340659,0.0943396226415094,0.124183006535948,0.714285714285714,0.0833333333333333,0.371428571428571,0.168421052631579,0.0839328537170264,0.333333333333333,0.184210526315789,0.454545454545455,0.414634146341463,0.4,0.333333333333333,0,
0.260869565217391,0.461538461538462,0.458333333333333,0.275109170305677,0.241758241758242,0.113207547169811,0.202614379084967,0.571428571428571,0.0833333333333333,0.428571428571429,0.226315789473684,0.147482014388489,0.421383647798742,0.157894736842105,0.0909090909090909,0,0.466666666666667,0.6,0,
0.434782608695652,0.269230769230769,0.458333333333333,0.152838427947598,0.120879120879121,0.0754716981132075,0.156862745098039,0.657142857142857,0.0833333333333333,0.285714285714286,0.189473684210526,0.109112709832134,0.176100628930818,0.184210526315789,0,0,0.366666666666667,0.233333333333333,0,
0.41304347826087,0.0769230769230769,0.25,0.139737991266376,0.120879120879121,0.0754716981132075,0.065359477124183,0.828571428571429,0,0.2,0.0631578947368421,0.0455635491606715,0.0440251572327044,0.0657894736842105,0.272727272727273,0.414634146341463,0.7,0.733333333333333,0,
0.326086956521739,0.0769230769230769,0.277777777777778,0.170305676855895,0.131868131868132,0.0943396226415094,0.104575163398693,0.742857142857143,0.0833333333333333,0.157142857142857,0.0894736842105263,0.0743405275779376,0,0.0394736842105263,0.0454545454545455,0.146341463414634,0.866666666666667,0.933333333333333,0,
0.434782608695652,0.384615384615385,0.625,0.126637554585153,0.0769230769230769,0.150943396226415,0.281045751633987,0.514285714285714,0.166666666666667,0.5,0.231578947368421,0.200239808153477,0.352201257861635,0.210526315789474,0.545454545454545,0.317073170731707,0.266666666666667,0.5,0,
0.543478260869565,0.192307692307692,0.416666666666667,0.091703056768559,0.0549450549450549,0.113207547169811,0.117647058823529,0.771428571428571,0.0833333333333333,0.3,0.142105263157895,0.0707434052757794,0.144654088050314,0.197368421052632,0,0.317073170731707,0.333333333333333,0.133333333333333,0,
0.369565217391304,0.5,0.555555555555556,0.170305676855895,0.164835164835165,0.169811320754717,0.30718954248366,0.485714285714286,0.25,0.542857142857143,0.205263157894737,0.218225419664269,0.484276729559748,0.197368421052632,0.772727272727273,0.170731707317073,0.3,0.4,0,
0.521739130434783,0.461538461538462,0.666666666666667,0.301310043668122,0.21978021978022,0.150943396226415,0.294117647058824,0.485714285714286,0.25,0.557142857142857,0.226315789473684,0.217026378896883,0.30188679245283,0.105263157894737,0.363636363636364,0.292682926829268,0.533333333333333,0.633333333333333,0,
0.456521739130435,0.576923076923077,0.652777777777778,0.253275109170306,0.186813186813187,0.150943396226415,0.294117647058824,0.485714285714286,0.25,0.614285714285714,0.257894736842105,0.21462829736211,0.484276729559748,0.210526315789474,0.181818181818182,0.365853658536585,0.266666666666667,0.466666666666667,0,
0.282608695652174,0.115384615384615,0.416666666666667,0.170305676855895,0.153846153846154,0.132075471698113,0.137254901960784,0.685714285714286,0.0833333333333333,0.171428571428571,0.121052631578947,0.0983213429256595,0.113207547169811,0.0921052631578947,0.0909090909090909,0.24390243902439,0.6,0.7,0,
0.456521739130435,0.615384615384615,0.652777777777778,0.14410480349345,0.0769230769230769,0.169811320754717,0.300653594771242,0.485714285714286,0.25,0.628571428571429,0.252631578947368,0.218225419664269,0.484276729559748,0.210526315789474,0.227272727272727,0.121951219512195,0.233333333333333,0.433333333333333,0,
0.5,0.230769230769231,0.25,0.0567685589519651,0.043956043956044,0.0754716981132075,0.137254901960784,0.742857142857143,0.0833333333333333,0.3,0.126315789473684,0.0851318944844125,0.257861635220126,0.355263157894737,0.272727272727273,0,0.166666666666667,0.0333333333333333,0,
0.434782608695652,0.461538461538462,0.597222222222222,0.165938864628821,0.0989010989010989,0.150943396226415,0.294117647058824,0.485714285714286,0.25,0.528571428571429,0.263157894736842,0.215827338129496,0.49685534591195,0.210526315789474,0.0454545454545455,0.51219512195122,0.266666666666667,0.533333333333333,0,
0.369565217391304,0.538461538461538,0.625,0.196506550218341,0.142857142857143,0.150943396226415,0.281045751633987,0.485714285714286,0.166666666666667,0.528571428571429,0.257894736842105,0.205035971223022,0.484276729559748,0.210526315789474,0.0454545454545455,0.121951219512195,0.3,0.5,0,
0.347826086956522,0.5,0.513888888888889,0.091703056768559,0.0549450549450549,0.150943396226415,0.287581699346405,0.514285714285714,0.25,0.6,0.215789473684211,0.200239808153477,0.427672955974843,0.25,0.318181818181818,0.414634146341463,0.233333333333333,0.333333333333333,0,
0.347826086956522,0.461538461538462,0.569444444444444,0.620087336244541,0.604395604395604,0.773584905660377,0.281045751633987,0.514285714285714,0.25,0.6,0.368421052631579,0.195443645083933,0.427672955974843,0.407894736842105,0.409090909090909,0.414634146341463,0.233333333333333,0.366666666666667,0,
0.391304347826087,0.230769230769231,0.597222222222222,0.314410480349345,0.131868131868132,0.0943396226415094,0.372549019607843,0.371428571428571,0.25,0.2,0.315789473684211,0.290167865707434,0.207547169811321,0.105263157894737,0,0.585365853658537,0.533333333333333,0.6,1,
0.260869565217391,0,0,0.0480349344978166,0.10989010989011,0.0188679245283019,0,1,0,0.0142857142857143,0,0,0.113207547169811,0.355263157894737,0.545454545454545,0.51219512195122,0.166666666666667,0.0666666666666667,1,
0.41304347826087,0.153846153846154,0.638888888888889,0.275109170305677,0.142857142857143,0.0943396226415094,0.300653594771242,0.457142857142857,0.25,0.185714285714286,0.268421052631579,0.226618705035971,0.220125786163522,0.118421052631579,0.409090909090909,0.51219512195122,0.466666666666667,0.5,1,
0.630434782608696,0.576923076923077,0.902777777777778,0.480349344978166,0.186813186813187,0.150943396226415,0.581699346405229,0.2,0.5,0.485714285714286,0.442105263157895,0.498800959232614,0.433962264150943,0.0657894736842105,0,0.609756097560976,0.533333333333333,0.766666666666667,1,
0.673913043478261,0.653846153846154,0.777777777777778,0.467248908296943,0.197802197802198,0.150943396226415,0.490196078431373,0.257142857142857,0.416666666666667,0.542857142857143,0.405263157894737,0.411270983213429,0.540880503144654,0.0789473684210526,0.136363636363636,0.170731707317073,0.633333333333333,0.833333333333333,1,
0.41304347826087,0.5,0.597222222222222,0.218340611353712,0.0989010989010989,0.0754716981132075,0.313725490196078,0.428571428571429,0.25,0.428571428571429,0.289473684210526,0.237410071942446,0.471698113207547,0.157894736842105,0.454545454545455,0.121951219512195,0.333333333333333,0.333333333333333,1,
0.369565217391304,0.230769230769231,0.680555555555556,0.336244541484716,0.164835164835165,0.113207547169811,0.411764705882353,0.342857142857143,0.333333333333333,0.2,0.368421052631579,0.328537170263789,0.283018867924528,0.144736842105263,0.5,0.365853658536585,0.433333333333333,0.466666666666667,1,
0.695652173913043,0.769230769230769,0.944444444444444,0.445414847161572,0.175824175824176,0.188679245283019,0.718954248366013,0.142857142857143,0.666666666666667,0.714285714285714,0.505263157894737,0.633093525179856,0.578616352201258,0.157894736842105,0.681818181818182,0.853658536585366,0.433333333333333,0.733333333333333,1,
0.282608695652174,0.115384615384615,0.527777777777778,0.183406113537118,0.120879120879121,0.0943396226415094,0.150326797385621,0.685714285714286,0.0833333333333333,0.0857142857142857,0.131578947368421,0.103117505995204,0.245283018867925,0.0921052631578947,0,0.609756097560976,0.466666666666667,0.466666666666667,1,
0.391304347826087,0.384615384615385,0.444444444444444,0.165938864628821,0.0989010989010989,0.0943396226415094,0.241830065359477,0.542857142857143,0.166666666666667,0.314285714285714,0.2,0.171462829736211,0.352201257861635,0.171052631578947,0.590909090909091,0.560975609756098,0.333333333333333,0.333333333333333,1,
0.521739130434783,0.423076923076923,0.763888888888889,0.427947598253275,0.208791208791209,0.132075471698113,0.496732026143791,0.257142857142857,0.416666666666667,0.371428571428571,0.452631578947368,0.410071942446043,0.415094339622642,0.171052631578947,0.681818181818182,0.268292682926829,0.466666666666667,0.533333333333333,1,
0.217391304347826,0.115384615384615,0.194444444444444,0.0655021834061135,0.10989010989011,0.0754716981132075,0.104575163398693,0.771428571428571,0.0833333333333333,0.1,0.068421052631579,0.0647482014388489,0.188679245283019,0.302631578947368,0.272727272727273,0.0731707317073171,0.1,0.0666666666666667,1,
0.673913043478261,0.692307692307692,0.902777777777778,0.279475982532751,0.0769230769230769,0.150943396226415,0.627450980392157,0.171428571428571,0.583333333333333,0.628571428571429,0.473684210526316,0.547961630695444,0.70440251572327,0.171052631578947,0.409090909090909,0.48780487804878,0.366666666666667,0.533333333333333,1,
0.760869565217391,0.615384615384615,0.958333333333333,0.436681222707424,0.153846153846154,0.169811320754717,0.65359477124183,0.142857142857143,0.583333333333333,0.585714285714286,0.521052631578947,0.57673860911271,0.666666666666667,0.157894736842105,0.727272727272727,0.268292682926829,0.466666666666667,0.6,1,
0.304347826086957,0.153846153846154,0.277777777777778,0.122270742358079,0.10989010989011,0.0754716981132075,0.104575163398693,0.742857142857143,0.0833333333333333,0.157142857142857,0.126315789473684,0.0707434052757794,0.144654088050314,0.157894736842105,0.0454545454545455,0.341463414634146,0.333333333333333,0.366666666666667,1,
0.478260869565217,0.5,0.888888888888889,0.454148471615721,0.208791208791209,0.132075471698113,0.516339869281046,0.257142857142857,0.416666666666667,0.428571428571429,0.421052631578947,0.430455635491607,0.377358490566038,0.118421052631579,0,0.682926829268293,0.466666666666667,0.633333333333333,1,
0.195652173913043,0.153846153846154,0.263888888888889,0.131004366812227,0.175824175824176,0.0943396226415094,0.150326797385621,0.714285714285714,0.0833333333333333,0.142857142857143,0.110526315789474,0.0959232613908873,0.213836477987421,0.302631578947368,0.5,0.585365853658537,0.1,0.133333333333333,1,
0.456521739130435,0.192307692307692,0.666666666666667,0.327510917030568,0.142857142857143,0.0943396226415094,0.379084967320261,0.371428571428571,0.333333333333333,0.185714285714286,0.305263157894737,0.300959232613909,0.220125786163522,0.0921052631578947,0.0909090909090909,0.682926829268293,0.633333333333333,0.766666666666667,1,
0.347826086956522,0.192307692307692,0.555555555555556,0.283842794759825,0.131868131868132,0.0943396226415094,0.320261437908497,0.428571428571429,0.25,0.185714285714286,0.294736842105263,0.245803357314149,0.176100628930818,0.118421052631579,0.227272727272727,0.365853658536585,0.533333333333333,0.533333333333333,1,
0.260869565217391,0,0.138888888888889,0,0.0659340659340659,0.0377358490566038,0.0196078431372549,0.942857142857143,0,0,0.0315789473684211,0.0107913669064748,0.113207547169811,0.315789473684211,0.0454545454545455,0.731707317073171,0.1,0.133333333333333,1,
0.673913043478261,0.769230769230769,0.847222222222222,0.375545851528384,0.175824175824176,0.150943396226415,0.660130718954248,0.171428571428571,0.583333333333333,0.685714285714286,0.463157894736842,0.575539568345324,0.584905660377358,0.197368421052632,0.590909090909091,0.51219512195122,0.4,0.566666666666667,1,
0.152173913043478,0.423076923076923,0.388888888888889,0.0698689956331878,0.0659340659340659,0.113207547169811,0.254901960784314,0.542857142857143,0.166666666666667,0.4,0.210526315789474,0.178657074340528,0.509433962264151,0.276315789473684,0.181818181818182,0.390243902439024,0.133333333333333,0.133333333333333,2,
0.260869565217391,0.384615384615385,0.361111111111111,0.074235807860262,0.0769230769230769,0.0943396226415094,0.248366013071895,0.571428571428571,0.166666666666667,0.414285714285714,0.205263157894737,0.167865707434053,0.415094339622642,0.368421052631579,0,0.121951219512195,0.1,0.0333333333333333,2,
0.739130434782609,0.923076923076923,0.916666666666667,0.296943231441048,0.032967032967033,0.0754716981132075,0.934640522875817,0,0.916666666666667,0.728571428571429,0.789473684210526,0.926858513189448,0.974842767295597,0.342105263157895,0.227272727272727,0.219512195121951,0.166666666666667,0.0666666666666667,2,
0.717391304347826,0.769230769230769,0.805555555555556,0.218340611353712,0,0.0377358490566038,0.816993464052288,0.0571428571428571,0.75,0.657142857142857,0.7,0.784172661870504,0.710691823899371,0.302631578947368,0.181818181818182,0.414634146341463,0.3,0.1,2,
0.260869565217391,0.346153846153846,0.361111111111111,0.0786026200873362,0.0769230769230769,0.0754716981132075,0.235294117647059,0.571428571428571,0.166666666666667,0.328571428571429,0.221052631578947,0.15947242206235,0.408805031446541,0.381578947368421,0.272727272727273,0.341463414634146,0.133333333333333,0.0333333333333333,2,
0.456521739130435,0.384615384615385,0.333333333333333,0.301310043668122,0.241758241758242,0.0943396226415094,0.248366013071895,0.485714285714286,0.166666666666667,0.342857142857143,0.205263157894737,0.191846522781775,0.427672955974843,0.118421052631579,0.409090909090909,0.024390243902439,0.766666666666667,0.833333333333333,2,
0.5,0.5,0.472222222222222,0.427947598253275,0.296703296703297,0.0566037735849057,0.333333333333333,0.371428571428571,0.25,0.442857142857143,0.289473684210526,0.268585131894484,0.515723270440252,0.144736842105263,0.318181818181818,0.195121951219512,0.666666666666667,0.633333333333333,2,
0.565217391304348,0.538461538461538,0.708333333333333,0.532751091703057,0.296703296703297,0.0566037735849057,0.588235294117647,0.171428571428571,0.5,0.428571428571429,0.547368421052632,0.533573141486811,0.484276729559748,0.263157894736842,0.181818181818182,0.268292682926829,0.533333333333333,0.333333333333333,2,
0.347826086956522,0.423076923076923,0.416666666666667,0.235807860262009,0.186813186813187,0.0754716981132075,0.189542483660131,0.6,0.0833333333333333,0.357142857142857,0.178947368421053,0.1378896882494,0.40251572327044,0.0921052631578947,0.409090909090909,0.268292682926829,0.566666666666667,0.6,2,
0.282608695652174,0.5,0.416666666666667,0.196506550218341,0.197802197802198,0.113207547169811,0.241830065359477,0.542857142857143,0.166666666666667,0.4,0.210526315789474,0.176258992805755,0.477987421383648,0.236842105263158,0.272727272727273,0.146341463414634,0.233333333333333,0.233333333333333,2,
0.717391304347826,0.807692307692308,0.833333333333333,0.537117903930131,0.21978021978022,0.0377358490566038,0.901960784313726,0.0285714285714286,0.833333333333333,0.628571428571429,0.789473684210526,0.886091127098321,0.962264150943396,0.381578947368421,0.227272727272727,0.268292682926829,0.2,0.0333333333333333,2,
0.217391304347826,0.5,0.430555555555556,0.22707423580786,0.252747252747253,0.0754716981132075,0.254901960784314,0.514285714285714,0.166666666666667,0.414285714285714,0.231578947368421,0.184652278177458,0.559748427672956,0.276315789473684,0.136363636363636,0.268292682926829,0.166666666666667,0.166666666666667,2,
0.391304347826087,0.461538461538462,0.5,0.292576419213974,0.241758241758242,0.0943396226415094,0.248366013071895,0.514285714285714,0.166666666666667,0.371428571428571,0.210526315789474,0.18705035971223,0.440251572327044,0.131578947368421,0.545454545454545,0.024390243902439,0.633333333333333,0.666666666666667,2,
0.804347826086957,0.884615384615385,0.958333333333333,0.414847161572052,0.10989010989011,0.0566037735849057,0.908496732026144,0.0285714285714286,0.833333333333333,0.728571428571429,0.747368421052632,0.892086330935252,1,0.302631578947368,0.5,0.24390243902439,0.233333333333333,0.0666666666666667,2,
0.304347826086957,0.307692307692308,0.458333333333333,0.235807860262009,0.186813186813187,0.0943396226415094,0.254901960784314,0.514285714285714,0.166666666666667,0.285714285714286,0.236842105263158,0.188249400479616,0.270440251572327,0.184210526315789,0.136363636363636,0.195121951219512,0.466666666666667,0.433333333333333,2,
0.195652173913043,0.384615384615385,0.458333333333333,0.235807860262009,0.230769230769231,0.0943396226415094,0.254901960784314,0.514285714285714,0.166666666666667,0.385714285714286,0.268421052631579,0.183453237410072,0.40251572327044,0.276315789473684,0.0909090909090909,0.414634146341463,0.233333333333333,0.233333333333333,2,
0.41304347826087,0.153846153846154,0.486111111111111,0.349344978165939,0.252747252747253,0.0754716981132075,0.274509803921569,0.457142857142857,0.166666666666667,0.185714285714286,0.284210526315789,0.21462829736211,0.113207547169811,0.157894736842105,0,0.0975609756097561,0.733333333333333,0.7,2,
0.195652173913043,0.384615384615385,0.458333333333333,0.218340611353712,0.197802197802198,0.0943396226415094,0.254901960784314,0.514285714285714,0.166666666666667,0.357142857142857,0.252631578947368,0.188249400479616,0.320754716981132,0.223684210526316,0.227272727272727,0.268292682926829,0.3,0.266666666666667,2,
0.239130434782609,0.461538461538462,0.388888888888889,0.192139737991266,0.186813186813187,0.0754716981132075,0.222222222222222,0.571428571428571,0.166666666666667,0.342857142857143,0.2,0.15947242206235,0.446540880503145,0.210526315789474,0.227272727272727,0.024390243902439,0.233333333333333,0.2,2,
0.195652173913043,0.307692307692308,0.416666666666667,0.222707423580786,0.186813186813187,0.0943396226415094,0.235294117647059,0.542857142857143,0.166666666666667,0.285714285714286,0.221052631578947,0.172661870503597,0.270440251572327,0.171052631578947,0.227272727272727,0.414634146341463,0.366666666666667,0.466666666666667,2,
0.282608695652174,0.461538461538462,0.458333333333333,0.209606986899563,0.175824175824176,0.0754716981132075,0.241830065359477,0.514285714285714,0.166666666666667,0.385714285714286,0.210526315789474,0.1810551558753,0.421383647798742,0.157894736842105,0.272727272727273,0.024390243902439,0.433333333333333,0.5,2,
0.543478260869565,0.730769230769231,0.638888888888889,0.449781659388646,0.241758241758242,0.0566037735849057,0.522875816993464,0.2,0.416666666666667,0.614285714285714,0.431578947368421,0.462829736211031,0.70440251572327,0.210526315789474,0.181818181818182,0.146341463414634,0.6,0.466666666666667,2,
0.608695652173913,0.769230769230769,0.944444444444444,0.349344978165939,0.0769230769230769,0.188679245283019,0.679738562091503,0.142857142857143,0.583333333333333,0.771428571428571,0.473684210526316,0.600719424460432,0.490566037735849,0.118421052631579,0.181818181818182,0.585365853658537,0.466666666666667,0.666666666666667,3,
0.173913043478261,0.192307692307692,0.180555555555556,0.0829694323144105,0.120879120879121,0.0754716981132075,0.143790849673203,0.714285714285714,0.0833333333333333,0.142857142857143,0.0894736842105263,0.0899280575539568,0.245283018867925,0.315789473684211,0.454545454545455,0.146341463414634,0.0333333333333333,0.1,3,
0.326086956521739,0.115384615384615,0.527777777777778,0.244541484716157,0.164835164835165,0.0754716981132075,0.183006535947712,0.628571428571429,0.0833333333333333,0.0714285714285714,0.163157894736842,0.123501199040767,0.125786163522013,0.0921052631578947,0.181818181818182,0.853658536585366,0.6,0.7,3,
0.152173913043478,0.192307692307692,0.333333333333333,0.11353711790393,0.131868131868132,0.113207547169811,0.143790849673203,0.714285714285714,0.0833333333333333,0.114285714285714,0.115789473684211,0.0899280575539568,0.163522012578616,0.223684210526316,0.0454545454545455,0.560975609756098,0.1,0.233333333333333,3,
0.652173913043478,0.576923076923077,0.847222222222222,0.436681222707424,0.164835164835165,0.188679245283019,0.57516339869281,0.2,0.5,0.571428571428571,0.447368421052632,0.492805755395683,0.345911949685535,0.0921052631578947,0.363636363636364,0.536585365853659,0.533333333333333,0.7,3,
0.58695652173913,0.730769230769231,0.958333333333333,0.528384279475983,0.230769230769231,0.150943396226415,0.718954248366013,0.114285714285714,0.666666666666667,0.671428571428571,0.58421052631579,0.655875299760192,0.616352201257862,0.184210526315789,0.318181818181818,0.682926829268293,0.4,0.6,3,
0.326086956521739,0.269230769230769,0.541666666666667,0.344978165938865,0.164835164835165,0.0943396226415094,0.418300653594771,0.342857142857143,0.333333333333333,0.285714285714286,0.368421052631579,0.333333333333333,0.257861635220126,0.0921052631578947,0,0.707317073170732,0.433333333333333,0.6,3,
0.239130434782609,0.192307692307692,0.472222222222222,0.148471615720524,0.10989010989011,0.113207547169811,0.176470588235294,0.657142857142857,0.0833333333333333,0.128571428571429,0.157894736842105,0.117505995203837,0.113207547169811,0.171052631578947,0.409090909090909,0.48780487804878,0.233333333333333,0.333333333333333,3,
0.434782608695652,0.346153846153846,0.666666666666667,0.366812227074236,0.164835164835165,0.150943396226415,0.464052287581699,0.285714285714286,0.333333333333333,0.328571428571429,0.410526315789474,0.383693045563549,0.371069182389937,0.144736842105263,0.136363636363636,0.292682926829268,0.433333333333333,0.533333333333333,3,
0.739130434782609,0.884615384615385,0.902777777777778,0.427947598253275,0.153846153846154,0.169811320754717,0.712418300653595,0.114285714285714,0.666666666666667,0.871428571428571,0.547368421052632,0.648681055155875,0.647798742138365,0.171052631578947,0.681818181818182,0.024390243902439,0.433333333333333,0.5,3,
0.673913043478261,0.807692307692308,0.708333333333333,0.458515283842795,0.21978021978022,0.169811320754717,0.69281045751634,0.142857142857143,0.583333333333333,0.742857142857143,0.489473684210526,0.615107913669065,0.547169811320755,0.197368421052632,0.181818181818182,0.51219512195122,0.366666666666667,0.5,3,
0.717391304347826,0.846153846153846,0.805555555555556,0.524017467248908,0.230769230769231,0.169811320754717,0.673202614379085,0.142857142857143,0.583333333333333,0.742857142857143,0.484210526315789,0.593525179856115,0.660377358490566,0.118421052631579,0.0909090909090909,0.707317073170732,0.433333333333333,0.666666666666667,3,
0.782608695652174,0.692307692307692,0.833333333333333,0.406113537117904,0.131868131868132,0.150943396226415,0.522875816993464,0.228571428571429,0.416666666666667,0.614285714285714,0.421052631578947,0.442446043165468,0.540880503144654,0.0657894736842105,0.636363636363636,0.0731707317073171,0.666666666666667,0.7,3,
0.652173913043478,0.653846153846154,0.805555555555556,0.471615720524017,0.175824175824176,0.132075471698113,0.529411764705882,0.228571428571429,0.416666666666667,0.614285714285714,0.442105263157895,0.459232613908873,0.477987421383648,0.0657894736842105,0.227272727272727,0.121951219512195,0.733333333333333,0.766666666666667,3,
0.565217391304348,0.846153846153846,0.847222222222222,0.502183406113537,0.230769230769231,0.150943396226415,0.73202614379085,0.114285714285714,0.666666666666667,0.857142857142857,0.515789473684211,0.663069544364508,0.654088050314465,0.197368421052632,0.5,0.48780487804878,0.366666666666667,0.5,3,
0.521739130434783,0.846153846153846,0.875,0.406113537117904,0.175824175824176,0.169811320754717,0.673202614379085,0.142857142857143,0.583333333333333,0.771428571428571,0.468421052631579,0.591127098321343,0.691823899371069,0.210526315789474,0.227272727272727,0.585365853658537,0.3,0.433333333333333,3,
0.478260869565217,0.384615384615385,0.777777777777778,0.427947598253275,0.197802197802198,0.150943396226415,0.503267973856209,0.257142857142857,0.416666666666667,0.357142857142857,0.457894736842105,0.419664268585132,0.358490566037736,0.157894736842105,0.272727272727273,0.658536585365854,0.466666666666667,0.533333333333333,3,
0.630434782608696,0.384615384615385,0.777777777777778,0.406113537117904,0.175824175824176,0.150943396226415,0.477124183006536,0.285714285714286,0.416666666666667,0.342857142857143,0.378947368421053,0.394484412470024,0.188679245283019,0.0789473684210526,0.363636363636364,0.292682926829268,0.633333333333333,0.766666666666667,3,
0.41304347826087,0.346153846153846,0.486111111111111,0.296943231441048,0.142857142857143,0.113207547169811,0.228758169934641,0.542857142857143,0.166666666666667,0.342857142857143,0.231578947368421,0.165467625899281,0.320754716981132,0.0394736842105263,1,0.24390243902439,1,1,3,
0.652173913043478,0.807692307692308,0.930555555555556,0.37117903930131,0.0989010989010989,0.169811320754717,0.725490196078431,0.114285714285714,0.666666666666667,0.8,0.5,0.65347721822542,0.572327044025157,0.144736842105263,0,0.707317073170732,0.366666666666667,0.666666666666667,3,
0.608695652173913,0.884615384615385,0.833333333333333,0.436681222707424,0.164835164835165,0.188679245283019,0.751633986928105,0.114285714285714,0.666666666666667,0.857142857142857,0.531578947368421,0.68705035971223,0.59748427672956,0.184210526315789,0,0.268292682926829,0.333333333333333,0.533333333333333,3,
