85,18,4,
0.456521739130435,0.461538461538462,0.569444444444444,0.270742358078603,0.21978021978022,0.132075471698113,0.215686274509804,0.571428571428571,0.166666666666667,0.414285714285714,0.178947368421053,0.154676258992806,0.440251572327044,0.0921052631578947,0.5,0.341463414634146,0.6,0.7,0,
0.195652173913043,0.384615384615385,0.416666666666667,0.637554585152838,0.637362637362637,1,0.176470588235294,0.628571428571429,0.0833333333333333,0.385714285714286,0.531578947368421,0.12589928057554,0.39622641509434,0.526315789473684,0.181818181818182,0.219512195121951,0.466666666666667,0.6,0,
0.347826086956522,0.423076923076923,0.416666666666667,0.14410480349345,0.120879120879121,0.0754716981132075,0.156862745098039,0.657142857142857,0.0833333333333333,0.4,0.2,0.106714628297362,0.358490566037736,0.25,0.454545454545455,0.0731707317073171,0.333333333333333,0.2,0,
0.369565217391304,0.576923076923077,0.527777777777778,0.131004366812227,0.0989010989010989,0.169811320754717,0.313725490196078,0.485714285714286,0.25,0.7,0.205263157894737,0.218225419664269,0.477987421383648,0.223684210526316,0.0454545454545455,0.341463414634146,0.2,0.366666666666667,0,
0.434782608695652,0.384615384615385,0.625,0.126637554585153,0.0769230769230769,0.150943396226415,0.281045751633987,0.514285714285714,0.166666666666667,0.5,0.231578947368421,0.200239808153477,0.352201257861635,0.210526315789474,0.545454545454545,0.317073170731707,0.266666666666667,0.5,0,
0.326086956521739,0.269230769230769,0.208333333333333,0.0436681222707424,0.0659340659340659,0.0943396226415094,0.130718954248366,0.771428571428571,0.0833333333333333,0.3,0.0631578947368421,0.0779376498800959,0.308176100628931,0.368421052631579,0,0.170731707317073,0,0.0666666666666667,0,
0.456521739130435,0.615384615384615,0.583333333333333,0.14410480349345,0.0989010989010989,0.150943396226415,0.30718954248366,0.485714285714286,0.25,0.6,0.242105263157895,0.219424460431655,0.484276729559748,0.223684210526316,0.454545454545455,0.170731707317073,0.233333333333333,0.366666666666667,0,
0.41304347826087,0.269230769230769,0.361111111111111,0.0305676855895196,0.010989010989011,0.0943396226415094,0.176470588235294,0.685714285714286,0.166666666666667,0.314285714285714,0.152631578947368,0.111510791366906,0.245283018867925,0.342105263157895,0.545454545454545,0.463414634146341,0.2,0.0666666666666667,0,
0.282608695652174,0.230769230769231,0.25,0.091703056768559,0.0879120879120879,0.0566037735849057,0.0326797385620915,0.885714285714286,0,0.228571428571429,0.0526315789473684,0.0239808153477218,0.245283018867925,0.131578947368421,0.318181818181818,0.146341463414634,0.466666666666667,0.433333333333333,0,
0.369565217391304,0.538461538461538,0.458333333333333,0.139737991266376,0.120879120879121,0.169811320754717,0.320261437908497,0.457142857142857,0.25,0.5,0.221052631578947,0.23021582733813,0.477987421383648,0.236842105263158,0.5,0.195121951219512,0.233333333333333,0.333333333333333,0,
0.434782608695652,0.230769230769231,0.527777777777778,0.262008733624454,0.208791208791209,0.113207547169811,0.176470588235294,0.628571428571429,0.0833333333333333,0.314285714285714,0.142105263157895,0.127098321342926,0.106918238993711,0.0657894736842105,0.181818181818182,0.170731707317073,0.833333333333333,0.9,0,
0.326086956521739,0.423076923076923,0.611111111111111,0.135371179039301,0.0879120879120879,0.188679245283019,0.281045751633987,0.514285714285714,0.25,0.571428571428571,0.242105263157895,0.200239808153477,0.345911949685535,0.210526315789474,0.318181818181818,0.268292682926829,0.233333333333333,0.466666666666667,0,
0.369565217391304,0.538461538461538,0.625,0.196506550218341,0.142857142857143,0.150943396226415,0.281045751633987,0.485714285714286,0.166666666666667,0.528571428571429,0.257894736842105,0.205035971223022,0.484276729559748,0.210526315789474,0.0454545454545455,0.121951219512195,0.3,0.5,0,
0.304347826086957,0.115384615384615,0.180555555555556,0.0567685589519651,0.120879120879121,0.0377358490566038,0.0392156862745098,0.885714285714286,0,0.1,0.0421052631578947,0.0251798561151079,0.182389937106918,0.342105263157895,0.409090909090909,0.365853658536585,0.133333333333333,0.0666666666666667,0,
0.369565217391304,0.307692307692308,0.305555555555556,0.187772925764192,0.142857142857143,0.0754716981132075,0.104575163398693,0.742857142857143,0.0833333333333333,0.328571428571429,0.1,0.0743405275779376,0.30188679245283,0.0263157894736842,0.590909090909091,0.0975609756097561,0.833333333333333,0.9,0,
0.347826086956522,0.269230769230769,0.277777777777778,0.117903930131004,0.0989010989010989,0.0754716981132075,0.0392156862745098,0.857142857142857,0,0.271428571428571,0.068421052631579,0.0299760191846523,0.276729559748428,0.0789473684210526,0.454545454545455,0.195121951219512,0.566666666666667,0.6,0,
0.456521739130435,0.115384615384615,0.388888888888889,0.100436681222707,0.0769230769230769,0.0943396226415094,0.0980392156862745,0.742857142857143,0.0833333333333333,0.2,0.131578947368421,0.0695443645083933,0.0440251572327044,0.0921052631578947,0.0454545454545455,0.0487804878048781,0.633333333333333,0.5,0,
0.347826086956522,0.538461538461538,0.569444444444444,0.187772925764192,0.186813186813187,0.169811320754717,0.287581699346405,0.514285714285714,0.25,0.642857142857143,0.210526315789474,0.201438848920863,0.49685534591195,0.223684210526316,0.272727272727273,0.317073170731707,0.266666666666667,0.4,0,
0.478260869565217,0.346153846153846,0.625,0.305676855895197,0.208791208791209,0.132075471698113,0.26797385620915,0.514285714285714,0.166666666666667,0.371428571428571,0.2,0.195443645083933,0.257861635220126,0.0789473684210526,0.5,0.121951219512195,0.666666666666667,0.766666666666667,0,
0.58695652173913,0.5,0.625,0.262008733624454,0.186813186813187,0.169811320754717,0.333333333333333,0.457142857142857,0.25,0.642857142857143,0.242105263157895,0.243405275779377,0.383647798742138,0.157894736842105,0.818181818181818,0,0.433333333333333,0.5,0,
0.434782608695652,0.461538461538462,0.569444444444444,0.318777292576419,0.186813186813187,0.0943396226415094,0.313725490196078,0.428571428571429,0.25,0.414285714285714,0.263157894736842,0.238609112709832,0.49685534591195,0.144736842105263,0.5,0.268292682926829,0.533333333333333,0.6,1,
0.5,0.153846153846154,0.472222222222222,0.362445414847162,0.230769230769231,0.113207547169811,0.30718954248366,0.457142857142857,0.25,0.228571428571429,0.278947368421053,0.232613908872902,0.157232704402516,0.131578947368421,0.136363636363636,0.390243902439024,0.466666666666667,0.533333333333333,1,
0.347826086956522,0.0769230769230769,0.166666666666667,0.074235807860262,0.10989010989011,0.0377358490566038,0.065359477124183,0.828571428571429,0,0.1,0.0473684210526316,0.0431654676258993,0.119496855345912,0.302631578947368,0.227272727272727,0.317073170731707,0.166666666666667,0.1,1,
0.369565217391304,0.0384615384615385,0.361111111111111,0.235807860262009,0.131868131868132,0.0943396226415094,0.183006535947712,0.6,0.0833333333333333,0.0857142857142857,0.184210526315789,0.136690647482014,0.050314465408805,0.0263157894736842,0.0454545454545455,0.0731707317073171,0.833333333333333,0.866666666666667,1,
0.673913043478261,0.769230769230769,0.944444444444444,0.445414847161572,0.153846153846154,0.169811320754717,0.686274509803922,0.142857142857143,0.583333333333333,0.714285714285714,0.505263157894737,0.611510791366906,0.628930817610063,0.105263157894737,0,0.219512195121951,0.4,0.666666666666667,1,
0.478260869565217,0.5,0.888888888888889,0.454148471615721,0.208791208791209,0.132075471698113,0.516339869281046,0.257142857142857,0.416666666666667,0.428571428571429,0.421052631578947,0.430455635491607,0.377358490566038,0.118421052631579,0,0.682926829268293,0.466666666666667,0.633333333333333,1,
0.195652173913043,0.153846153846154,0.263888888888889,0.131004366812227,0.175824175824176,0.0943396226415094,0.150326797385621,0.714285714285714,0.0833333333333333,0.142857142857143,0.110526315789474,0.0959232613908873,0.213836477987421,0.302631578947368,0.5,0.585365853658537,0.1,0.133333333333333,1,
0.673913043478261,0.769230769230769,0.847222222222222,0.375545851528384,0.175824175824176,0.150943396226415,0.660130718954248,0.171428571428571,0.583333333333333,0.685714285714286,0.463157894736842,0.575539568345324,0.584905660377358,0.197368421052632,0.590909090909091,0.51219512195122,0.4,0.566666666666667,1,
0.760869565217391,0.884615384615385,0.875,0.567685589519651,0.285714285714286,0.150943396226415,0.712418300653595,0.114285714285714,0.666666666666667,0.8,0.536842105263158,0.640287769784173,0.660377358490566,0.184210526315789,0.363636363636364,0.0731707317073171,0.366666666666667,0.533333333333333,1,
0.717391304347826,0.576923076923077,0.930555555555556,0.427947598253275,0.153846153846154,0.150943396226415,0.620915032679739,0.171428571428571,0.583333333333333,0.5,0.510526315789474,0.540767386091127,0.572327044025157,0.144736842105263,0.227272727272727,0.682926829268293,0.466666666666667,0.733333333333333,1,
0.804347826086957,0.5,0.833333333333333,0.406113537117904,0.153846153846154,0.132075471698113,0.529411764705882,0.228571428571429,0.416666666666667,0.442857142857143,0.415789473684211,0.452038369304556,0.320754716981132,0.0789473684210526,0.5,0.170731707317073,0.6,0.733333333333333,1,
0.782608695652174,0.769230769230769,0.875,0.462882096069869,0.175824175824176,0.169811320754717,0.699346405228758,0.114285714285714,0.666666666666667,0.771428571428571,0.521052631578947,0.627098321342926,0.647798742138365,0.157894736842105,0.272727272727273,0.0731707317073171,0.4,0.6,1,
0.739130434782609,0.769230769230769,0.944444444444444,0.467248908296943,0.175824175824176,0.169811320754717,0.699346405228758,0.142857142857143,0.666666666666667,0.714285714285714,0.515789473684211,0.623501199040767,0.559748427672956,0.131578947368421,0.454545454545455,0.51219512195122,0.466666666666667,0.733333333333333,1,
0.782608695652174,0.769230769230769,0.958333333333333,0.510917030567686,0.241758241758242,0.188679245283019,0.712418300653595,0.142857142857143,0.666666666666667,0.728571428571429,0.505263157894737,0.633093525179856,0.647798742138365,0.171052631578947,0.590909090909091,0.682926829268293,0.4,0.666666666666667,1,
0.543478260869565,0.576923076923077,0.847222222222222,0.432314410480349,0.197802197802198,0.132075471698113,0.555555555555556,0.2,0.5,0.485714285714286,0.452631578947368,0.479616306954436,0.408805031446541,0.118421052631579,0.0909090909090909,0.121951219512195,0.433333333333333,0.533333333333333,1,
0.260869565217391,0,0,0.0480349344978166,0.10989010989011,0.0188679245283019,0,1,0,0.0142857142857143,0,0,0.113207547169811,0.355263157894737,0.545454545454545,0.51219512195122,0.166666666666667,0.0666666666666667,1,
0.826086956521739,0.653846153846154,0.875,0.414847161572052,0.142857142857143,0.169811320754717,0.647058823529412,0.142857142857143,0.583333333333333,0.542857142857143,0.489473684210526,0.574340527577938,0.49685534591195,0.118421052631579,0.409090909090909,0.219512195121951,0.466666666666667,0.633333333333333,1,
0.739130434782609,0.807692307692308,0.805555555555556,0.432314410480349,0.197802197802198,0.169811320754717,0.69281045751634,0.142857142857143,0.666666666666667,0.7,0.521052631578947,0.613908872901679,0.672955974842767,0.171052631578947,0.0454545454545455,0.682926829268293,0.366666666666667,0.6,1,
0.326086956521739,0.346153846153846,0.513888888888889,0.205240174672489,0.120879120879121,0.113207547169811,0.183006535947712,0.6,0.0833333333333333,0.342857142857143,0.184210526315789,0.130695443645084,0.308176100628931,0.0657894736842105,0.454545454545455,0.268292682926829,0.733333333333333,0.8,1,
0.434782608695652,0.230769230769231,0.638888888888889,0.331877729257642,0.131868131868132,0.132075471698113,0.359477124183007,0.371428571428571,0.25,0.228571428571429,0.294736842105263,0.280575539568345,0.125786163522013,0.0526315789473684,0.272727272727273,0.414634146341463,0.7,0.766666666666667,1,
0.282608695652174,0.115384615384615,0.527777777777778,0.183406113537118,0.120879120879121,0.0943396226415094,0.150326797385621,0.685714285714286,0.0833333333333333,0.0857142857142857,0.131578947368421,0.103117505995204,0.245283018867925,0.0921052631578947,0,0.609756097560976,0.466666666666667,0.466666666666667,1,
0.456521739130435,0.384615384615385,0.402777777777778,0.248908296943231,0.131868131868132,0.0943396226415094,0.261437908496732,0.485714285714286,0.166666666666667,0.357142857142857,0.236842105263158,0.197841726618705,0.490566037735849,0.105263157894737,0.545454545454545,0.268292682926829,0.566666666666667,0.566666666666667,1,
0.173913043478261,0.461538461538462,0.388888888888889,0.218340611353712,0.241758241758242,0.377358490566038,0.254901960784314,0.542857142857143,0.166666666666667,0.414285714285714,0.294736842105263,0.1810551558753,0.484276729559748,0.381578947368421,0.0454545454545455,0.24390243902439,0.133333333333333,0.133333333333333,2,
0.217391304347826,0.346153846153846,0.361111111111111,0.22707423580786,0.21978021978022,0.0943396226415094,0.248366013071895,0.542857142857143,0.166666666666667,0.371428571428571,0.231578947368421,0.178657074340528,0.314465408805031,0.25,0.181818181818182,0.0487804878048781,0.2,0.233333333333333,2,
0.260869565217391,0.307692307692308,0.361111111111111,0.222707423580786,0.197802197802198,0.377358490566038,0.241830065359477,0.542857142857143,0.166666666666667,0.3,0.226315789473684,0.175059952038369,0.289308176100629,0.210526315789474,0.272727272727273,0.390243902439024,0.266666666666667,0.333333333333333,2,
0.326086956521739,0.230769230769231,0.416666666666667,0.270742358078603,0.208791208791209,0.0943396226415094,0.235294117647059,0.514285714285714,0.166666666666667,0.228571428571429,0.194736842105263,0.177458033573141,0.213836477987421,0.131578947368421,0.227272727272727,0.317073170731707,0.566666666666667,0.666666666666667,2,
0.673913043478261,0.615384615384615,0.680555555555556,0.279475982532751,0.0769230769230769,0.0377358490566038,0.65359477124183,0.142857142857143,0.583333333333333,0.5,0.568421052631579,0.597122302158273,0.559748427672956,0.25,0.0454545454545455,0.560975609756098,0.466666666666667,0.266666666666667,2,
0.304347826086957,0.307692307692308,0.5,0.266375545851528,0.21978021978022,0.0943396226415094,0.235294117647059,0.542857142857143,0.166666666666667,0.314285714285714,0.215789473684211,0.171462829736211,0.270440251572327,0.171052631578947,0.318181818181818,0.317073170731707,0.4,0.466666666666667,2,
0.326086956521739,0.384615384615385,0.416666666666667,0.318777292576419,0.296703296703297,0.320754716981132,0.261437908496732,0.514285714285714,0.166666666666667,0.357142857142857,0.263157894736842,0.189448441247002,0.371069182389937,0.223684210526316,0.0454545454545455,0.219512195121951,0.333333333333333,0.266666666666667,2,
0.478260869565217,0.384615384615385,0.430555555555556,0.240174672489083,0.186813186813187,0.0754716981132075,0.215686274509804,0.542857142857143,0.166666666666667,0.328571428571429,0.205263157894737,0.165467625899281,0.389937106918239,0.105263157894737,0.363636363636364,0.0975609756097561,0.633333333333333,0.633333333333333,2,
0.5,0.153846153846154,0.472222222222222,0.414847161572052,0.296703296703297,0.0566037735849057,0.34640522875817,0.371428571428571,0.25,0.142857142857143,0.305263157894737,0.281774580335731,0.169811320754717,0.171052631578947,0.0454545454545455,0.0731707317073171,0.666666666666667,0.633333333333333,2,
0.456521739130435,0.384615384615385,0.333333333333333,0.301310043668122,0.241758241758242,0.0943396226415094,0.248366013071895,0.485714285714286,0.166666666666667,0.342857142857143,0.205263157894737,0.191846522781775,0.427672955974843,0.118421052631579,0.409090909090909,0.024390243902439,0.766666666666667,0.833333333333333,2,
0.5,0.423076923076923,0.388888888888889,0.375545851528384,0.252747252747253,0.0943396226415094,0.281045751633987,0.428571428571429,0.166666666666667,0.385714285714286,0.257894736842105,0.225419664268585,0.358490566037736,0.105263157894737,0.227272727272727,0.170731707317073,0.866666666666667,0.833333333333333,2,
0.565217391304348,0.307692307692308,0.513888888888889,0.406113537117904,0.241758241758242,0.0754716981132075,0.42483660130719,0.285714285714286,0.333333333333333,0.3,0.378947368421053,0.360911270983213,0.264150943396226,0.171052631578947,0.181818181818182,0.24390243902439,0.733333333333333,0.6,2,
0.304347826086957,0.346153846153846,0.277777777777778,0.0524017467248908,0.043956043956044,0.0754716981132075,0.248366013071895,0.571428571428571,0.166666666666667,0.328571428571429,0.205263157894737,0.167865707434053,0.389937106918239,0.342105263157895,0.0909090909090909,0.341463414634146,0.0666666666666667,0.0333333333333333,2,
0.608695652173913,0.884615384615385,0.888888888888889,0.353711790393013,0.0659340659340659,0.0754716981132075,0.947712418300654,0,0.916666666666667,0.714285714285714,0.763157894736842,0.925659472422062,0.761006289308176,0.315789473684211,0.227272727272727,0.634146341463415,0.133333333333333,0.1,2,
0.239130434782609,0.461538461538462,0.361111111111111,0.218340611353712,0.197802197802198,0.0754716981132075,0.215686274509804,0.571428571428571,0.166666666666667,0.371428571428571,0.2,0.15347721822542,0.427672955974843,0.184210526315789,0.0909090909090909,0.0731707317073171,0.266666666666667,0.233333333333333,2,
0.282608695652174,0.423076923076923,0.416666666666667,0.157205240174672,0.186813186813187,0.0754716981132075,0.235294117647059,0.542857142857143,0.166666666666667,0.385714285714286,0.210526315789474,0.165467625899281,0.477987421383648,0.302631578947368,0.454545454545455,0.024390243902439,0.166666666666667,0.0666666666666667,2,
0.260869565217391,0.384615384615385,0.361111111111111,0.0829694323144105,0.0989010989010989,0.0754716981132075,0.235294117647059,0.571428571428571,0.166666666666667,0.385714285714286,0.189473684210526,0.161870503597122,0.389937106918239,0.342105263157895,0.272727272727273,0.268292682926829,0.1,0.0333333333333333,2,
0.58695652173913,0.576923076923077,0.763888888888889,0.458515283842795,0.230769230769231,0.0943396226415094,0.568627450980392,0.171428571428571,0.5,0.457142857142857,0.452631578947368,0.504796163069544,0.572327044025157,0.184210526315789,0.318181818181818,0.268292682926829,0.533333333333333,0.433333333333333,2,
0.5,0.5,0.416666666666667,0.393013100436681,0.252747252747253,0.0754716981132075,0.359477124183007,0.371428571428571,0.25,0.428571428571429,0.278947368421053,0.29136690647482,0.389937106918239,0.131578947368421,0.772727272727273,0.24390243902439,0.8,0.733333333333333,2,
0.717391304347826,0.923076923076923,0.930555555555556,0.572052401746725,0.21978021978022,0.0754716981132075,0.980392156862745,0,0.916666666666667,0.757142857142857,0.815789473684211,0.962829736211031,0.949685534591195,0.355263157894737,0.409090909090909,0.75609756097561,0.133333333333333,0.1,2,
0.608695652173913,0.807692307692308,0.916666666666667,0.366812227074236,0.10989010989011,0.0943396226415094,0.810457516339869,0.0571428571428571,0.75,0.657142857142857,0.663157894736842,0.778177458033573,0.905660377358491,0.289473684210526,0.272727272727273,0.341463414634146,0.3,0.133333333333333,2,
0.347826086956522,0.307692307692308,0.5,0.344978165938865,0.285714285714286,0.0943396226415094,0.294117647058824,0.457142857142857,0.166666666666667,0.257142857142857,0.268421052631579,0.226618705035971,0.276729559748428,0.197368421052632,0.363636363636364,0.292682926829268,0.5,0.466666666666667,2,
0.521739130434783,0.846153846153846,0.777777777777778,0.2882096069869,0.0769230769230769,0.150943396226415,0.679738562091503,0.142857142857143,0.583333333333333,0.785714285714286,0.468421052631579,0.600719424460432,0.685534591194969,0.210526315789474,0,0.0975609756097561,0.266666666666667,0.4,3,
0.739130434782609,0.730769230769231,0.875,0.358078602620087,0.10989010989011,0.169811320754717,0.666666666666667,0.142857142857143,0.583333333333333,0.628571428571429,0.457894736842105,0.589928057553957,0.50314465408805,0.0921052631578947,0.272727272727273,0.121951219512195,0.433333333333333,0.566666666666667,3,
0.543478260869565,0.846153846153846,0.847222222222222,0.502183406113537,0.241758241758242,0.169811320754717,0.738562091503268,0.114285714285714,0.666666666666667,0.857142857142857,0.531578947368421,0.676258992805755,0.672955974842767,0.197368421052632,0.272727272727273,0.341463414634146,0.366666666666667,0.466666666666667,3,
0.282608695652174,0.269230769230769,0.486111111111111,0.183406113537118,0.164835164835165,0.0754716981132075,0.183006535947712,0.628571428571429,0.0833333333333333,0.242857142857143,0.147368421052632,0.127098321342926,0.333333333333333,0.171052631578947,0.136363636363636,0.51219512195122,0.233333333333333,0.3,3,
0.521739130434783,0.307692307692308,0.722222222222222,0.406113537117904,0.175824175824176,0.150943396226415,0.437908496732026,0.314285714285714,0.333333333333333,0.314285714285714,0.352631578947368,0.356115107913669,0.169811320754717,0.0526315789473684,0.181818181818182,0.0731707317073171,0.7,0.766666666666667,3,
0.565217391304348,0.653846153846154,0.666666666666667,0.436681222707424,0.186813186813187,0.150943396226415,0.477124183006536,0.257142857142857,0.416666666666667,0.585714285714286,0.415789473684211,0.399280575539568,0.528301886792453,0.0921052631578947,0.545454545454545,0.268292682926829,0.6,0.666666666666667,3,
0.260869565217391,0.115384615384615,0.444444444444444,0.100436681222707,0.0989010989010989,0.0943396226415094,0.0980392156862745,0.8,0.0833333333333333,0.1,0.0736842105263158,0.0587529976019185,0.0880503144654088,0.144736842105263,0.136363636363636,0.731707317073171,0.266666666666667,0.433333333333333,3,
0.58695652173913,0.961538461538462,0.958333333333333,0.550218340611354,0.252747252747253,0.169811320754717,0.745098039215686,0.114285714285714,0.666666666666667,0.914285714285714,0.547368421052632,0.6810551558753,0.616352201257862,0.171052631578947,0,0.317073170731707,0.366666666666667,0.566666666666667,3,
0.673913043478261,0.884615384615385,0.777777777777778,0.554585152838428,0.296703296703297,0.169811320754717,0.705882352941177,0.114285714285714,0.666666666666667,0.771428571428571,0.489473684210526,0.634292565947242,0.685534591194969,0.184210526315789,0.272727272727273,0.390243902439024,0.333333333333333,0.466666666666667,3,
0.543478260869565,0.846153846153846,0.847222222222222,0.541484716157205,0.252747252747253,0.132075471698113,0.640522875816993,0.142857142857143,0.583333333333333,0.714285714285714,0.557894736842105,0.571942446043165,0.855345911949686,0.171052631578947,0.0454545454545455,0.146341463414634,0.4,0.533333333333333,3,
0.217391304347826,0.230769230769231,0.402777777777778,0.100436681222707,0.0769230769230769,0.0566037735849057,0.150326797385621,0.657142857142857,0.0833333333333333,0.185714285714286,0.131578947368421,0.107913669064748,0.333333333333333,0.131578947368421,0.727272727272727,0.146341463414634,0.366666666666667,0.3,3,
0.282608695652174,0.192307692307692,0.680555555555556,0.314410480349345,0.131868131868132,0.132075471698113,0.372549019607843,0.371428571428571,0.25,0.2,0.315789473684211,0.292565947242206,0.245283018867925,0.105263157894737,0.318181818181818,0.804878048780488,0.566666666666667,0.7,3,
0.58695652173913,0.692307692307692,0.958333333333333,0.554585152838428,0.252747252747253,0.169811320754717,0.705882352941177,0.114285714285714,0.666666666666667,0.642857142857143,0.568421052631579,0.645083932853717,0.610062893081761,0.184210526315789,0.5,0.463414634146341,0.433333333333333,0.566666666666667,3,
0.152173913043478,0.230769230769231,0.277777777777778,0.0786026200873362,0.0989010989010989,0.0754716981132075,0.176470588235294,0.657142857142857,0.0833333333333333,0.185714285714286,0.110526315789474,0.116306954436451,0.207547169811321,0.276315789473684,0,0.121951219512195,0.1,0.166666666666667,3,
0.739130434782609,0.730769230769231,0.847222222222222,0.497816593886463,0.186813186813187,0.169811320754717,0.588235294117647,0.2,0.5,0.657142857142857,0.468421052631579,0.510791366906475,0.522012578616352,0.0789473684210526,0.772727272727273,0.0487804878048781,0.7,0.833333333333333,3,
0,0.153846153846154,0.180555555555556,0.0305676855895196,0.0769230769230769,0.0754716981132075,0.0915032679738562,0.828571428571429,0.0833333333333333,0.142857142857143,0.0263157894736842,0.0515587529976019,0.238993710691824,0.302631578947368,0.0454545454545455,0.365853658536585,0,0.1,3,
0.347826086956522,0.192307692307692,0.527777777777778,0.213973799126638,0.153846153846154,0.0943396226415094,0.222222222222222,0.571428571428571,0.166666666666667,0.128571428571429,0.189473684210526,0.155875299760192,0.207547169811321,0.131578947368421,0,0.219512195121951,0.366666666666667,0.433333333333333,3,
0.41304347826087,0.192307692307692,0.472222222222222,0.323144104803493,0.164835164835165,0.132075471698113,0.320261437908497,0.428571428571429,0.25,0.242857142857143,0.268421052631579,0.244604316546763,0.144654088050314,0.0526315789473684,0.318181818181818,0.707317073170732,0.7,0.833333333333333,3,
0.5,0.576923076923077,0.597222222222222,0.318777292576419,0.131868131868132,0.113207547169811,0.38562091503268,0.371428571428571,0.333333333333333,0.485714285714286,0.342105263157895,0.304556354916067,0.547169811320755,0.105263157894737,0.681818181818182,0,0.633333333333333,0.666666666666667,3,
0.108695652173913,0.115384615384615,0.277777777777778,0.0524017467248908,0.0989010989010989,0.0754716981132075,0.0718954248366013,0.828571428571429,0,0.0857142857142857,0.0578947368421053,0.0443645083932854,0.0754716981132075,0.25,0.136363636363636,0.390243902439024,0.0666666666666667,0.133333333333333,3,
0.652173913043478,0.884615384615385,0.833333333333333,0.353711790393013,0.131868131868132,0.169811320754717,0.679738562091503,0.142857142857143,0.583333333333333,0.785714285714286,0.468421052631579,0.599520383693046,0.691823899371069,0.210526315789474,0.681818181818182,0.268292682926829,0.333333333333333,0.433333333333333,3,
