85,18,4,
0.347826086956522,0.269230769230769,0.25,0.14410480349345,0.120879120879121,0.0943396226415094,0.065359477124183,0.8,0,0.314285714285714,0.0842105263157895,0.0491606714628297,0.257861635220126,0.0526315789473684,0.318181818181818,0.0975609756097561,0.766666666666667,0.833333333333333,0,
0.5,0.461538461538462,0.555555555555556,0.253275109170306,0.175824175824176,0.132075471698113,0.222222222222222,0.571428571428571,0.166666666666667,0.428571428571429,0.163157894736842,0.158273381294964,0.327044025157233,0.0657894736842105,0.227272727272727,0.24390243902439,0.766666666666667,0.866666666666667,0,
0.282608695652174,0.153846153846154,0.402777777777778,0.200873362445415,0.175824175824176,0.113207547169811,0.169934640522876,0.628571428571429,0.0833333333333333,0.228571428571429,0.173684210526316,0.119904076738609,0.0943396226415094,0.157894736842105,0.0454545454545455,0.146341463414634,0.433333333333333,0.466666666666667,0,
0.369565217391304,0.5,0.486111111111111,0.126637554585153,0.0879120879120879,0.169811320754717,0.313725490196078,0.485714285714286,0.25,0.614285714285714,0.226315789473684,0.221822541966427,0.389937106918239,0.236842105263158,0,0.390243902439024,0.2,0.366666666666667,0,
0.260869565217391,0.461538461538462,0.458333333333333,0.275109170305677,0.241758241758242,0.113207547169811,0.202614379084967,0.571428571428571,0.0833333333333333,0.428571428571429,0.226315789473684,0.147482014388489,0.421383647798742,0.157894736842105,0.0909090909090909,0,0.466666666666667,0.6,0,
0.391304347826087,0.230769230769231,0.513888888888889,0.213973799126638,0.131868131868132,0.113207547169811,0.176470588235294,0.628571428571429,0.0833333333333333,0.3,0.152631578947368,0.12589928057554,0.0880503144654088,0.0394736842105263,0.363636363636364,0.414634146341463,0.833333333333333,0.933333333333333,0,
0.478260869565217,0.5,0.722222222222222,0.240174672489083,0.175824175824176,0.169811320754717,0.313725490196078,0.457142857142857,0.25,0.557142857142857,0.242105263157895,0.225419664268585,0.389937106918239,0.144736842105263,0.318181818181818,0.51219512195122,0.433333333333333,0.633333333333333,0,
0.5,0.423076923076923,0.625,0.270742358078603,0.208791208791209,0.150943396226415,0.281045751633987,0.485714285714286,0.166666666666667,0.457142857142857,0.194736842105263,0.205035971223022,0.314465408805031,0.105263157894737,0.136363636363636,0.24390243902439,0.533333333333333,0.7,0,
0.369565217391304,0.423076923076923,0.402777777777778,0.209606986899563,0.186813186813187,0.0943396226415094,0.150326797385621,0.657142857142857,0.0833333333333333,0.385714285714286,0.184210526315789,0.105515587529976,0.333333333333333,0.210526315789474,0.136363636363636,0.0487804878048781,0.366666666666667,0.333333333333333,0,
0.369565217391304,0.576923076923077,0.513888888888889,0.122270742358079,0.0989010989010989,0.150943396226415,0.294117647058824,0.514285714285714,0.25,0.657142857142857,0.205263157894737,0.203836930455636,0.490566037735849,0.25,0.0454545454545455,0.0731707317073171,0.2,0.333333333333333,0,
0.543478260869565,0.230769230769231,0.388888888888889,0.074235807860262,0.021978021978022,0.0943396226415094,0.143790849673203,0.714285714285714,0.0833333333333333,0.342857142857143,0.178947368421053,0.092326139088729,0.157232704402516,0.210526315789474,0.181818181818182,0.024390243902439,0.333333333333333,0.166666666666667,0,
0.434782608695652,0.269230769230769,0.305555555555556,0.0567685589519651,0.021978021978022,0.0943396226415094,0.124183006535948,0.742857142857143,0.0833333333333333,0.385714285714286,0.157894736842105,0.0779376498800959,0.29559748427673,0.25,0.363636363636364,0.146341463414634,0.266666666666667,0.1,0,
0.41304347826087,0.269230769230769,0.305555555555556,0.174672489082969,0.131868131868132,0.113207547169811,0.0980392156862745,0.742857142857143,0,0.3,0.1,0.0683453237410072,0.257861635220126,0.0394736842105263,0.590909090909091,0.024390243902439,0.933333333333333,0.966666666666667,0,
0.456521739130435,0.538461538461538,0.625,1,1,0.886792452830189,0.281045751633987,0.485714285714286,0.166666666666667,0.528571428571429,1,0.203836930455636,0.490566037735849,1,0.545454545454545,0.219512195121951,0.4,0.5,0,
0.347826086956522,0.0769230769230769,0.416666666666667,0.148471615720524,0.120879120879121,0.0943396226415094,0.0915032679738562,0.771428571428571,0,0.142857142857143,0.0894736842105263,0.0635491606714628,0.0188679245283019,0.0657894736842105,0.181818181818182,0.463414634146341,0.766666666666667,0.866666666666667,0,
0.5,0.269230769230769,0.416666666666667,0.0698689956331878,0.032967032967033,0.113207547169811,0.163398692810458,0.685714285714286,0.0833333333333333,0.328571428571429,0.168421052631579,0.101918465227818,0.188679245283019,0.276315789473684,0.454545454545455,0.317073170731707,0.233333333333333,0.0666666666666667,0,
0.347826086956522,0.307692307692308,0.611111111111111,0.161572052401747,0.120879120879121,0.132075471698113,0.241830065359477,0.542857142857143,0.166666666666667,0.385714285714286,0.221052631578947,0.175059952038369,0.333333333333333,0.171052631578947,0.181818181818182,0.439024390243902,0.4,0.633333333333333,0,
0.347826086956522,0.115384615384615,0.152777777777778,0.0218340611353712,0.0549450549450549,0.0754716981132075,0.0392156862745098,0.885714285714286,0,0.157142857142857,0.0368421052631579,0.026378896882494,0.10062893081761,0.276315789473684,0.0909090909090909,0.341463414634146,0.166666666666667,0.133333333333333,0,
0.282608695652174,0.115384615384615,0.416666666666667,0.170305676855895,0.153846153846154,0.132075471698113,0.137254901960784,0.685714285714286,0.0833333333333333,0.171428571428571,0.121052631578947,0.0983213429256595,0.113207547169811,0.0921052631578947,0.0909090909090909,0.24390243902439,0.6,0.7,0,
0.347826086956522,0.538461538461538,0.597222222222222,0.951965065502183,0.945054945054945,0.867924528301887,0.300653594771242,0.485714285714286,0.25,0.642857142857143,0.521052631578947,0.215827338129496,0.421383647798742,0.5,0,0.341463414634146,0.266666666666667,0.433333333333333,0,
0.543478260869565,0.346153846153846,0.694444444444444,0.384279475982533,0.153846153846154,0.132075471698113,0.431372549019608,0.314285714285714,0.333333333333333,0.371428571428571,0.310526315789474,0.354916067146283,0.182389937106918,0.0263157894736842,0.136363636363636,0.195121951219512,0.766666666666667,0.9,1,
0.195652173913043,0.153846153846154,0.361111111111111,0.0960698689956332,0.0769230769230769,0.0943396226415094,0.130718954248366,0.742857142857143,0.0833333333333333,0.128571428571429,0.0947368421052632,0.0815347721822542,0.207547169811321,0.171052631578947,0.772727272727273,0.170731707317073,0.233333333333333,0.2,1,
0.739130434782609,0.692307692307692,0.875,0.34061135371179,0.0989010989010989,0.169811320754717,0.660130718954248,0.142857142857143,0.583333333333333,0.628571428571429,0.505263157894737,0.586330935251799,0.679245283018868,0.171052631578947,0.0909090909090909,0.0975609756097561,0.4,0.566666666666667,1,
0.847826086956522,0.653846153846154,0.888888888888889,0.406113537117904,0.120879120879121,0.169811320754717,0.627450980392157,0.171428571428571,0.583333333333333,0.585714285714286,0.489473684210526,0.545563549160672,0.484276729559748,0.105263157894737,0.681818181818182,0.536585365853659,0.5,0.7,1,
0.260869565217391,0.192307692307692,0.486111111111111,0.122270742358079,0.0769230769230769,0.0943396226415094,0.228758169934641,0.571428571428571,0.166666666666667,0.185714285714286,0.215789473684211,0.160671462829736,0.226415094339623,0.210526315789474,0.318181818181818,0.609756097560976,0.233333333333333,0.233333333333333,1,
0.130434782608696,0.192307692307692,0.208333333333333,0.0698689956331878,0.0879120879120879,0.0566037735849057,0.196078431372549,0.628571428571429,0.166666666666667,0.142857142857143,0.121052631578947,0.133093525179856,0.226415094339623,0.289473684210526,0.181818181818182,0.0487804878048781,0.133333333333333,0.0666666666666667,1,
0.304347826086957,0.192307692307692,0.430555555555556,0.0829694323144105,0.0659340659340659,0.113207547169811,0.163398692810458,0.657142857142857,0.0833333333333333,0.128571428571429,0.147368421052632,0.111510791366906,0.226415094339623,0.210526315789474,0,0.219512195121951,0.166666666666667,0.166666666666667,1,
0.847826086956522,0.653846153846154,0.972222222222222,0.358078602620087,0.0989010989010989,0.169811320754717,0.666666666666667,0.142857142857143,0.583333333333333,0.585714285714286,0.536842105263158,0.589928057553957,0.591194968553459,0.157894736842105,0.818181818181818,0.658536585365854,0.5,0.7,1,
0.826086956521739,0.769230769230769,0.944444444444444,0.467248908296943,0.153846153846154,0.169811320754717,0.620915032679739,0.171428571428571,0.5,0.7,0.457894736842105,0.541966426858513,0.672955974842767,0.0657894736842105,0.954545454545455,0.0487804878048781,0.666666666666667,0.8,1,
0.956521739130435,0.730769230769231,0.972222222222222,0.541484716157205,0.197802197802198,0.188679245283019,0.65359477124183,0.142857142857143,0.583333333333333,0.642857142857143,0.515789473684211,0.580335731414868,0.69811320754717,0.0921052631578947,0.954545454545455,0.609756097560976,0.6,0.8,1,
0.58695652173913,0.807692307692308,0.861111111111111,0.445414847161572,0.197802197802198,0.150943396226415,0.562091503267974,0.2,0.5,0.657142857142857,0.494736842105263,0.483213429256595,0.823899371069182,0.171052631578947,0.181818181818182,0.268292682926829,0.366666666666667,0.5,1,
0.673913043478261,0.769230769230769,0.847222222222222,0.414847161572052,0.197802197802198,0.169811320754717,0.660130718954248,0.142857142857143,0.583333333333333,0.714285714285714,0.452631578947368,0.579136690647482,0.70440251572327,0.171052631578947,0.545454545454545,0.292682926829268,0.366666666666667,0.566666666666667,1,
0.739130434782609,0.846153846153846,0.875,0.475982532751092,0.230769230769231,0.169811320754717,0.699346405228758,0.114285714285714,0.666666666666667,0.771428571428571,0.478947368421053,0.629496402877698,0.672955974842767,0.144736842105263,0.454545454545455,0.170731707317073,0.366666666666667,0.533333333333333,1,
0.369565217391304,0.0384615384615385,0.361111111111111,0.139737991266376,0.0879120879120879,0.0754716981132075,0.0718954248366013,0.8,0,0,0.0947368421052632,0.0479616306954436,0.0566037735849057,0.0789473684210526,0.227272727272727,0.634146341463415,0.666666666666667,0.7,1,
0.804347826086957,0.769230769230769,0.888888888888889,0.519650655021834,0.208791208791209,0.150943396226415,0.647058823529412,0.171428571428571,0.583333333333333,0.657142857142857,0.489473684210526,0.569544364508393,0.635220125786163,0.105263157894737,0.227272727272727,0.390243902439024,0.466666666666667,0.733333333333333,1,
0.58695652173913,0.730769230769231,0.888888888888889,0.37117903930131,0.131868131868132,0.150943396226415,0.627450980392157,0.171428571428571,0.583333333333333,0.642857142857143,0.473684210526316,0.54916067146283,0.553459119496855,0.144736842105263,0.0454545454545455,0.536585365853659,0.366666666666667,0.566666666666667,1,
0.5,0.269230769230769,0.527777777777778,0.2882096069869,0.120879120879121,0.0943396226415094,0.405228758169935,0.342857142857143,0.333333333333333,0.3,0.352631578947368,0.324940047961631,0.320754716981132,0.118421052631579,0.136363636363636,0.707317073170732,0.5,0.633333333333333,1,
0.326086956521739,0.576923076923077,0.694444444444444,0.323144104803493,0.142857142857143,0.113207547169811,0.411764705882353,0.342857142857143,0.333333333333333,0.485714285714286,0.368421052631579,0.330935251798561,0.559748427672956,0.118421052631579,0.590909090909091,0.390243902439024,0.533333333333333,0.6,1,
0.217391304347826,0.115384615384615,0.194444444444444,0.0655021834061135,0.10989010989011,0.0754716981132075,0.104575163398693,0.771428571428571,0.0833333333333333,0.1,0.068421052631579,0.0647482014388489,0.188679245283019,0.302631578947368,0.272727272727273,0.0731707317073171,0.1,0.0666666666666667,1,
0.41304347826087,0.461538461538462,0.5,0.253275109170306,0.10989010989011,0.0943396226415094,0.30718954248366,0.428571428571429,0.25,0.414285714285714,0.284210526315789,0.23621103117506,0.427672955974843,0.131578947368421,0.363636363636364,0.24390243902439,0.466666666666667,0.466666666666667,1,
0.347826086956522,0.269230769230769,0.680555555555556,0.305676855895197,0.120879120879121,0.113207547169811,0.42483660130719,0.314285714285714,0.333333333333333,0.214285714285714,0.378947368421053,0.344124700239808,0.289308176100629,0.144736842105263,0.318181818181818,0.439024390243902,0.433333333333333,0.5,1,
0.782608695652174,0.730769230769231,0.888888888888889,0.414847161572052,0.142857142857143,0.188679245283019,0.673202614379085,0.142857142857143,0.583333333333333,0.628571428571429,0.473684210526316,0.607913669064748,0.647798742138365,0.105263157894737,0.5,0.170731707317073,0.433333333333333,0.6,1,
0.152173913043478,0.461538461538462,0.430555555555556,0.104803493449782,0.0989010989010989,0.0943396226415094,0.254901960784314,0.542857142857143,0.166666666666667,0.414285714285714,0.215789473684211,0.183453237410072,0.421383647798742,0.263157894736842,0.136363636363636,0.390243902439024,0.166666666666667,0.2,2,
0.543478260869565,0.730769230769231,0.638888888888889,0.449781659388646,0.241758241758242,0.0566037735849057,0.522875816993464,0.2,0.416666666666667,0.614285714285714,0.431578947368421,0.462829736211031,0.70440251572327,0.210526315789474,0.181818181818182,0.146341463414634,0.6,0.466666666666667,2,
0.173913043478261,0.423076923076923,0.444444444444444,0.152838427947598,0.142857142857143,0.0754716981132075,0.26797385620915,0.514285714285714,0.166666666666667,0.4,0.263157894736842,0.195443645083933,0.433962264150943,0.289473684210526,0.0454545454545455,0.365853658536585,0.2,0.166666666666667,2,
0.282608695652174,0.461538461538462,0.430555555555556,0.222707423580786,0.208791208791209,0.0943396226415094,0.222222222222222,0.542857142857143,0.166666666666667,0.371428571428571,0.194736842105263,0.165467625899281,0.421383647798742,0.171052631578947,0.227272727272727,0.146341463414634,0.433333333333333,0.5,2,
0.369565217391304,0.192307692307692,0.541666666666667,0.353711790393013,0.241758241758242,0.0754716981132075,0.313725490196078,0.4,0.25,0.171428571428571,0.252631578947368,0.250599520383693,0.150943396226415,0.0921052631578947,0.0909090909090909,0.341463414634146,0.733333333333333,0.8,2,
0.5,0.538461538461538,0.513888888888889,0.436681222707424,0.274725274725275,0.0754716981132075,0.359477124183007,0.342857142857143,0.25,0.457142857142857,0.305263157894737,0.293764988009592,0.459119496855346,0.131578947368421,0.272727272727273,0.390243902439024,0.766666666666667,0.733333333333333,2,
0.282608695652174,0.346153846153846,0.333333333333333,0.0786026200873362,0.0769230769230769,0.0754716981132075,0.235294117647059,0.571428571428571,0.166666666666667,0.357142857142857,0.210526315789474,0.161870503597122,0.389937106918239,0.368421052631579,0.0454545454545455,0.0731707317073171,0.1,0.0333333333333333,2,
0.195652173913043,0.423076923076923,0.444444444444444,0.200873362445415,0.186813186813187,0.0943396226415094,0.274509803921569,0.514285714285714,0.166666666666667,0.371428571428571,0.268421052631579,0.199040767386091,0.427672955974843,0.276315789473684,0,0.390243902439024,0.233333333333333,0.2,2,
0.782608695652174,0.846153846153846,0.777777777777778,0.379912663755459,0.10989010989011,0.0754716981132075,0.843137254901961,0.0571428571428571,0.75,0.742857142857143,0.721052631578947,0.806954436450839,0.836477987421384,0.342105263157895,0.363636363636364,0.219512195121951,0.266666666666667,0.1,2,
0.41304347826087,0.461538461538462,0.472222222222222,0.362445414847162,0.296703296703297,0.0943396226415094,0.294117647058824,0.428571428571429,0.166666666666667,0.357142857142857,0.257894736842105,0.229016786570743,0.465408805031447,0.144736842105263,0.363636363636364,0.146341463414634,0.633333333333333,0.666666666666667,2,
0.260869565217391,0.346153846153846,0.361111111111111,0.0786026200873362,0.0769230769230769,0.0754716981132075,0.235294117647059,0.571428571428571,0.166666666666667,0.328571428571429,0.221052631578947,0.15947242206235,0.408805031446541,0.381578947368421,0.272727272727273,0.341463414634146,0.133333333333333,0.0333333333333333,2,
0.260869565217391,0.346153846153846,0.263888888888889,0.122270742358079,0.120879120879121,0.0943396226415094,0.241830065359477,0.571428571428571,0.166666666666667,0.371428571428571,0.189473684210526,0.163069544364508,0.39622641509434,0.315789473684211,0.363636363636364,0.0975609756097561,0.1,0.0333333333333333,2,
0.152173913043478,0.384615384615385,0.388888888888889,0.0829694323144105,0.0659340659340659,0.0943396226415094,0.248366013071895,0.571428571428571,0.166666666666667,0.414285714285714,0.205263157894737,0.171462829736211,0.421383647798742,0.289473684210526,0.318181818181818,0.341463414634146,0.1,0.1,2,
0.347826086956522,0.269230769230769,0.5,0.366812227074236,0.318681318681319,0.0943396226415094,0.248366013071895,0.514285714285714,0.166666666666667,0.257142857142857,0.231578947368421,0.189448441247002,0.245283018867925,0.171052631578947,0.136363636363636,0.195121951219512,0.566666666666667,0.533333333333333,2,
0.434782608695652,0.461538461538462,0.638888888888889,0.423580786026201,0.241758241758242,0.0943396226415094,0.470588235294118,0.257142857142857,0.416666666666667,0.385714285714286,0.384210526315789,0.406474820143885,0.465408805031447,0.171052631578947,0,0.0975609756097561,0.6,0.533333333333333,2,
0.195652173913043,0.461538461538462,0.361111111111111,0.646288209606987,0.868131868131868,0.943396226415094,0.235294117647059,0.542857142857143,0.166666666666667,0.371428571428571,0.563157894736842,0.170263788968825,0.477987421383648,0.789473684210526,0.0454545454545455,0.024390243902439,0.166666666666667,0.133333333333333,2,
0.347826086956522,0.346153846153846,0.416666666666667,0.192139737991266,0.164835164835165,0.0943396226415094,0.228758169934641,0.542857142857143,0.166666666666667,0.357142857142857,0.242105263157895,0.166666666666667,0.276729559748428,0.223684210526316,0.0909090909090909,0.146341463414634,0.333333333333333,0.266666666666667,2,
0.630434782608696,0.692307692307692,0.722222222222222,0.393013100436681,0.142857142857143,0.0754716981132075,0.705882352941177,0.114285714285714,0.666666666666667,0.628571428571429,0.615789473684211,0.655875299760192,0.628930817610063,0.276315789473684,0.318181818181818,0.170731707317073,0.4,0.166666666666667,2,
0.456521739130435,0.423076923076923,0.611111111111111,0.489082969432314,0.296703296703297,0.0754716981132075,0.470588235294118,0.257142857142857,0.416666666666667,0.385714285714286,0.410526315789474,0.408872901678657,0.283018867924528,0.184210526315789,0.181818181818182,0.536585365853659,0.666666666666667,0.533333333333333,2,
0.195652173913043,0.461538461538462,0.388888888888889,0.152838427947598,0.186813186813187,0.0754716981132075,0.228758169934641,0.571428571428571,0.166666666666667,0.357142857142857,0.205263157894737,0.163069544364508,0.471698113207547,0.276315789473684,0,0.024390243902439,0.166666666666667,0.1,2,
0.478260869565217,0.384615384615385,0.597222222222222,0.410480349344978,0.241758241758242,0.0754716981132075,0.42483660130719,0.285714285714286,0.333333333333333,0.3,0.310526315789474,0.359712230215827,0.339622641509434,0.118421052631579,0.272727272727273,0.0975609756097561,0.666666666666667,0.566666666666667,2,
0.260869565217391,0.423076923076923,0.361111111111111,0.091703056768559,0.120879120879121,0.0754716981132075,0.235294117647059,0.542857142857143,0.166666666666667,0.385714285714286,0.210526315789474,0.166666666666667,0.477987421383648,0.328947368421053,0.363636363636364,0.024390243902439,0.133333333333333,0.0666666666666667,2,
0.41304347826087,0.346153846153846,0.402777777777778,0.213973799126638,0.120879120879121,0.113207547169811,0.183006535947712,0.628571428571429,0.0833333333333333,0.285714285714286,0.184210526315789,0.127098321342926,0.264150943396226,0.0657894736842105,0.454545454545455,0.51219512195122,0.766666666666667,0.833333333333333,3,
0.41304347826087,0.5,0.541666666666667,0.314410480349345,0.186813186813187,0.113207547169811,0.326797385620915,0.428571428571429,0.25,0.442857142857143,0.278947368421053,0.254196642685851,0.433962264150943,0.105263157894737,0.0909090909090909,0.24390243902439,0.5,0.566666666666667,3,
0.434782608695652,0.0769230769230769,0.527777777777778,0.253275109170306,0.142857142857143,0.113207547169811,0.248366013071895,0.542857142857143,0.166666666666667,0.1,0.221052631578947,0.176258992805755,0.176100628930818,0.105263157894737,0.0909090909090909,0.804878048780488,0.5,0.566666666666667,3,
0.608695652173913,0.884615384615385,0.833333333333333,0.436681222707424,0.164835164835165,0.188679245283019,0.751633986928105,0.114285714285714,0.666666666666667,0.857142857142857,0.531578947368421,0.68705035971223,0.59748427672956,0.184210526315789,0,0.268292682926829,0.333333333333333,0.533333333333333,3,
0.608695652173913,0.846153846153846,0.902777777777778,0.34061135371179,0.131868131868132,0.150943396226415,0.673202614379085,0.142857142857143,0.583333333333333,0.842857142857143,0.478947368421053,0.592326139088729,0.716981132075472,0.197368421052632,0.545454545454545,0.634146341463415,0.333333333333333,0.466666666666667,3,
0.41304347826087,0.346153846153846,0.486111111111111,0.296943231441048,0.142857142857143,0.113207547169811,0.228758169934641,0.542857142857143,0.166666666666667,0.342857142857143,0.231578947368421,0.165467625899281,0.320754716981132,0.0394736842105263,1,0.24390243902439,1,1,3,
0.478260869565217,0.576923076923077,0.888888888888889,0.480349344978166,0.21978021978022,0.132075471698113,0.607843137254902,0.171428571428571,0.5,0.471428571428571,0.510526315789474,0.532374100719424,0.584905660377358,0.197368421052632,0.227272727272727,0.219512195121951,0.333333333333333,0.4,3,
0.41304347826087,0.5,0.583333333333333,0.2882096069869,0.120879120879121,0.113207547169811,0.34640522875817,0.4,0.25,0.442857142857143,0.268421052631579,0.26978417266187,0.345911949685535,0.0263157894736842,0.363636363636364,0.268292682926829,0.8,0.9,3,
0.434782608695652,0.0384615384615385,0.361111111111111,0.157205240174672,0.0989010989010989,0.0943396226415094,0.117647058823529,0.714285714285714,0.0833333333333333,0.0285714285714286,0.110526315789474,0.0803357314148681,0.0314465408805031,0.0394736842105263,0.227272727272727,0.707317073170732,0.833333333333333,0.866666666666667,3,
0.304347826086957,0.615384615384615,0.638888888888889,0.375545851528384,0.186813186813187,0.132075471698113,0.42483660130719,0.314285714285714,0.333333333333333,0.5,0.352631578947368,0.344124700239808,0.628930817610063,0.105263157894737,0.5,0.170731707317073,0.533333333333333,0.6,3,
0.369565217391304,0.230769230769231,0.638888888888889,0.283842794759825,0.164835164835165,0.0943396226415094,0.326797385620915,0.428571428571429,0.25,0.185714285714286,0.336842105263158,0.244604316546763,0.238993710691824,0.197368421052632,0.0454545454545455,0.536585365853659,0.3,0.333333333333333,3,
0.369565217391304,0.269230769230769,0.597222222222222,0.323144104803493,0.153846153846154,0.113207547169811,0.431372549019608,0.314285714285714,0.333333333333333,0.2,0.363157894736842,0.345323741007194,0.30188679245283,0.157894736842105,0.0454545454545455,0.341463414634146,0.366666666666667,0.4,3,
0.58695652173913,0.692307692307692,0.888888888888889,0.25764192139738,0.0549450549450549,0.150943396226415,0.61437908496732,0.171428571428571,0.5,0.657142857142857,0.457894736842105,0.535971223021583,0.528301886792453,0.131578947368421,0.227272727272727,0.51219512195122,0.4,0.5,3,
0.58695652173913,0.692307692307692,0.958333333333333,0.524017467248908,0.21978021978022,0.132075471698113,0.686274509803922,0.114285714285714,0.583333333333333,0.628571428571429,0.568421052631579,0.623501199040767,0.610062893081761,0.171052631578947,0.272727272727273,0.439024390243902,0.433333333333333,0.6,3,
0.152173913043478,0.0384615384615385,0.0277777777777778,0.0262008733624454,0.10989010989011,0.0188679245283019,0.0130718954248366,0.942857142857143,0,0.0142857142857143,0.00526315789473684,0.00839328537170264,0.0754716981132075,0.368421052631579,0.181818181818182,0.170731707317073,0.1,0.0666666666666667,3,
0.478260869565217,0.5,0.902777777777778,0.502183406113537,0.230769230769231,0.132075471698113,0.581699346405229,0.2,0.5,0.428571428571429,0.489473684210526,0.501199040767386,0.578616352201258,0.131578947368421,0.227272727272727,0.926829268292683,0.5,0.7,3,
0.652173913043478,0.846153846153846,0.875,0.467248908296943,0.197802197802198,0.169811320754717,0.65359477124183,0.142857142857143,0.583333333333333,0.671428571428571,0.521052631578947,0.586330935251799,0.880503144654088,0.171052631578947,0.227272727272727,0.390243902439024,0.4,0.5,3,
0.152173913043478,0.153846153846154,0.236111111111111,0.0524017467248908,0.0879120879120879,0.0754716981132075,0.0849673202614379,0.8,0.0833333333333333,0.1,0.0631578947368421,0.0539568345323741,0.144654088050314,0.289473684210526,0.363636363636364,0.121951219512195,0.0666666666666667,0.1,3,
0.521739130434783,0.5,0.75,0.458515283842795,0.21978021978022,0.150943396226415,0.542483660130719,0.228571428571429,0.416666666666667,0.414285714285714,0.494736842105263,0.466426858513189,0.534591194968553,0.144736842105263,0,0.341463414634146,0.4,0.533333333333333,3,
0.391304347826087,0.192307692307692,0.5,0.296943231441048,0.153846153846154,0.113207547169811,0.359477124183007,0.4,0.25,0.228571428571429,0.347368421052632,0.276978417266187,0.226415094339623,0.157894736842105,0,0.682926829268293,0.433333333333333,0.566666666666667,3,
0.608695652173913,0.846153846153846,0.930555555555556,0.419213973799127,0.153846153846154,0.169811320754717,0.738562091503268,0.114285714285714,0.666666666666667,0.857142857142857,0.515789473684211,0.654676258992806,0.59748427672956,0.197368421052632,0.363636363636364,0.853658536585366,0.366666666666667,0.666666666666667,3,
