85,18,4,
0.391304347826087,0.384615384615385,0.666666666666667,0.231441048034935,0.153846153846154,0.132075471698113,0.241830065359477,0.542857142857143,0.166666666666667,0.557142857142857,0.184210526315789,0.170263788968825,0.19496855345912,0.0657894736842105,0.0454545454545455,0.634146341463415,0.7,0.866666666666667,0,
0.326086956521739,0.384615384615385,0.611111111111111,0.139737991266376,0.0879120879120879,0.169811320754717,0.274509803921569,0.514285714285714,0.166666666666667,0.457142857142857,0.231578947368421,0.199040767386091,0.345911949685535,0.184210526315789,0.272727272727273,0.0487804878048781,0.3,0.5,0,
0.347826086956522,0.115384615384615,0.388888888888889,0.161572052401747,0.131868131868132,0.113207547169811,0.176470588235294,0.6,0.0833333333333333,0.171428571428571,0.189473684210526,0.128297362110312,0.113207547169811,0.184210526315789,0.318181818181818,0.024390243902439,0.433333333333333,0.5,0,
0.434782608695652,0.307692307692308,0.486111111111111,0.0873362445414847,0.043956043956044,0.0943396226415094,0.183006535947712,0.657142857142857,0.0833333333333333,0.328571428571429,0.178947368421053,0.119904076738609,0.251572327044025,0.236842105263158,0.227272727272727,0.365853658536585,0.266666666666667,0.133333333333333,0,
0.239130434782609,0.153846153846154,0.416666666666667,0.200873362445415,0.153846153846154,0.0943396226415094,0.163398692810458,0.657142857142857,0.0833333333333333,0.314285714285714,0.136842105263158,0.112709832134293,0.0754716981132075,0.0657894736842105,0,0.560975609756098,0.666666666666667,0.8,0,
0.434782608695652,0.384615384615385,0.527777777777778,0.253275109170306,0.186813186813187,0.113207547169811,0.163398692810458,0.628571428571429,0.0833333333333333,0.385714285714286,0.136842105263158,0.116306954436451,0.314465408805031,0.0526315789473684,0.772727272727273,0.292682926829268,0.9,0.966666666666667,0,
0.326086956521739,0.115384615384615,0.180555555555556,0.0393013100436681,0.10989010989011,0.0188679245283019,0.0392156862745098,0.885714285714286,0,0.142857142857143,0.0368421052631579,0.0239808153477218,0.169811320754717,0.381578947368421,0.318181818181818,0.341463414634146,0.133333333333333,0.0666666666666667,0,
0.434782608695652,0.5,0.625,0.283842794759825,0.208791208791209,0.132075471698113,0.254901960784314,0.514285714285714,0.166666666666667,0.414285714285714,0.205263157894737,0.185851318944844,0.440251572327044,0.105263157894737,0,0.0975609756097561,0.633333333333333,0.766666666666667,0,
0.304347826086957,0.461538461538462,0.361111111111111,0.152838427947598,0.120879120879121,0.113207547169811,0.183006535947712,0.6,0.0833333333333333,0.428571428571429,0.2,0.13189448441247,0.415094339622642,0.184210526315789,0.136363636363636,0.292682926829268,0.4,0.5,0,
0.434782608695652,0.153846153846154,0.416666666666667,0.0960698689956332,0.0549450549450549,0.132075471698113,0.0980392156862745,0.771428571428571,0.0833333333333333,0.271428571428571,0.136842105263158,0.0647482014388489,0.0628930817610063,0.157894736842105,0.0909090909090909,0.317073170731707,0.5,0.3,0,
0.260869565217391,0.0769230769230769,0.333333333333333,0.109170305676856,0.10989010989011,0.0754716981132075,0.0261437908496732,0.885714285714286,0,0.1,0.0421052631578947,0.0191846522781775,0.0880503144654088,0.0789473684210526,0.0454545454545455,0.560975609756098,0.666666666666667,0.733333333333333,0,
0.347826086956522,0.153846153846154,0.152777777777778,0.0305676855895196,0.0769230769230769,0.0566037735849057,0.0522875816993464,0.857142857142857,0,0.128571428571429,0.0421052631578947,0.0347721822541966,0.238993710691824,0.302631578947368,0.318181818181818,0.0975609756097561,0.166666666666667,0.0666666666666667,0,
0.521739130434783,0.538461538461538,0.652777777777778,0.262008733624454,0.186813186813187,0.132075471698113,0.287581699346405,0.485714285714286,0.25,0.442857142857143,0.226315789473684,0.209832134292566,0.459119496855346,0.118421052631579,0.0454545454545455,0.317073170731707,0.533333333333333,0.7,0,
0.304347826086957,0.346153846153846,0.333333333333333,0.200873362445415,0.186813186813187,0.150943396226415,0.137254901960784,0.685714285714286,0.0833333333333333,0.328571428571429,0.142105263157895,0.0971223021582734,0.314465408805031,0.105263157894737,0.318181818181818,0,0.566666666666667,0.666666666666667,0,
0.543478260869565,0.192307692307692,0.361111111111111,0.11353711790393,0.0879120879120879,0.0943396226415094,0.117647058823529,0.714285714285714,0.0833333333333333,0.285714285714286,0.157894736842105,0.0803357314148681,0.0880503144654088,0.131578947368421,0.136363636363636,0.292682926829268,0.5,0.433333333333333,0,
0.369565217391304,0.576923076923077,0.638888888888889,0.882096069868996,0.868131868131868,0.886792452830189,0.26797385620915,0.514285714285714,0.166666666666667,0.542857142857143,0.747368421052632,0.194244604316547,0.572327044025157,0.776315789473684,0,0.365853658536585,0.3,0.433333333333333,0,
0.326086956521739,0.153846153846154,0.152777777777778,0.00436681222707424,0.0549450549450549,0.0566037735849057,0.0457516339869281,0.885714285714286,0,0.142857142857143,0.0263157894736842,0.0275779376498801,0.10062893081761,0.355263157894737,0.363636363636364,0.390243902439024,0.1,0.0666666666666667,0,
0.282608695652174,0.153846153846154,0.277777777777778,0.0480349344978166,0.0769230769230769,0.0566037735849057,0.0457516339869281,0.857142857142857,0,0.2,0.0578947368421053,0.0299760191846523,0.125786163522013,0.171052631578947,0.0909090909090909,0.195121951219512,0.333333333333333,0.3,0,
0.456521739130435,0.576923076923077,0.597222222222222,0.253275109170306,0.186813186813187,0.150943396226415,0.287581699346405,0.485714285714286,0.166666666666667,0.5,0.247368421052632,0.207434052757794,0.490566037735849,0.197368421052632,0.181818181818182,0.341463414634146,0.3,0.5,0,
0.347826086956522,0.269230769230769,0.541666666666667,0.218340611353712,0.186813186813187,0.132075471698113,0.209150326797386,0.571428571428571,0.166666666666667,0.3,0.2,0.152278177458034,0.251572327044025,0.157894736842105,0.363636363636364,0.170731707317073,0.4,0.533333333333333,0,
0.782608695652174,0.538461538461538,0.777777777777778,0.445414847161572,0.186813186813187,0.132075471698113,0.562091503267974,0.2,0.5,0.457142857142857,0.468421052631579,0.482014388489209,0.515723270440252,0.144736842105263,0.181818181818182,0.317073170731707,0.466666666666667,0.566666666666667,1,
0.478260869565217,0.153846153846154,0.430555555555556,0.292576419213974,0.153846153846154,0.132075471698113,0.294117647058824,0.485714285714286,0.25,0.228571428571429,0.252631578947368,0.217026378896883,0.10062893081761,0.0526315789473684,0.227272727272727,0.975609756097561,0.666666666666667,0.9,1,
0.565217391304348,0.384615384615385,0.680555555555556,0.397379912663755,0.175824175824176,0.113207547169811,0.483660130718954,0.257142857142857,0.416666666666667,0.371428571428571,0.421052631578947,0.404076738609113,0.358490566037736,0.118421052631579,0.272727272727273,0.317073170731707,0.5,0.6,1,
0.58695652173913,0.5,0.888888888888889,0.349344978165939,0.142857142857143,0.132075471698113,0.555555555555556,0.228571428571429,0.5,0.414285714285714,0.484210526315789,0.47242206235012,0.559748427672956,0.184210526315789,0.590909090909091,0.317073170731707,0.433333333333333,0.533333333333333,1,
0.239130434782609,0.192307692307692,0.597222222222222,0.161572052401747,0.0769230769230769,0.0943396226415094,0.241830065359477,0.542857142857143,0.166666666666667,0.2,0.247368421052632,0.171462829736211,0.251572327044025,0.197368421052632,0.272727272727273,0.707317073170732,0.3,0.333333333333333,1,
0.434782608695652,0.346153846153846,0.805555555555556,0.384279475982533,0.175824175824176,0.132075471698113,0.477124183006536,0.285714285714286,0.416666666666667,0.285714285714286,0.4,0.388489208633094,0.40251572327044,0.144736842105263,0.454545454545455,0.51219512195122,0.433333333333333,0.533333333333333,1,
0.58695652173913,0.5,0.569444444444444,0.362445414847162,0.153846153846154,0.132075471698113,0.352941176470588,0.4,0.25,0.514285714285714,0.310526315789474,0.276978417266187,0.415094339622642,0.0526315789473684,0.590909090909091,0.219512195121951,0.733333333333333,0.866666666666667,1,
0.369565217391304,0.230769230769231,0.625,0.244541484716157,0.131868131868132,0.0943396226415094,0.333333333333333,0.428571428571429,0.25,0.185714285714286,0.310526315789474,0.254196642685851,0.308176100628931,0.157894736842105,0.318181818181818,0.317073170731707,0.333333333333333,0.366666666666667,1,
0.326086956521739,0.153846153846154,0.236111111111111,0.122270742358079,0.164835164835165,0.0754716981132075,0.150326797385621,0.685714285714286,0.0833333333333333,0.1,0.110526315789474,0.0971223021582734,0.220125786163522,0.315789473684211,0.727272727272727,0.390243902439024,0.133333333333333,0.1,1,
0.456521739130435,0.192307692307692,0.666666666666667,0.327510917030568,0.142857142857143,0.0943396226415094,0.379084967320261,0.371428571428571,0.333333333333333,0.185714285714286,0.305263157894737,0.300959232613909,0.220125786163522,0.0921052631578947,0.0909090909090909,0.682926829268293,0.633333333333333,0.766666666666667,1,
0.369565217391304,0.153846153846154,0.555555555555556,0.292576419213974,0.120879120879121,0.132075471698113,0.294117647058824,0.457142857142857,0.25,0.2,0.221052631578947,0.226618705035971,0.0377358490566038,0.0131578947368421,0.136363636363636,0.439024390243902,0.833333333333333,0.933333333333333,1,
0.695652173913043,0.807692307692308,0.944444444444444,0.567685589519651,0.252747252747253,0.188679245283019,0.673202614379085,0.142857142857143,0.583333333333333,0.714285714285714,0.505263157894737,0.603117505995204,0.748427672955975,0.118421052631579,0.181818181818182,0.536585365853659,0.433333333333333,0.666666666666667,1,
0.326086956521739,0.153846153846154,0.319444444444444,0.11353711790393,0.120879120879121,0.0566037735849057,0.0849673202614379,0.8,0.0833333333333333,0.171428571428571,0.0578947368421053,0.0551558752997602,0.226415094339623,0.197368421052632,0.636363636363636,0.48780487804878,0.266666666666667,0.233333333333333,1,
0.565217391304348,0.769230769230769,0.902777777777778,0.502183406113537,0.208791208791209,0.169811320754717,0.601307189542484,0.171428571428571,0.5,0.671428571428571,0.478947368421053,0.526378896882494,0.723270440251572,0.118421052631579,0,0.146341463414634,0.5,0.666666666666667,1,
0.239130434782609,0.0769230769230769,0.180555555555556,0.0786026200873362,0.10989010989011,0.0377358490566038,0.0261437908496732,0.942857142857143,0,0.0714285714285714,0.0263157894736842,0.0143884892086331,0.119496855345912,0.223684210526316,0.454545454545455,0.658536585365854,0.233333333333333,0.3,1,
0.260869565217391,0.0384615384615385,0.180555555555556,0.100436681222707,0.120879120879121,0.0754716981132075,0.0261437908496732,0.914285714285714,0,0.0428571428571429,0.0368421052631579,0.0155875299760192,0.113207547169811,0.144736842105263,0.136363636363636,0.48780487804878,0.3,0.266666666666667,1,
0.869565217391304,0.769230769230769,0.736111111111111,0.406113537117904,0.164835164835165,0.169811320754717,0.679738562091503,0.142857142857143,0.583333333333333,0.671428571428571,0.478947368421053,0.60431654676259,0.547169811320755,0.171052631578947,0.272727272727273,0.609756097560976,0.4,0.6,1,
0.195652173913043,0.115384615384615,0.152777777777778,0.0436681222707424,0.0659340659340659,0.0377358490566038,0.150326797385621,0.685714285714286,0.0833333333333333,0.114285714285714,0.105263157894737,0.100719424460432,0.220125786163522,0.355263157894737,0.681818181818182,0.0975609756097561,0.166666666666667,0.0333333333333333,1,
0.673913043478261,0.692307692307692,0.944444444444444,0.388646288209607,0.131868131868132,0.169811320754717,0.686274509803922,0.142857142857143,0.583333333333333,0.642857142857143,0.536842105263158,0.611510791366906,0.591194968553459,0.171052631578947,0.681818181818182,0.536585365853659,0.466666666666667,0.666666666666667,1,
0.391304347826087,0.269230769230769,0.597222222222222,0.270742358078603,0.142857142857143,0.113207547169811,0.313725490196078,0.428571428571429,0.25,0.214285714285714,0.310526315789474,0.238609112709832,0.289308176100629,0.171052631578947,0.227272727272727,0.170731707317073,0.333333333333333,0.333333333333333,1,
0.41304347826087,0.153846153846154,0.638888888888889,0.275109170305677,0.142857142857143,0.0943396226415094,0.300653594771242,0.457142857142857,0.25,0.185714285714286,0.268421052631579,0.226618705035971,0.220125786163522,0.118421052631579,0.409090909090909,0.51219512195122,0.466666666666667,0.5,1,
0.739130434782609,0.807692307692308,0.805555555555556,0.462882096069869,0.208791208791209,0.169811320754717,0.69281045751634,0.142857142857143,0.583333333333333,0.728571428571429,0.478947368421053,0.623501199040767,0.672955974842767,0.157894736842105,0.636363636363636,0,0.4,0.533333333333333,1,
0.543478260869565,0.269230769230769,0.513888888888889,0.292576419213974,0.153846153846154,0.0754716981132075,0.392156862745098,0.314285714285714,0.333333333333333,0.3,0.352631578947368,0.327338129496403,0.20125786163522,0.171052631578947,0.181818181818182,0.414634146341463,0.766666666666667,0.666666666666667,2,
0.173913043478261,0.384615384615385,0.388888888888889,0.091703056768559,0.10989010989011,0.113207547169811,0.241830065359477,0.571428571428571,0.166666666666667,0.4,0.205263157894737,0.166666666666667,0.39622641509434,0.315789473684211,0.272727272727273,0.439024390243902,0.1,0.1,2,
0.282608695652174,0.5,0.416666666666667,0.196506550218341,0.197802197802198,0.113207547169811,0.241830065359477,0.542857142857143,0.166666666666667,0.4,0.210526315789474,0.176258992805755,0.477987421383648,0.236842105263158,0.272727272727273,0.146341463414634,0.233333333333333,0.233333333333333,2,
0.260869565217391,0.346153846153846,0.361111111111111,0.0698689956331878,0.0659340659340659,0.0943396226415094,0.241830065359477,0.542857142857143,0.166666666666667,0.385714285714286,0.226315789473684,0.169064748201439,0.339622641509434,0.342105263157895,0.227272727272727,0.0975609756097561,0.133333333333333,0.0333333333333333,2,
0.130434782608696,0.384615384615385,0.444444444444444,0.161572052401747,0.164835164835165,0.113207547169811,0.26797385620915,0.514285714285714,0.166666666666667,0.371428571428571,0.236842105263158,0.191846522781775,0.408805031446541,0.25,0,0.195121951219512,0.2,0.233333333333333,2,
0.521739130434783,0.461538461538462,0.444444444444444,0.362445414847162,0.263736263736264,0.0566037735849057,0.320261437908497,0.4,0.25,0.371428571428571,0.252631578947368,0.25779376498801,0.484276729559748,0.144736842105263,0.318181818181818,0.170731707317073,0.666666666666667,0.733333333333333,2,
0.543478260869565,0.5,0.666666666666667,0.379912663755459,0.175824175824176,0.0754716981132075,0.522875816993464,0.228571428571429,0.416666666666667,0.414285714285714,0.447368421052632,0.454436450839329,0.408805031446541,0.184210526315789,0.0909090909090909,0.634146341463415,0.6,0.533333333333333,2,
0.565217391304348,0.538461538461538,0.708333333333333,0.532751091703057,0.296703296703297,0.0566037735849057,0.588235294117647,0.171428571428571,0.5,0.428571428571429,0.547368421052632,0.533573141486811,0.484276729559748,0.263157894736842,0.181818181818182,0.268292682926829,0.533333333333333,0.333333333333333,2,
0.260869565217391,0.384615384615385,0.361111111111111,0.0829694323144105,0.0879120879120879,0.0943396226415094,0.248366013071895,0.542857142857143,0.166666666666667,0.4,0.221052631578947,0.170263788968825,0.40251572327044,0.315789473684211,0.181818181818182,0.365853658536585,0.133333333333333,0.0666666666666667,2,
0.543478260869565,0.5,0.513888888888889,0.414847161572052,0.263736263736264,0.0943396226415094,0.352941176470588,0.371428571428571,0.25,0.457142857142857,0.284210526315789,0.28537170263789,0.446540880503145,0.131578947368421,0.590909090909091,0.219512195121951,0.8,0.733333333333333,2,
0.58695652173913,0.538461538461538,0.416666666666667,0.353711790393013,0.252747252747253,0.0943396226415094,0.326797385620915,0.4,0.25,0.5,0.257894736842105,0.266187050359712,0.39622641509434,0.118421052631579,0.409090909090909,0.146341463414634,0.8,0.8,2,
0.239130434782609,0.538461538461538,0.486111111111111,0.213973799126638,0.186813186813187,0.0754716981132075,0.274509803921569,0.485714285714286,0.166666666666667,0.385714285714286,0.236842105263158,0.203836930455636,0.471698113207547,0.210526315789474,0,0.0731707317073171,0.3,0.366666666666667,2,
0.543478260869565,0.192307692307692,0.416666666666667,0.358078602620087,0.230769230769231,0.0754716981132075,0.339869281045752,0.371428571428571,0.25,0.257142857142857,0.310526315789474,0.274580335731415,0.125786163522013,0.157894736842105,0.136363636363636,0.414634146341463,0.8,0.733333333333333,2,
0.239130434782609,0.461538461538462,0.388888888888889,0.192139737991266,0.186813186813187,0.0754716981132075,0.222222222222222,0.571428571428571,0.166666666666667,0.342857142857143,0.2,0.15947242206235,0.446540880503145,0.210526315789474,0.227272727272727,0.024390243902439,0.233333333333333,0.2,2,
0.239130434782609,0.384615384615385,0.416666666666667,0.0829694323144105,0.0769230769230769,0.113207547169811,0.254901960784314,0.542857142857143,0.166666666666667,0.4,0.226315789473684,0.177458033573141,0.421383647798742,0.289473684210526,0.0454545454545455,0.292682926829268,0.166666666666667,0.1,2,
0.456521739130435,0.384615384615385,0.388888888888889,0.2882096069869,0.21978021978022,0.0754716981132075,0.196078431372549,0.571428571428571,0.0833333333333333,0.342857142857143,0.178947368421053,0.151079136690647,0.427672955974843,0.0789473684210526,0.454545454545455,0.195121951219512,0.733333333333333,0.733333333333333,2,
0.543478260869565,0.0769230769230769,0.416666666666667,0.34061135371179,0.230769230769231,0.0566037735849057,0.281045751633987,0.428571428571429,0.166666666666667,0.0857142857142857,0.284210526315789,0.224220623501199,0.050314465408805,0.157894736842105,0.136363636363636,0.536585365853659,0.866666666666667,0.8,2,
0.456521739130435,0.230769230769231,0.486111111111111,0.349344978165939,0.274725274725275,0.113207547169811,0.281045751633987,0.457142857142857,0.166666666666667,0.214285714285714,0.236842105263158,0.217026378896883,0.226415094339623,0.144736842105263,0.181818181818182,0.121951219512195,0.533333333333333,0.633333333333333,2,
0.195652173913043,0.384615384615385,0.430555555555556,0.218340611353712,0.230769230769231,0.0943396226415094,0.248366013071895,0.542857142857143,0.166666666666667,0.357142857142857,0.215789473684211,0.175059952038369,0.40251572327044,0.25,0.318181818181818,0.268292682926829,0.166666666666667,0.166666666666667,2,
0.282608695652174,0.461538461538462,0.361111111111111,0.0960698689956332,0.10989010989011,0.113207547169811,0.235294117647059,0.571428571428571,0.166666666666667,0.385714285714286,0.210526315789474,0.164268585131894,0.484276729559748,0.355263157894737,0,0.170731707317073,0.1,0.0333333333333333,2,
0.152173913043478,0.384615384615385,0.388888888888889,0.0698689956331878,0.0769230769230769,0.113207547169811,0.248366013071895,0.542857142857143,0.166666666666667,0.385714285714286,0.215789473684211,0.173860911270983,0.421383647798742,0.342105263157895,0.181818181818182,0.195121951219512,0.1,0.0666666666666667,2,
0.239130434782609,0.192307692307692,0.277777777777778,0.104803493449782,0.0989010989010989,0.0566037735849057,0.130718954248366,0.685714285714286,0.0833333333333333,0.171428571428571,0.0947368421052632,0.092326139088729,0.20125786163522,0.210526315789474,0.363636363636364,0.0975609756097561,0.3,0.233333333333333,3,
0.5,0.538461538461538,0.875,0.48471615720524,0.241758241758242,0.150943396226415,0.57516339869281,0.2,0.5,0.414285714285714,0.473684210526316,0.496402877697842,0.572327044025157,0.184210526315789,0.272727272727273,0.146341463414634,0.366666666666667,0.433333333333333,3,
0.5,0.846153846153846,0.805555555555556,0.248908296943231,0.0769230769230769,0.150943396226415,0.673202614379085,0.142857142857143,0.583333333333333,0.814285714285714,0.505263157894737,0.59832134292566,0.70440251572327,0.223684210526316,0.136363636363636,0.146341463414634,0.3,0.4,3,
0.673913043478261,0.923076923076923,0.875,0.51528384279476,0.274725274725275,0.188679245283019,0.712418300653595,0.114285714285714,0.666666666666667,0.842857142857143,0.489473684210526,0.640287769784173,0.685534591194969,0.171052631578947,0.5,0.292682926829268,0.333333333333333,0.466666666666667,3,
0.652173913043478,0.307692307692308,0.597222222222222,0.393013100436681,0.175824175824176,0.132075471698113,0.411764705882353,0.342857142857143,0.333333333333333,0.342857142857143,0.363157894736842,0.324940047961631,0.182389937106918,0.0789473684210526,0.318181818181818,0.731707317073171,0.7,0.833333333333333,3,
0.434782608695652,0.0769230769230769,0.361111111111111,0.218340611353712,0.131868131868132,0.0754716981132075,0.196078431372549,0.571428571428571,0.0833333333333333,0.142857142857143,0.168421052631579,0.143884892086331,0.0691823899371069,0.0657894736842105,0.227272727272727,0.317073170731707,0.7,0.7,3,
0.239130434782609,0.230769230769231,0.694444444444444,0.331877729257642,0.142857142857143,0.0943396226415094,0.42483660130719,0.314285714285714,0.333333333333333,0.185714285714286,0.415789473684211,0.341726618705036,0.226415094339623,0.157894736842105,0.181818181818182,0.926829268292683,0.466666666666667,0.566666666666667,3,
0.326086956521739,0.230769230769231,0.666666666666667,0.393013100436681,0.241758241758242,0.113207547169811,0.366013071895425,0.4,0.25,0.214285714285714,0.363157894736842,0.278177458033573,0.264150943396226,0.197368421052632,0.136363636363636,0.536585365853659,0.333333333333333,0.366666666666667,3,
0.434782608695652,0.461538461538462,0.458333333333333,0.262008733624454,0.131868131868132,0.0943396226415094,0.30718954248366,0.457142857142857,0.25,0.4,0.273684210526316,0.233812949640288,0.49685534591195,0.0789473684210526,0.5,0.365853658536585,0.633333333333333,0.666666666666667,3,
0.521739130434783,0.576923076923077,0.902777777777778,0.471615720524017,0.186813186813187,0.169811320754717,0.581699346405229,0.2,0.5,0.528571428571429,0.431578947368421,0.501199040767386,0.333333333333333,0.0657894736842105,0.0909090909090909,0.170731707317073,0.566666666666667,0.7,3,
0.347826086956522,0.115384615384615,0.513888888888889,0.296943231441048,0.164835164835165,0.113207547169811,0.294117647058824,0.457142857142857,0.166666666666667,0.1,0.231578947368421,0.219424460431655,0.106918238993711,0.0526315789473684,0.227272727272727,0.536585365853659,0.733333333333333,0.8,3,
0.282608695652174,0.307692307692308,0.361111111111111,0.109170305676856,0.0879120879120879,0.0943396226415094,0.150326797385621,0.685714285714286,0.0833333333333333,0.257142857142857,0.126315789473684,0.0983213429256595,0.352201257861635,0.197368421052632,0.136363636363636,0.0975609756097561,0.133333333333333,0.2,3,
0.260869565217391,0.269230769230769,0.361111111111111,0.074235807860262,0.0549450549450549,0.0377358490566038,0.261437908496732,0.514285714285714,0.166666666666667,0.214285714285714,0.210526315789474,0.18705035971223,0.339622641509434,0.368421052631579,0.590909090909091,0.0731707317073171,0.133333333333333,0.0666666666666667,3,
0.5,0.730769230769231,0.888888888888889,0.51528384279476,0.21978021978022,0.132075471698113,0.562091503267974,0.2,0.5,0.642857142857143,0.457894736842105,0.485611510791367,0.735849056603774,0.105263157894737,0.545454545454545,0.48780487804878,0.533333333333333,0.666666666666667,3,
0.58695652173913,0.730769230769231,0.958333333333333,0.528384279475983,0.230769230769231,0.150943396226415,0.718954248366013,0.114285714285714,0.666666666666667,0.671428571428571,0.58421052631579,0.655875299760192,0.616352201257862,0.184210526315789,0.318181818181818,0.682926829268293,0.4,0.6,3,
0.760869565217391,0.692307692307692,0.875,0.406113537117904,0.142857142857143,0.169811320754717,0.647058823529412,0.142857142857143,0.583333333333333,0.6,0.484210526315789,0.571942446043165,0.490566037735849,0.105263157894737,0.318181818181818,0.0731707317073171,0.466666666666667,0.633333333333333,3,
0.478260869565217,0.346153846153846,0.777777777777778,0.406113537117904,0.197802197802198,0.132075471698113,0.431372549019608,0.314285714285714,0.333333333333333,0.328571428571429,0.363157894736842,0.347721822541966,0.251572327044025,0.105263157894737,0.0454545454545455,0.707317073170732,0.566666666666667,0.633333333333333,3,
0.260869565217391,0.230769230769231,0.513888888888889,0.205240174672489,0.131868131868132,0.113207547169811,0.248366013071895,0.542857142857143,0.166666666666667,0.228571428571429,0.242105263157895,0.176258992805755,0.150943396226415,0.184210526315789,0,0.390243902439024,0.266666666666667,0.4,3,
0.608695652173913,0.846153846153846,0.847222222222222,0.344978165938865,0.10989010989011,0.207547169811321,0.738562091503268,0.114285714285714,0.666666666666667,0.842857142857143,0.5,0.667865707434053,0.59748427672956,0.157894736842105,0.227272727272727,0.24390243902439,0.333333333333333,0.566666666666667,3,
0.652173913043478,0.807692307692308,0.708333333333333,0.327510917030568,0.10989010989011,0.169811320754717,0.705882352941177,0.142857142857143,0.666666666666667,0.742857142857143,0.473684210526316,0.627098321342926,0.559748427672956,0.171052631578947,0.0454545454545455,0.780487804878049,0.333333333333333,0.566666666666667,3,
0.282608695652174,0.230769230769231,0.611111111111111,0.196506550218341,0.10989010989011,0.113207547169811,0.287581699346405,0.485714285714286,0.25,0.214285714285714,0.289473684210526,0.20863309352518,0.30188679245283,0.197368421052632,0,0.560975609756098,0.233333333333333,0.3,3,
0.326086956521739,0.192307692307692,0.513888888888889,0.22707423580786,0.0989010989010989,0.0943396226415094,0.333333333333333,0.428571428571429,0.25,0.157142857142857,0.284210526315789,0.252997601918465,0.19496855345912,0.105263157894737,0.0454545454545455,0.219512195121951,0.533333333333333,0.566666666666667,3,
