84,18,4,
0.369565217391304,0.384615384615385,0.444444444444444,0.231441048034935,0.186813186813187,0.113207547169811,0.156862745098039,0.657142857142857,0.0833333333333333,0.385714285714286,0.147368421052632,0.113908872901679,0.364779874213836,0.0657894736842105,0.181818181818182,0.146341463414634,0.833333333333333,0.933333333333333,0,
0.41304347826087,0.384615384615385,0.416666666666667,0.0873362445414847,0.0549450549450549,0.0754716981132075,0.176470588235294,0.657142857142857,0.0833333333333333,0.371428571428571,0.178947368421053,0.117505995203837,0.39622641509434,0.263157894736842,0.181818181818182,0.390243902439024,0.233333333333333,0.133333333333333,0,
0.326086956521739,0.423076923076923,0.625,0.152838427947598,0.0989010989010989,0.169811320754717,0.294117647058824,0.485714285714286,0.25,0.528571428571429,0.242105263157895,0.21462829736211,0.415094339622642,0.223684210526316,0.227272727272727,0.390243902439024,0.266666666666667,0.466666666666667,0,
0.434782608695652,0.346153846153846,0.333333333333333,0.235807860262009,0.230769230769231,0.132075471698113,0.143790849673203,0.657142857142857,0.0833333333333333,0.342857142857143,0.173684210526316,0.100719424460432,0.383647798742138,0.157894736842105,0.318181818181818,0.317073170731707,0.533333333333333,0.666666666666667,0,
0.391304347826087,0.153846153846154,0.5,0.148471615720524,0.0879120879120879,0.113207547169811,0.130718954248366,0.714285714285714,0.0833333333333333,0.242857142857143,0.142105263157895,0.0863309352517986,0.0943396226415094,0.131578947368421,0,0.292682926829268,0.5,0.366666666666667,0,
0.478260869565217,0.5,0.5,0.253275109170306,0.208791208791209,0.169811320754717,0.326797385620915,0.457142857142857,0.25,0.528571428571429,0.236842105263158,0.23621103117506,0.39622641509434,0.197368421052632,0.363636363636364,0.0975609756097561,0.266666666666667,0.4,0,
0.434782608695652,0.269230769230769,0.458333333333333,0.152838427947598,0.120879120879121,0.0754716981132075,0.156862745098039,0.657142857142857,0.0833333333333333,0.285714285714286,0.189473684210526,0.109112709832134,0.176100628930818,0.184210526315789,0,0,0.366666666666667,0.233333333333333,0,
0.304347826086957,0.153846153846154,0.166666666666667,0.0524017467248908,0.0769230769230769,0.0754716981132075,0.0196078431372549,0.914285714285714,0,0.114285714285714,0.0263157894736842,0.0143884892086331,0.220125786163522,0.197368421052632,0.5,0.536585365853659,0.333333333333333,0.3,0,
0.347826086956522,0.346153846153846,0.361111111111111,0.091703056768559,0.0659340659340659,0.0943396226415094,0.124183006535948,0.714285714285714,0.0833333333333333,0.371428571428571,0.168421052631579,0.0839328537170264,0.333333333333333,0.184210526315789,0.454545454545455,0.414634146341463,0.4,0.333333333333333,0,
0.369565217391304,0.576923076923077,0.625,0.231441048034935,0.186813186813187,0.169811320754717,0.320261437908497,0.485714285714286,0.25,0.7,0.236842105263158,0.229016786570743,0.484276729559748,0.197368421052632,0.136363636363636,0.390243902439024,0.3,0.466666666666667,0,
0.369565217391304,0.538461538461538,0.625,0.248908296943231,0.186813186813187,0.150943396226415,0.333333333333333,0.457142857142857,0.25,0.6,0.247368421052632,0.245803357314149,0.477987421383648,0.184210526315789,0.409090909090909,0,0.3,0.466666666666667,0,
0.478260869565217,0.423076923076923,0.611111111111111,0.235807860262009,0.164835164835165,0.150943396226415,0.215686274509804,0.571428571428571,0.166666666666667,0.428571428571429,0.173684210526316,0.15347721822542,0.358490566037736,0.0657894736842105,0.454545454545455,0.146341463414634,0.766666666666667,0.833333333333333,0,
0.369565217391304,0.576923076923077,0.527777777777778,0.170305676855895,0.142857142857143,0.169811320754717,0.320261437908497,0.485714285714286,0.25,0.585714285714286,0.221052631578947,0.227817745803357,0.484276729559748,0.210526315789474,0.0909090909090909,0.0487804878048781,0.266666666666667,0.4,0,
0.260869565217391,0.461538461538462,0.583333333333333,0.126637554585153,0.0989010989010989,0.169811320754717,0.30718954248366,0.485714285714286,0.25,0.542857142857143,0.210526315789474,0.213429256594724,0.40251572327044,0.223684210526316,0.454545454545455,0.51219512195122,0.233333333333333,0.4,0,
0.347826086956522,0.115384615384615,0.388888888888889,0.196506550218341,0.142857142857143,0.113207547169811,0.137254901960784,0.685714285714286,0.0833333333333333,0.228571428571429,0.121052631578947,0.0971223021582734,0.0628930817610063,0.0394736842105263,0.272727272727273,0.439024390243902,0.833333333333333,0.933333333333333,0,
0.391304347826087,0.115384615384615,0.277777777777778,0.0960698689956332,0.0989010989010989,0.0754716981132075,0.0457516339869281,0.857142857142857,0,0.171428571428571,0.0473684210526316,0.0323741007194245,0.0566037735849057,0.105263157894737,0.272727272727273,0.341463414634146,0.533333333333333,0.566666666666667,0,
0.434782608695652,0.5,0.583333333333333,0.179039301310044,0.120879120879121,0.169811320754717,0.30718954248366,0.485714285714286,0.25,0.6,0.263157894736842,0.224220623501199,0.50314465408805,0.236842105263158,0.0909090909090909,0.0975609756097561,0.233333333333333,0.433333333333333,0,
0.260869565217391,0.461538461538462,0.555555555555556,0.218340611353712,0.186813186813187,0.132075471698113,0.228758169934641,0.542857142857143,0.166666666666667,0.428571428571429,0.205263157894737,0.167865707434053,0.408805031446541,0.157894736842105,0.0454545454545455,0.0975609756097561,0.4,0.6,0,
0.347826086956522,0.269230769230769,0.513888888888889,0.240174672489083,0.197802197802198,0.132075471698113,0.209150326797386,0.571428571428571,0.166666666666667,0.328571428571429,0.2,0.155875299760192,0.213836477987421,0.144736842105263,0,0.121951219512195,0.466666666666667,0.633333333333333,0,
0.260869565217391,0.461538461538462,0.430555555555556,0.200873362445415,0.175824175824176,0.113207547169811,0.202614379084967,0.571428571428571,0.166666666666667,0.414285714285714,0.215789473684211,0.147482014388489,0.440251572327044,0.171052631578947,0.0909090909090909,0.0731707317073171,0.366666666666667,0.5,0,
0.760869565217391,0.769230769230769,0.875,0.427947598253275,0.186813186813187,0.150943396226415,0.705882352941177,0.114285714285714,0.666666666666667,0.714285714285714,0.494736842105263,0.63189448441247,0.660377358490566,0.184210526315789,0.5,0.24390243902439,0.4,0.6,1,
0.760869565217391,0.615384615384615,0.875,0.419213973799127,0.164835164835165,0.150943396226415,0.61437908496732,0.171428571428571,0.5,0.528571428571429,0.510526315789474,0.540767386091127,0.666666666666667,0.171052631578947,0.272727272727273,0.390243902439024,0.433333333333333,0.566666666666667,1,
0.369565217391304,0.230769230769231,0.680555555555556,0.336244541484716,0.164835164835165,0.113207547169811,0.411764705882353,0.342857142857143,0.333333333333333,0.2,0.368421052631579,0.328537170263789,0.283018867924528,0.144736842105263,0.5,0.365853658536585,0.433333333333333,0.466666666666667,1,
0.369565217391304,0.615384615384615,0.597222222222222,0.362445414847162,0.175824175824176,0.0943396226415094,0.418300653594771,0.314285714285714,0.333333333333333,0.514285714285714,0.394736842105263,0.339328537170264,0.710691823899371,0.144736842105263,0.0454545454545455,0.0487804878048781,0.433333333333333,0.466666666666667,1,
0.782608695652174,0.807692307692308,0.875,0.441048034934498,0.175824175824176,0.169811320754717,0.718954248366013,0.114285714285714,0.666666666666667,0.814285714285714,0.521052631578947,0.642685851318945,0.654088050314465,0.157894736842105,0.272727272727273,0.341463414634146,0.366666666666667,0.633333333333333,1,
0.608695652173913,0.5,0.902777777777778,0.397379912663755,0.153846153846154,0.150943396226415,0.562091503267974,0.228571428571429,0.5,0.457142857142857,0.436842105263158,0.47242206235012,0.540880503144654,0.0921052631578947,0.318181818181818,0.926829268292683,0.533333333333333,0.8,1,
0.5,0.269230769230769,0.833333333333333,0.323144104803493,0.120879120879121,0.113207547169811,0.450980392156863,0.314285714285714,0.333333333333333,0.228571428571429,0.394736842105263,0.3621103117506,0.320754716981132,0.118421052631579,0.227272727272727,0.829268292682927,0.533333333333333,0.7,1,
0.652173913043478,0.615384615384615,0.833333333333333,0.393013100436681,0.142857142857143,0.150943396226415,0.477124183006536,0.257142857142857,0.416666666666667,0.6,0.378947368421053,0.400479616306954,0.433962264150943,0.0394736842105263,0.590909090909091,0.195121951219512,0.733333333333333,0.9,1,
0.347826086956522,0.192307692307692,0.555555555555556,0.283842794759825,0.131868131868132,0.0943396226415094,0.320261437908497,0.428571428571429,0.25,0.185714285714286,0.294736842105263,0.245803357314149,0.176100628930818,0.118421052631579,0.227272727272727,0.365853658536585,0.533333333333333,0.533333333333333,1,
0.543478260869565,0.692307692307692,0.777777777777778,0.432314410480349,0.208791208791209,0.150943396226415,0.496732026143791,0.257142857142857,0.416666666666667,0.557142857142857,0.405263157894737,0.418465227817746,0.767295597484277,0.118421052631579,0.454545454545455,0.024390243902439,0.5,0.6,1,
0.673913043478261,0.807692307692308,0.847222222222222,0.406113537117904,0.186813186813187,0.169811320754717,0.660130718954248,0.142857142857143,0.583333333333333,0.771428571428571,0.463157894736842,0.581534772182254,0.710691823899371,0.197368421052632,0.636363636363636,0.0975609756097561,0.366666666666667,0.5,1,
0.369565217391304,0.115384615384615,0.236111111111111,0.11353711790393,0.10989010989011,0.0754716981132075,0.0588235294117647,0.857142857142857,0,0.128571428571429,0.0368421052631579,0.0383693045563549,0.144654088050314,0.118421052631579,1,0.560975609756098,0.466666666666667,0.466666666666667,1,
0.434782608695652,0.384615384615385,0.5,0.196506550218341,0.10989010989011,0.0943396226415094,0.241830065359477,0.514285714285714,0.166666666666667,0.357142857142857,0.221052631578947,0.1810551558753,0.421383647798742,0.131578947368421,0.636363636363636,0,0.433333333333333,0.433333333333333,1,
0.282608695652174,0.307692307692308,0.333333333333333,0.192139737991266,0.153846153846154,0.0566037735849057,0.248366013071895,0.542857142857143,0.166666666666667,0.285714285714286,0.184210526315789,0.178657074340528,0.40251572327044,0.276315789473684,0.227272727272727,0.195121951219512,0.2,0.133333333333333,1,
0.5,0.461538461538462,0.847222222222222,0.423580786026201,0.208791208791209,0.132075471698113,0.522875816993464,0.228571428571429,0.416666666666667,0.357142857142857,0.463157894736842,0.441247002398082,0.540880503144654,0.184210526315789,0.136363636363636,0.463414634146341,0.433333333333333,0.533333333333333,1,
0.434782608695652,0.230769230769231,0.319444444444444,0.183406113537118,0.120879120879121,0.0943396226415094,0.104575163398693,0.742857142857143,0.0833333333333333,0.228571428571429,0.1,0.0743405275779376,0.308176100628931,0.0526315789473684,0.409090909090909,0.170731707317073,0.733333333333333,0.766666666666667,1,
0.391304347826087,0.230769230769231,0.597222222222222,0.2882096069869,0.142857142857143,0.113207547169811,0.392156862745098,0.342857142857143,0.333333333333333,0.228571428571429,0.352631578947368,0.31294964028777,0.270440251572327,0.171052631578947,0,0.24390243902439,0.4,0.433333333333333,1,
0.673913043478261,0.615384615384615,0.902777777777778,0.458515283842795,0.153846153846154,0.169811320754717,0.620915032679739,0.171428571428571,0.583333333333333,0.557142857142857,0.457894736842105,0.543165467625899,0.371069182389937,0.0657894736842105,0,0.463414634146341,0.566666666666667,0.866666666666667,1,
0.391304347826087,0.115384615384615,0.513888888888889,0.231441048034935,0.0989010989010989,0.0943396226415094,0.281045751633987,0.457142857142857,0.166666666666667,0.114285714285714,0.247368421052632,0.212230215827338,0.0880503144654088,0.0789473684210526,0.363636363636364,0.365853658536585,0.633333333333333,0.666666666666667,1,
0.673913043478261,0.730769230769231,0.833333333333333,0.379912663755459,0.131868131868132,0.132075471698113,0.555555555555556,0.2,0.5,0.571428571428571,0.463157894736842,0.47841726618705,0.786163522012579,0.144736842105263,0.454545454545455,0.24390243902439,0.5,0.566666666666667,1,
0.434782608695652,0.692307692307692,0.694444444444444,0.458515283842795,0.241758241758242,0.113207547169811,0.464052287581699,0.285714285714286,0.416666666666667,0.542857142857143,0.426315789473684,0.386091127098321,0.761006289308176,0.144736842105263,0.272727272727273,0.024390243902439,0.433333333333333,0.5,1,
0.282608695652174,0.384615384615385,0.361111111111111,0.11353711790393,0.0989010989010989,0.0943396226415094,0.261437908496732,0.514285714285714,0.166666666666667,0.342857142857143,0.247368421052632,0.18705035971223,0.40251572327044,0.289473684210526,0.272727272727273,0.341463414634146,0.166666666666667,0.133333333333333,2,
0.543478260869565,0.615384615384615,0.611111111111111,0.502183406113537,0.296703296703297,0.0943396226415094,0.509803921568627,0.228571428571429,0.416666666666667,0.514285714285714,0.410526315789474,0.448441247002398,0.628930817610063,0.197368421052632,0.181818181818182,0.170731707317073,0.633333333333333,0.466666666666667,2,
0.565217391304348,0.576923076923077,0.541666666666667,0.414847161572052,0.230769230769231,0.0754716981132075,0.477124183006536,0.257142857142857,0.416666666666667,0.5,0.378947368421053,0.407673860911271,0.389937106918239,0.197368421052632,0.227272727272727,0.195121951219512,0.633333333333333,0.466666666666667,2,
0.760869565217391,0.923076923076923,0.916666666666667,0.318777292576419,0.043956043956044,0.0566037735849057,0.941176470588235,0,0.916666666666667,0.742857142857143,0.815789473684211,0.937649880095923,0.955974842767296,0.368421052631579,0.5,0.0487804878048781,0.2,0,2,
0.58695652173913,0.653846153846154,0.569444444444444,0.406113537117904,0.21978021978022,0.0754716981132075,0.483660130718954,0.228571428571429,0.416666666666667,0.571428571428571,0.4,0.416067146282974,0.559748427672956,0.197368421052632,0.272727272727273,0.024390243902439,0.7,0.566666666666667,2,
0.260869565217391,0.423076923076923,0.416666666666667,0.441048034934498,0.615384615384615,0.943396226415094,0.241830065359477,0.542857142857143,0.166666666666667,0.371428571428571,0.58421052631579,0.169064748201439,0.49685534591195,0.894736842105263,0.409090909090909,0.268292682926829,0.133333333333333,0.0666666666666667,2,
0.369565217391304,0.346153846153846,0.319444444444444,0.0960698689956332,0.0879120879120879,0.0943396226415094,0.261437908496732,0.542857142857143,0.166666666666667,0.342857142857143,0.226315789473684,0.182254196642686,0.40251572327044,0.289473684210526,0,0.365853658536585,0.133333333333333,0.1,2,
0.217391304347826,0.5,0.430555555555556,0.22707423580786,0.252747252747253,0.0754716981132075,0.254901960784314,0.514285714285714,0.166666666666667,0.414285714285714,0.231578947368421,0.184652278177458,0.559748427672956,0.276315789473684,0.136363636363636,0.268292682926829,0.166666666666667,0.166666666666667,2,
0.217391304347826,0.5,0.388888888888889,0.152838427947598,0.131868131868132,0.0754716981132075,0.248366013071895,0.514285714285714,0.166666666666667,0.4,0.221052631578947,0.182254196642686,0.465408805031447,0.197368421052632,0.227272727272727,0.0731707317073171,0.3,0.333333333333333,2,
0.282608695652174,0.384615384615385,0.291666666666667,0.0655021834061135,0.0659340659340659,0.113207547169811,0.248366013071895,0.571428571428571,0.166666666666667,0.371428571428571,0.205263157894737,0.170263788968825,0.39622641509434,0.342105263157895,0.363636363636364,0.195121951219512,0.1,0.0333333333333333,2,
0.739130434782609,0.846153846153846,0.875,0.275109170305677,0.021978021978022,0.0943396226415094,0.915032679738562,0.0285714285714286,0.916666666666667,0.771428571428571,0.731578947368421,0.863309352517986,0.817610062893082,0.315789473684211,0.227272727272727,0.731707317073171,0.1,0.166666666666667,2,
0.760869565217391,0.884615384615385,0.861111111111111,0.620087336244541,0.307692307692308,0.0754716981132075,0.830065359477124,0.0571428571428571,0.75,0.7,0.705263157894737,0.804556354916067,0.748427672955975,0.302631578947368,0.409090909090909,0.317073170731707,0.333333333333333,0.133333333333333,2,
0.58695652173913,0.653846153846154,0.805555555555556,0.436681222707424,0.175824175824176,0.0754716981132075,0.69281045751634,0.114285714285714,0.583333333333333,0.542857142857143,0.536842105263158,0.641486810551559,0.654088050314465,0.236842105263158,0.363636363636364,0.170731707317073,0.433333333333333,0.266666666666667,2,
0.260869565217391,0.384615384615385,0.361111111111111,0.074235807860262,0.0769230769230769,0.0943396226415094,0.248366013071895,0.571428571428571,0.166666666666667,0.414285714285714,0.205263157894737,0.167865707434053,0.415094339622642,0.368421052631579,0,0.121951219512195,0.1,0.0333333333333333,2,
0.739130434782609,0.923076923076923,0.916666666666667,0.327510917030568,0.043956043956044,0.113207547169811,0.947712418300654,0,0.916666666666667,0.771428571428571,0.763157894736842,0.92326139088729,0.773584905660377,0.315789473684211,0.0909090909090909,0.48780487804878,0.166666666666667,0.1,2,
0.304347826086957,0.346153846153846,0.5,0.240174672489083,0.197802197802198,0.0566037735849057,0.281045751633987,0.457142857142857,0.166666666666667,0.285714285714286,0.284210526315789,0.213429256594724,0.30188679245283,0.223684210526316,0.272727272727273,0.292682926829268,0.433333333333333,0.4,2,
0.282608695652174,0.461538461538462,0.458333333333333,0.209606986899563,0.175824175824176,0.0754716981132075,0.241830065359477,0.514285714285714,0.166666666666667,0.385714285714286,0.210526315789474,0.1810551558753,0.421383647798742,0.157894736842105,0.272727272727273,0.024390243902439,0.433333333333333,0.5,2,
0.282608695652174,0.384615384615385,0.402777777777778,0.0829694323144105,0.0769230769230769,0.0754716981132075,0.248366013071895,0.571428571428571,0.166666666666667,0.371428571428571,0.231578947368421,0.169064748201439,0.427672955974843,0.368421052631579,0.136363636363636,0.170731707317073,0.133333333333333,0.0333333333333333,2,
0.304347826086957,0.307692307692308,0.458333333333333,0.235807860262009,0.186813186813187,0.0943396226415094,0.254901960784314,0.514285714285714,0.166666666666667,0.285714285714286,0.236842105263158,0.188249400479616,0.270440251572327,0.184210526315789,0.136363636363636,0.195121951219512,0.466666666666667,0.433333333333333,2,
0.804347826086957,0.884615384615385,0.958333333333333,0.414847161572052,0.10989010989011,0.0566037735849057,0.908496732026144,0.0285714285714286,0.833333333333333,0.728571428571429,0.747368421052632,0.892086330935252,1,0.302631578947368,0.5,0.24390243902439,0.233333333333333,0.0666666666666667,2,
0.58695652173913,0.307692307692308,0.486111111111111,0.441048034934498,0.263736263736264,0.0566037735849057,0.418300653594771,0.285714285714286,0.333333333333333,0.285714285714286,0.389473684210526,0.353717026378897,0.264150943396226,0.171052631578947,0.318181818181818,0.463414634146341,0.7,0.533333333333333,2,
0.195652173913043,0.384615384615385,0.458333333333333,0.235807860262009,0.230769230769231,0.0943396226415094,0.254901960784314,0.514285714285714,0.166666666666667,0.385714285714286,0.268421052631579,0.183453237410072,0.40251572327044,0.276315789473684,0.0909090909090909,0.414634146341463,0.233333333333333,0.233333333333333,2,
0.652173913043478,0.576923076923077,0.777777777777778,0.558951965065502,0.263736263736264,0.150943396226415,0.607843137254902,0.171428571428571,0.5,0.5,0.505263157894737,0.538369304556355,0.553459119496855,0.157894736842105,0.0909090909090909,0.365853658536585,0.4,0.5,3,
0.478260869565217,0.384615384615385,0.777777777777778,0.427947598253275,0.197802197802198,0.150943396226415,0.503267973856209,0.257142857142857,0.416666666666667,0.357142857142857,0.457894736842105,0.419664268585132,0.358490566037736,0.157894736842105,0.272727272727273,0.658536585365854,0.466666666666667,0.533333333333333,3,
0.41304347826087,0.730769230769231,0.736111111111111,0.436681222707424,0.21978021978022,0.132075471698113,0.503267973856209,0.257142857142857,0.416666666666667,0.614285714285714,0.442105263157895,0.422062350119904,0.823899371069182,0.171052631578947,0.0909090909090909,0.121951219512195,0.4,0.466666666666667,3,
0.739130434782609,0.769230769230769,0.875,0.510917030567686,0.208791208791209,0.169811320754717,0.633986928104575,0.171428571428571,0.583333333333333,0.642857142857143,0.484210526315789,0.562350119904077,0.647798742138365,0.0921052631578947,0,0.024390243902439,0.5,0.666666666666667,3,
0.478260869565217,0.923076923076923,0.888888888888889,0.541484716157205,0.296703296703297,0.150943396226415,0.65359477124183,0.142857142857143,0.583333333333333,0.814285714285714,0.494736842105263,0.58273381294964,0.716981132075472,0.197368421052632,0,0.0975609756097561,0.333333333333333,0.4,3,
0.304347826086957,0.192307692307692,0.625,0.318777292576419,0.153846153846154,0.113207547169811,0.339869281045752,0.4,0.25,0.157142857142857,0.294736842105263,0.261390887290168,0.132075471698113,0.0526315789473684,0.0454545454545455,0.609756097560976,0.733333333333333,0.8,3,
0.652173913043478,0.846153846153846,0.833333333333333,0.393013100436681,0.164835164835165,0.169811320754717,0.65359477124183,0.142857142857143,0.583333333333333,0.814285714285714,0.457894736842105,0.577937649880096,0.691823899371069,0.184210526315789,0.454545454545455,0.341463414634146,0.366666666666667,0.433333333333333,3,
0.478260869565217,0.615384615384615,0.722222222222222,0.388646288209607,0.164835164835165,0.150943396226415,0.431372549019608,0.314285714285714,0.333333333333333,0.514285714285714,0.368421052631579,0.352517985611511,0.389937106918239,0.0657894736842105,0.0909090909090909,0,0.733333333333333,0.833333333333333,3,
0.717391304347826,0.846153846153846,0.805555555555556,0.524017467248908,0.230769230769231,0.169811320754717,0.673202614379085,0.142857142857143,0.583333333333333,0.742857142857143,0.484210526315789,0.593525179856115,0.660377358490566,0.118421052631579,0.0909090909090909,0.707317073170732,0.433333333333333,0.666666666666667,3,
0.130434782608696,0.269230769230769,0.555555555555556,0.126637554585153,0.0879120879120879,0.0943396226415094,0.228758169934641,0.6,0.166666666666667,0.242857142857143,0.221052631578947,0.152278177458034,0.220125786163522,0.223684210526316,0.363636363636364,0.731707317073171,0.166666666666667,0.4,3,
0.521739130434783,0.5,0.847222222222222,0.462882096069869,0.208791208791209,0.113207547169811,0.522875816993464,0.257142857142857,0.416666666666667,0.471428571428571,0.410526315789474,0.434052757793765,0.377358490566038,0.0921052631578947,0.0454545454545455,0.780487804878049,0.5,0.633333333333333,3,
0.630434782608696,0.807692307692308,0.805555555555556,0.275109170305677,0.0659340659340659,0.150943396226415,0.686274509803922,0.142857142857143,0.583333333333333,0.8,0.515789473684211,0.609112709832134,0.716981132075472,0.171052631578947,0,0.75609756097561,0.366666666666667,0.566666666666667,3,
0.391304347826087,0.5,0.847222222222222,0.414847161572052,0.197802197802198,0.132075471698113,0.549019607843137,0.228571428571429,0.5,0.4,0.468421052631579,0.467625899280576,0.566037735849057,0.184210526315789,0.227272727272727,0.195121951219512,0.333333333333333,0.433333333333333,3,
0.260869565217391,0.192307692307692,0.444444444444444,0.11353711790393,0.0659340659340659,0.132075471698113,0.143790849673203,0.714285714285714,0.0833333333333333,0.2,0.0789473684210526,0.092326139088729,0.0880503144654088,0.0789473684210526,0.0454545454545455,0.585365853658537,0.4,0.566666666666667,3,
0.260869565217391,0.153846153846154,0.555555555555556,0.235807860262009,0.131868131868132,0.113207547169811,0.26797385620915,0.514285714285714,0.166666666666667,0.114285714285714,0.257894736842105,0.196642685851319,0.169811320754717,0.131578947368421,0.272727272727273,0.51219512195122,0.5,0.533333333333333,3,
0.608695652173913,0.884615384615385,0.833333333333333,0.48471615720524,0.241758241758242,0.150943396226415,0.627450980392157,0.171428571428571,0.583333333333333,0.728571428571429,0.510526315789474,0.559952038369305,0.716981132075472,0.197368421052632,0.272727272727273,0.121951219512195,0.333333333333333,0.4,3,
0.434782608695652,0.346153846153846,0.666666666666667,0.366812227074236,0.164835164835165,0.150943396226415,0.464052287581699,0.285714285714286,0.333333333333333,0.328571428571429,0.410526315789474,0.383693045563549,0.371069182389937,0.144736842105263,0.136363636363636,0.292682926829268,0.433333333333333,0.533333333333333,3,
0.782608695652174,0.576923076923077,0.930555555555556,0.48471615720524,0.164835164835165,0.150943396226415,0.607843137254902,0.171428571428571,0.5,0.571428571428571,0.484210526315789,0.52757793764988,0.371069182389937,0.0789473684210526,0.409090909090909,0.780487804878049,0.633333333333333,0.833333333333333,3,
0.673913043478261,0.807692307692308,0.708333333333333,0.458515283842795,0.21978021978022,0.169811320754717,0.69281045751634,0.142857142857143,0.583333333333333,0.742857142857143,0.489473684210526,0.615107913669065,0.547169811320755,0.197368421052632,0.181818181818182,0.51219512195122,0.366666666666667,0.5,3,
0.608695652173913,0.769230769230769,0.944444444444444,0.349344978165939,0.0769230769230769,0.188679245283019,0.679738562091503,0.142857142857143,0.583333333333333,0.771428571428571,0.473684210526316,0.600719424460432,0.490566037735849,0.118421052631579,0.181818181818182,0.585365853658537,0.466666666666667,0.666666666666667,3,
0.608695652173913,0.615384615384615,0.875,0.471615720524017,0.21978021978022,0.150943396226415,0.581699346405229,0.2,0.5,0.542857142857143,0.447368421052632,0.5,0.408805031446541,0.131578947368421,0.181818181818182,0.268292682926829,0.433333333333333,0.5,3,
