84,18,4,
0.282608695652174,0.384615384615385,0.388888888888889,0.200873362445415,0.186813186813187,0.132075471698113,0.169934640522876,0.628571428571429,0.0833333333333333,0.357142857142857,0.163157894736842,0.121103117505995,0.408805031446541,0.131578947368421,0.272727272727273,0,0.533333333333333,0.666666666666667,0,
0.5,0.461538461538462,0.652777777777778,0.283842794759825,0.21978021978022,0.150943396226415,0.274509803921569,0.514285714285714,0.166666666666667,0.442857142857143,0.194736842105263,0.200239808153477,0.408805031446541,0.105263157894737,0.409090909090909,0.195121951219512,0.533333333333333,0.666666666666667,0,
0.347826086956522,0.538461538461538,0.555555555555556,0.117903930131004,0.0769230769230769,0.169811320754717,0.313725490196078,0.485714285714286,0.25,0.642857142857143,0.236842105263158,0.221822541966427,0.408805031446541,0.236842105263158,0.0454545454545455,0.170731707317073,0.2,0.4,0,
0.347826086956522,0.346153846153846,0.680555555555556,0.187772925764192,0.153846153846154,0.169811320754717,0.254901960784314,0.514285714285714,0.166666666666667,0.385714285714286,0.210526315789474,0.184652278177458,0.339622641509434,0.171052631578947,0.5,0.560975609756098,0.366666666666667,0.6,0,
0.41304347826087,0.307692307692308,0.361111111111111,0.091703056768559,0.0549450549450549,0.0943396226415094,0.176470588235294,0.685714285714286,0.0833333333333333,0.357142857142857,0.157894736842105,0.109112709832134,0.327044025157233,0.289473684210526,0.318181818181818,0.463414634146341,0.2,0.1,0,
0.347826086956522,0.307692307692308,0.319444444444444,0.131004366812227,0.131868131868132,0.0754716981132075,0.0718954248366013,0.828571428571429,0,0.271428571428571,0.0947368421052632,0.0467625899280576,0.257861635220126,0.223684210526316,0.545454545454545,0.0731707317073171,0.333333333333333,0.233333333333333,0,
0.521739130434783,0.0769230769230769,0.361111111111111,0.205240174672489,0.186813186813187,0.113207547169811,0.104575163398693,0.742857142857143,0.0833333333333333,0.157142857142857,0.0947368421052632,0.0743405275779376,0.0188679245283019,0.0921052631578947,0.272727272727273,0.0487804878048781,0.633333333333333,0.633333333333333,0,
0.478260869565217,0.615384615384615,0.583333333333333,0.152838427947598,0.0989010989010989,0.169811320754717,0.30718954248366,0.485714285714286,0.25,0.628571428571429,0.226315789473684,0.217026378896883,0.477987421383648,0.210526315789474,0.318181818181818,0.24390243902439,0.2,0.333333333333333,0,
0.456521739130435,0.5,0.708333333333333,0.310043668122271,0.252747252747253,0.188679245283019,0.294117647058824,0.485714285714286,0.25,0.528571428571429,0.221052631578947,0.20863309352518,0.522012578616352,0.131578947368421,0.681818181818182,0.51219512195122,0.466666666666667,0.633333333333333,0,
0.369565217391304,0.423076923076923,0.444444444444444,0.231441048034935,0.186813186813187,0.113207547169811,0.163398692810458,0.628571428571429,0.0833333333333333,0.371428571428571,0.152631578947368,0.118705035971223,0.389937106918239,0.0789473684210526,0.409090909090909,0.0975609756097561,0.666666666666667,0.733333333333333,0,
0.456521739130435,0.153846153846154,0.444444444444444,0.183406113537118,0.142857142857143,0.132075471698113,0.137254901960784,0.685714285714286,0.0833333333333333,0.242857142857143,0.163157894736842,0.0935251798561151,0.119496855345912,0.131578947368421,0.0909090909090909,0.170731707317073,0.533333333333333,0.466666666666667,0,
0.521739130434783,0.461538461538462,0.708333333333333,0.248908296943231,0.175824175824176,0.150943396226415,0.254901960784314,0.542857142857143,0.166666666666667,0.428571428571429,0.189473684210526,0.179856115107914,0.389937106918239,0.0789473684210526,0.818181818181818,0.48780487804878,0.7,0.8,0,
0.434782608695652,0.461538461538462,0.597222222222222,0.165938864628821,0.0989010989010989,0.150943396226415,0.294117647058824,0.485714285714286,0.25,0.528571428571429,0.263157894736842,0.215827338129496,0.49685534591195,0.210526315789474,0.0454545454545455,0.51219512195122,0.266666666666667,0.533333333333333,0,
0.434782608695652,0.423076923076923,0.694444444444444,0.270742358078603,0.197802197802198,0.150943396226415,0.26797385620915,0.514285714285714,0.166666666666667,0.542857142857143,0.210526315789474,0.196642685851319,0.213836477987421,0.0921052631578947,0.409090909090909,0.414634146341463,0.6,0.733333333333333,0,
0.239130434782609,0.423076923076923,0.555555555555556,0.157205240174672,0.120879120879121,0.169811320754717,0.287581699346405,0.514285714285714,0.25,0.557142857142857,0.189473684210526,0.197841726618705,0.421383647798742,0.197368421052632,0.227272727272727,0.414634146341463,0.233333333333333,0.4,0,
0.369565217391304,0.576923076923077,0.527777777777778,0.165938864628821,0.131868131868132,0.169811320754717,0.313725490196078,0.485714285714286,0.25,0.6,0.226315789473684,0.223021582733813,0.477987421383648,0.223684210526316,0.454545454545455,0.268292682926829,0.233333333333333,0.366666666666667,0,
0.260869565217391,0.230769230769231,0.388888888888889,0.0655021834061135,0.0549450549450549,0.0566037735849057,0.104575163398693,0.771428571428571,0.0833333333333333,0.242857142857143,0.0947368421052632,0.0683453237410072,0.207547169811321,0.210526315789474,0.363636363636364,0.195121951219512,0.2,0.2,0,
0.282608695652174,0.0384615384615385,0.305555555555556,0.157205240174672,0.153846153846154,0.0943396226415094,0.065359477124183,0.8,0,0.128571428571429,0.0578947368421053,0.0467625899280576,0.0188679245283019,0.0657894736842105,0.0909090909090909,0.341463414634146,0.8,0.9,0,
0.41304347826087,0.192307692307692,0.277777777777778,0.11353711790393,0.164835164835165,0.0566037735849057,0.0130718954248366,0.914285714285714,0,0.2,0.0263157894736842,0.0119904076738609,0.176100628930818,0.171052631578947,0.636363636363636,0.121951219512195,0.466666666666667,0.433333333333333,0,
0.369565217391304,0.5,0.555555555555556,0.170305676855895,0.164835164835165,0.169811320754717,0.30718954248366,0.485714285714286,0.25,0.542857142857143,0.205263157894737,0.218225419664269,0.484276729559748,0.197368421052632,0.772727272727273,0.170731707317073,0.3,0.4,0,
0.869565217391304,0.576923076923077,0.805555555555556,0.454148471615721,0.164835164835165,0.132075471698113,0.594771241830065,0.2,0.5,0.471428571428571,0.452631578947368,0.514388489208633,0.465408805031447,0.0657894736842105,0.772727272727273,0.707317073170732,0.566666666666667,0.766666666666667,1,
0.739130434782609,0.769230769230769,0.944444444444444,0.475982532751092,0.186813186813187,0.188679245283019,0.61437908496732,0.171428571428571,0.5,0.642857142857143,0.452631578947368,0.531175059952038,0.584905660377358,0.0789473684210526,0.954545454545455,0.536585365853659,0.6,0.8,1,
0.543478260869565,0.846153846153846,0.888888888888889,0.475982532751092,0.21978021978022,0.132075471698113,0.61437908496732,0.171428571428571,0.5,0.7,0.489473684210526,0.533573141486811,0.69811320754717,0.171052631578947,0.227272727272727,0.463414634146341,0.366666666666667,0.5,1,
0.760869565217391,0.615384615384615,0.958333333333333,0.436681222707424,0.153846153846154,0.169811320754717,0.65359477124183,0.142857142857143,0.583333333333333,0.585714285714286,0.521052631578947,0.57673860911271,0.666666666666667,0.157894736842105,0.727272727272727,0.268292682926829,0.466666666666667,0.6,1,
0.695652173913043,0.692307692307692,0.902777777777778,0.406113537117904,0.142857142857143,0.169811320754717,0.516339869281046,0.257142857142857,0.416666666666667,0.628571428571429,0.405263157894737,0.432853717026379,0.534591194968553,0.0657894736842105,0.818181818181818,0.0975609756097561,0.666666666666667,0.8,1,
0.782608695652174,0.615384615384615,0.958333333333333,0.388646288209607,0.131868131868132,0.150943396226415,0.620915032679739,0.171428571428571,0.583333333333333,0.542857142857143,0.5,0.540767386091127,0.654088050314465,0.144736842105263,0.590909090909091,0.75609756097561,0.5,0.7,1,
0.717391304347826,0.730769230769231,0.944444444444444,0.449781659388646,0.186813186813187,0.188679245283019,0.712418300653595,0.142857142857143,0.666666666666667,0.714285714285714,0.521052631578947,0.629496402877698,0.572327044025157,0.184210526315789,1,0.926829268292683,0.466666666666667,0.8,1,
0.391304347826087,0.230769230769231,0.666666666666667,0.37117903930131,0.175824175824176,0.132075471698113,0.411764705882353,0.342857142857143,0.333333333333333,0.2,0.352631578947368,0.327338129496403,0.29559748427673,0.131578947368421,0,0.560975609756098,0.5,0.566666666666667,1,
0.58695652173913,0.538461538461538,0.666666666666667,0.375545851528384,0.142857142857143,0.150943396226415,0.38562091503268,0.342857142857143,0.333333333333333,0.528571428571429,0.294736842105263,0.306954436450839,0.377358490566038,0,0.681818181818182,0.439024390243902,0.833333333333333,0.966666666666667,1,
0.304347826086957,0.307692307692308,0.361111111111111,0.157205240174672,0.120879120879121,0.0754716981132075,0.235294117647059,0.571428571428571,0.166666666666667,0.257142857142857,0.178947368421053,0.160671462829736,0.433962264150943,0.263157894736842,0.863636363636364,0.0487804878048781,0.166666666666667,0.133333333333333,1,
0.760869565217391,0.769230769230769,0.888888888888889,0.336244541484716,0.0989010989010989,0.169811320754717,0.705882352941177,0.142857142857143,0.666666666666667,0.7,0.505263157894737,0.633093525179856,0.660377358490566,0.171052631578947,0.681818181818182,0.439024390243902,0.433333333333333,0.6,1,
0.630434782608696,0.576923076923077,0.902777777777778,0.480349344978166,0.186813186813187,0.150943396226415,0.581699346405229,0.2,0.5,0.485714285714286,0.442105263157895,0.498800959232614,0.433962264150943,0.0657894736842105,0,0.609756097560976,0.533333333333333,0.766666666666667,1,
0.717391304347826,0.807692307692308,0.847222222222222,0.51528384279476,0.21978021978022,0.188679245283019,0.718954248366013,0.114285714285714,0.666666666666667,0.785714285714286,0.515789473684211,0.643884892086331,0.572327044025157,0.144736842105263,0.136363636363636,0.0975609756097561,0.366666666666667,0.666666666666667,1,
0.630434782608696,0.807692307692308,0.916666666666667,0.510917030567686,0.230769230769231,0.169811320754717,0.620915032679739,0.171428571428571,0.583333333333333,0.657142857142857,0.515789473684211,0.544364508393285,0.811320754716981,0.157894736842105,0,0.634146341463415,0.433333333333333,0.633333333333333,1,
0.391304347826087,0.230769230769231,0.597222222222222,0.314410480349345,0.131868131868132,0.0943396226415094,0.372549019607843,0.371428571428571,0.25,0.2,0.315789473684211,0.290167865707434,0.207547169811321,0.105263157894737,0,0.585365853658537,0.533333333333333,0.6,1,
0.369565217391304,0.115384615384615,0.625,0.349344978165939,0.186813186813187,0.0754716981132075,0.313725490196078,0.428571428571429,0.25,0.1,0.3,0.241007194244604,0.188679245283019,0.0921052631578947,0.409090909090909,0.75609756097561,0.633333333333333,0.733333333333333,1,
0.695652173913043,0.461538461538462,0.833333333333333,0.397379912663755,0.153846153846154,0.150943396226415,0.562091503267974,0.2,0.5,0.442857142857143,0.442105263157895,0.482014388489209,0.484276729559748,0.105263157894737,0.363636363636364,0.121951219512195,0.533333333333333,0.633333333333333,1,
0.608695652173913,0.730769230769231,0.847222222222222,0.406113537117904,0.164835164835165,0.132075471698113,0.496732026143791,0.257142857142857,0.416666666666667,0.628571428571429,0.410526315789474,0.411270983213429,0.591194968553459,0.105263157894737,0.636363636363636,0.365853658536585,0.566666666666667,0.7,1,
0.391304347826087,0.461538461538462,0.541666666666667,0.314410480349345,0.131868131868132,0.132075471698113,0.333333333333333,0.4,0.25,0.428571428571429,0.284210526315789,0.26378896882494,0.440251572327044,0.0394736842105263,0,0.24390243902439,0.766666666666667,0.9,1,
0.695652173913043,0.769230769230769,0.944444444444444,0.445414847161572,0.175824175824176,0.188679245283019,0.718954248366013,0.142857142857143,0.666666666666667,0.714285714285714,0.505263157894737,0.633093525179856,0.578616352201258,0.157894736842105,0.681818181818182,0.853658536585366,0.433333333333333,0.733333333333333,1,
0.347826086956522,0.346153846153846,0.555555555555556,0.205240174672489,0.164835164835165,0.0754716981132075,0.209150326797386,0.571428571428571,0.166666666666667,0.3,0.189473684210526,0.148681055155875,0.383647798742138,0.197368421052632,0.772727272727273,0.317073170731707,0.3,0.266666666666667,1,
0.543478260869565,0.692307692307692,0.611111111111111,0.449781659388646,0.274725274725275,0.0943396226415094,0.470588235294118,0.257142857142857,0.333333333333333,0.614285714285714,0.363157894736842,0.402877697841727,0.559748427672956,0.171052631578947,0.409090909090909,0.268292682926829,0.666666666666667,0.6,2,
0.391304347826087,0.346153846153846,0.611111111111111,0.458515283842795,0.307692307692308,0.0754716981132075,0.38562091503268,0.342857142857143,0.25,0.285714285714286,0.310526315789474,0.314148681055156,0.327044025157233,0.131578947368421,0.136363636363636,0.292682926829268,0.666666666666667,0.666666666666667,2,
0.173913043478261,0.461538461538462,0.388888888888889,0.14410480349345,0.142857142857143,0.0943396226415094,0.261437908496732,0.542857142857143,0.166666666666667,0.471428571428571,0.194736842105263,0.178657074340528,0.440251572327044,0.289473684210526,0.136363636363636,0.317073170731707,0.1,0.0666666666666667,2,
0.282608695652174,0.346153846153846,0.347222222222222,0.0393013100436681,0.032967032967033,0.113207547169811,0.261437908496732,0.542857142857143,0.166666666666667,0.328571428571429,0.205263157894737,0.177458033573141,0.389937106918239,0.342105263157895,0.181818181818182,0.390243902439024,0.1,0.0666666666666667,2,
0.152173913043478,0.384615384615385,0.430555555555556,0.126637554585153,0.142857142857143,0.0943396226415094,0.248366013071895,0.542857142857143,0.166666666666667,0.4,0.210526315789474,0.175059952038369,0.421383647798742,0.289473684210526,0.272727272727273,0.365853658536585,0.133333333333333,0.1,2,
0.304347826086957,0.230769230769231,0.416666666666667,0.192139737991266,0.153846153846154,0.0943396226415094,0.202614379084967,0.571428571428571,0.0833333333333333,0.257142857142857,0.178947368421053,0.147482014388489,0.20125786163522,0.131578947368421,0.0454545454545455,0.0487804878048781,0.533333333333333,0.6,2,
0.347826086956522,0.423076923076923,0.444444444444444,0.244541484716157,0.208791208791209,0.0943396226415094,0.209150326797386,0.571428571428571,0.166666666666667,0.414285714285714,0.189473684210526,0.15347721822542,0.377358490566038,0.131578947368421,0.5,0.024390243902439,0.5,0.566666666666667,2,
0.282608695652174,0.461538461538462,0.430555555555556,0.2882096069869,0.252747252747253,0.0754716981132075,0.222222222222222,0.542857142857143,0.166666666666667,0.4,0.221052631578947,0.164268585131894,0.50314465408805,0.157894736842105,0.454545454545455,0.195121951219512,0.366666666666667,0.333333333333333,2,
0.304347826086957,0.5,0.430555555555556,0.240174672489083,0.208791208791209,0.0754716981132075,0.254901960784314,0.514285714285714,0.166666666666667,0.4,0.236842105263158,0.190647482014389,0.50314465408805,0.184210526315789,0.0909090909090909,0,0.333333333333333,0.3,2,
0.173913043478261,0.423076923076923,0.388888888888889,0.0698689956331878,0.0659340659340659,0.0754716981132075,0.254901960784314,0.542857142857143,0.166666666666667,0.414285714285714,0.210526315789474,0.178657074340528,0.433962264150943,0.355263157894737,0.181818181818182,0.121951219512195,0.1,0.0666666666666667,2,
0.260869565217391,0.384615384615385,0.402777777777778,0.161572052401747,0.164835164835165,0.0943396226415094,0.261437908496732,0.514285714285714,0.166666666666667,0.385714285714286,0.252631578947368,0.188249400479616,0.440251572327044,0.328947368421053,0.0454545454545455,0.0975609756097561,0.166666666666667,0.1,2,
0.456521739130435,0.615384615384615,0.541666666666667,0.432314410480349,0.263736263736264,0.0566037735849057,0.405228758169935,0.314285714285714,0.333333333333333,0.514285714285714,0.347368421052632,0.336930455635492,0.610062893081761,0.157894736842105,0.272727272727273,0.0487804878048781,0.7,0.6,2,
0.739130434782609,0.923076923076923,0.916666666666667,0.296943231441048,0.032967032967033,0.0754716981132075,0.934640522875817,0,0.916666666666667,0.728571428571429,0.789473684210526,0.926858513189448,0.974842767295597,0.342105263157895,0.227272727272727,0.219512195121951,0.166666666666667,0.0666666666666667,2,
0.58695652173913,0.115384615384615,0.458333333333333,0.414847161572052,0.285714285714286,0.0754716981132075,0.326797385620915,0.4,0.25,0.128571428571429,0.310526315789474,0.260191846522782,0.10062893081761,0.171052631578947,0.272727272727273,0.463414634146341,0.8,0.766666666666667,2,
0.456521739130435,0.153846153846154,0.444444444444444,0.388646288209607,0.274725274725275,0.0754716981132075,0.300653594771242,0.428571428571429,0.166666666666667,0.214285714285714,0.284210526315789,0.241007194244604,0.113207547169811,0.144736842105263,0,0.341463414634146,0.8,0.766666666666667,2,
0.630434782608696,0.461538461538462,0.597222222222222,0.410480349344978,0.197802197802198,0.0566037735849057,0.535947712418301,0.2,0.416666666666667,0.4,0.5,0.470023980815348,0.364779874213836,0.263157894736842,0,0.658536585365854,0.566666666666667,0.333333333333333,2,
0.195652173913043,0.307692307692308,0.416666666666667,0.222707423580786,0.186813186813187,0.0943396226415094,0.235294117647059,0.542857142857143,0.166666666666667,0.285714285714286,0.221052631578947,0.172661870503597,0.270440251572327,0.171052631578947,0.227272727272727,0.414634146341463,0.366666666666667,0.466666666666667,2,
0.195652173913043,0.384615384615385,0.458333333333333,0.218340611353712,0.197802197802198,0.0943396226415094,0.254901960784314,0.514285714285714,0.166666666666667,0.357142857142857,0.252631578947368,0.188249400479616,0.320754716981132,0.223684210526316,0.227272727272727,0.268292682926829,0.3,0.266666666666667,2,
0.260869565217391,0.384615384615385,0.361111111111111,0.11353711790393,0.10989010989011,0.0754716981132075,0.254901960784314,0.542857142857143,0.166666666666667,0.357142857142857,0.226315789473684,0.178657074340528,0.371069182389937,0.355263157894737,0.181818181818182,0.219512195121951,0.133333333333333,0.0666666666666667,2,
0.173913043478261,0.538461538461538,0.402777777777778,0.183406113537118,0.186813186813187,0.0754716981132075,0.254901960784314,0.514285714285714,0.166666666666667,0.414285714285714,0.215789473684211,0.18705035971223,0.540880503144654,0.210526315789474,0.227272727272727,0,0.233333333333333,0.233333333333333,2,
0.41304347826087,0.153846153846154,0.486111111111111,0.349344978165939,0.252747252747253,0.0754716981132075,0.274509803921569,0.457142857142857,0.166666666666667,0.185714285714286,0.284210526315789,0.21462829736211,0.113207547169811,0.157894736842105,0,0.0975609756097561,0.733333333333333,0.7,2,
0.695652173913043,0.692307692307692,0.555555555555556,0.449781659388646,0.263736263736264,0.0754716981132075,0.542483660130719,0.2,0.416666666666667,0.585714285714286,0.442105263157895,0.473621103117506,0.49685534591195,0.210526315789474,0.272727272727273,0.48780487804878,0.6,0.433333333333333,2,
0.282608695652174,0.115384615384615,0.361111111111111,0.104803493449782,0.10989010989011,0.113207547169811,0.124183006535948,0.742857142857143,0.0833333333333333,0.128571428571429,0.0947368421052632,0.0815347721822542,0.188679245283019,0.223684210526316,0.227272727272727,0.658536585365854,0.233333333333333,0.2,3,
0.369565217391304,0.307692307692308,0.527777777777778,0.179039301310044,0.0879120879120879,0.0943396226415094,0.169934640522876,0.628571428571429,0.0833333333333333,0.285714285714286,0.163157894736842,0.119904076738609,0.308176100628931,0.105263157894737,0,0.024390243902439,0.533333333333333,0.533333333333333,3,
0.195652173913043,0.230769230769231,0.638888888888889,0.157205240174672,0.0769230769230769,0.0943396226415094,0.26797385620915,0.542857142857143,0.166666666666667,0.228571428571429,0.231578947368421,0.184652278177458,0.188679245283019,0.157894736842105,0.5,0.439024390243902,0.233333333333333,0.266666666666667,3,
0.304347826086957,0.461538461538462,0.513888888888889,0.213973799126638,0.131868131868132,0.0943396226415094,0.274509803921569,0.514285714285714,0.166666666666667,0.385714285714286,0.268421052631579,0.199040767386091,0.39622641509434,0.210526315789474,0.681818181818182,0.341463414634146,0.266666666666667,0.266666666666667,3,
0.739130434782609,0.461538461538462,0.722222222222222,0.406113537117904,0.164835164835165,0.150943396226415,0.496732026143791,0.257142857142857,0.416666666666667,0.428571428571429,0.378947368421053,0.410071942446043,0.314465408805031,0.0657894736842105,0.545454545454545,0.48780487804878,0.633333333333333,0.733333333333333,3,
0.608695652173913,0.884615384615385,0.833333333333333,0.279475982532751,0.0879120879120879,0.169811320754717,0.666666666666667,0.142857142857143,0.583333333333333,0.814285714285714,0.468421052631579,0.595923261390887,0.723270440251572,0.197368421052632,0.0909090909090909,0.0731707317073171,0.3,0.366666666666667,3,
0.282608695652174,0.423076923076923,0.513888888888889,0.222707423580786,0.142857142857143,0.0943396226415094,0.261437908496732,0.514285714285714,0.166666666666667,0.328571428571429,0.231578947368421,0.193045563549161,0.327044025157233,0.171052631578947,0.409090909090909,0,0.366666666666667,0.366666666666667,3,
0.543478260869565,0.807692307692308,0.888888888888889,0.358078602620087,0.131868131868132,0.150943396226415,0.660130718954248,0.171428571428571,0.583333333333333,0.771428571428571,0.489473684210526,0.57673860911271,0.679245283018868,0.184210526315789,0.0454545454545455,0.634146341463415,0.333333333333333,0.466666666666667,3,
0.521739130434783,0.846153846153846,0.875,0.406113537117904,0.175824175824176,0.169811320754717,0.673202614379085,0.142857142857143,0.583333333333333,0.771428571428571,0.468421052631579,0.591127098321343,0.691823899371069,0.210526315789474,0.227272727272727,0.585365853658537,0.3,0.433333333333333,3,
0.456521739130435,0.5,0.541666666666667,0.336244541484716,0.164835164835165,0.113207547169811,0.359477124183007,0.4,0.25,0.428571428571429,0.315789473684211,0.280575539568345,0.528301886792453,0.105263157894737,0.545454545454545,0.365853658536585,0.5,0.566666666666667,3,
0.347826086956522,0.269230769230769,0.402777777777778,0.187772925764192,0.120879120879121,0.0754716981132075,0.130718954248366,0.685714285714286,0.0833333333333333,0.271428571428571,0.131578947368421,0.0911270983213429,0.264150943396226,0.0263157894736842,0.727272727272727,0.146341463414634,0.9,0.933333333333333,3,
0.391304347826087,0.307692307692308,0.736111111111111,0.406113537117904,0.197802197802198,0.132075471698113,0.464052287581699,0.285714285714286,0.333333333333333,0.271428571428571,0.378947368421053,0.383693045563549,0.276729559748428,0.0921052631578947,0.5,0.585365853658537,0.566666666666667,0.633333333333333,3,
0.58695652173913,0.461538461538462,0.833333333333333,0.458515283842795,0.197802197802198,0.113207547169811,0.581699346405229,0.171428571428571,0.5,0.414285714285714,0.531578947368421,0.511990407673861,0.50314465408805,0.171052631578947,0.227272727272727,0.121951219512195,0.433333333333333,0.466666666666667,3,
0.717391304347826,0.730769230769231,0.930555555555556,0.467248908296943,0.164835164835165,0.113207547169811,0.57516339869281,0.2,0.5,0.614285714285714,0.463157894736842,0.501199040767386,0.572327044025157,0.105263157894737,0.409090909090909,0.414634146341463,0.6,0.666666666666667,3,
0.608695652173913,0.730769230769231,0.902777777777778,0.253275109170306,0.0659340659340659,0.150943396226415,0.65359477124183,0.142857142857143,0.583333333333333,0.642857142857143,0.505263157894737,0.581534772182254,0.59748427672956,0.197368421052632,0.545454545454545,0.268292682926829,0.333333333333333,0.433333333333333,3,
0.739130434782609,0.884615384615385,0.902777777777778,0.427947598253275,0.153846153846154,0.169811320754717,0.712418300653595,0.114285714285714,0.666666666666667,0.871428571428571,0.547368421052632,0.648681055155875,0.647798742138365,0.171052631578947,0.681818181818182,0.024390243902439,0.433333333333333,0.5,3,
0.652173913043478,0.923076923076923,0.902777777777778,0.510917030567686,0.241758241758242,0.169811320754717,0.69281045751634,0.114285714285714,0.583333333333333,0.785714285714286,0.505263157894737,0.62589928057554,0.886792452830189,0.184210526315789,0.454545454545455,0.0487804878048781,0.366666666666667,0.466666666666667,3,
0.456521739130435,0.153846153846154,0.472222222222222,0.283842794759825,0.131868131868132,0.0943396226415094,0.326797385620915,0.428571428571429,0.25,0.214285714285714,0.252631578947368,0.251798561151079,0.132075471698113,0.0526315789473684,0.272727272727273,0.146341463414634,0.733333333333333,0.766666666666667,3,
0.521739130434783,0.538461538461538,0.569444444444444,0.344978165938865,0.186813186813187,0.113207547169811,0.366013071895425,0.371428571428571,0.25,0.457142857142857,0.331578947368421,0.290167865707434,0.459119496855346,0.144736842105263,0.5,0.0487804878048781,0.533333333333333,0.566666666666667,3,
0.695652173913043,0.846153846153846,0.777777777777778,0.336244541484716,0.0989010989010989,0.132075471698113,0.699346405228758,0.114285714285714,0.666666666666667,0.814285714285714,0.531578947368421,0.634292565947242,0.672955974842767,0.197368421052632,0.181818181818182,0.121951219512195,0.366666666666667,0.433333333333333,3,
0.521739130434783,0.153846153846154,0.5,0.283842794759825,0.142857142857143,0.113207547169811,0.320261437908497,0.428571428571429,0.25,0.185714285714286,0.310526315789474,0.248201438848921,0.169811320754717,0.171052631578947,0,0,0.4,0.366666666666667,3,
