84,18,4,
0.347826086956522,0.461538461538462,0.625,0.196506550218341,0.131868131868132,0.169811320754717,0.300653594771242,0.485714285714286,0.25,0.571428571428571,0.247368421052632,0.213429256594724,0.40251572327044,0.210526315789474,0.545454545454545,0.390243902439024,0.233333333333333,0.4,0,
0.434782608695652,0.576923076923077,0.611111111111111,0.200873362445415,0.175824175824176,0.169811320754717,0.287581699346405,0.514285714285714,0.25,0.671428571428571,0.215789473684211,0.203836930455636,0.49685534591195,0.184210526315789,0.363636363636364,0.365853658536585,0.3,0.466666666666667,0,
0.434782608695652,0.538461538461538,0.625,0.25764192139738,0.208791208791209,0.169811320754717,0.287581699346405,0.514285714285714,0.25,0.571428571428571,0.221052631578947,0.205035971223022,0.433962264150943,0.197368421052632,0.318181818181818,0.365853658536585,0.233333333333333,0.466666666666667,0,
0.456521739130435,0.0769230769230769,0.361111111111111,0.187772925764192,0.164835164835165,0.132075471698113,0.124183006535948,0.685714285714286,0.0833333333333333,0.128571428571429,0.152631578947368,0.0887290167865707,0.0377358490566038,0.0921052631578947,0.363636363636364,0.170731707317073,0.666666666666667,0.666666666666667,0,
0.217391304347826,0.153846153846154,0.125,0.0349344978165939,0.0879120879120879,0.0566037735849057,0.065359477124183,0.828571428571429,0,0.142857142857143,0.0736842105263158,0.0419664268585132,0.232704402515723,0.342105263157895,0.363636363636364,0.390243902439024,0.133333333333333,0.1,0,
0.282608695652174,0.269230769230769,0.361111111111111,0.152838427947598,0.131868131868132,0.0943396226415094,0.065359477124183,0.8,0,0.3,0.0789473684210526,0.0491606714628297,0.213836477987421,0.0526315789473684,0.318181818181818,0.268292682926829,0.866666666666667,0.9,0,
0.282608695652174,0.192307692307692,0.25,0.0655021834061135,0.0989010989010989,0.0377358490566038,0.0392156862745098,0.885714285714286,0,0.157142857142857,0.0526315789473684,0.0287769784172662,0.270440251572327,0.25,0.409090909090909,0.0487804878048781,0.266666666666667,0.166666666666667,0,
0.217391304347826,0.269230769230769,0.180555555555556,0.0436681222707424,0.0659340659340659,0.0754716981132075,0.130718954248366,0.771428571428571,0.0833333333333333,0.314285714285714,0.0631578947368421,0.0755395683453237,0.30188679245283,0.355263157894737,0.363636363636364,0.170731707317073,0,0.0666666666666667,0,
0.478260869565217,0.307692307692308,0.583333333333333,0.2882096069869,0.197802197802198,0.132075471698113,0.215686274509804,0.571428571428571,0.166666666666667,0.385714285714286,0.173684210526316,0.155875299760192,0.19496855345912,0.0657894736842105,0.181818181818182,0.195121951219512,0.766666666666667,0.866666666666667,0,
0.347826086956522,0.5,0.611111111111111,0.25764192139738,0.208791208791209,0.169811320754717,0.30718954248366,0.485714285714286,0.25,0.585714285714286,0.226315789473684,0.220623501199041,0.421383647798742,0.171052631578947,0.0454545454545455,0.48780487804878,0.333333333333333,0.533333333333333,0,
0.217391304347826,0.269230769230769,0.263888888888889,0.0524017467248908,0.0659340659340659,0.0943396226415094,0.130718954248366,0.742857142857143,0.0833333333333333,0.271428571428571,0.0789473684210526,0.079136690647482,0.30188679245283,0.328947368421053,0.545454545454545,0.146341463414634,0.0333333333333333,0.0666666666666667,0,
0.347826086956522,0.538461538461538,0.625,0.187772925764192,0.120879120879121,0.150943396226415,0.26797385620915,0.514285714285714,0.166666666666667,0.471428571428571,0.236842105263158,0.197841726618705,0.484276729559748,0.197368421052632,0.590909090909091,0.170731707317073,0.333333333333333,0.533333333333333,0,
0.391304347826087,0.192307692307692,0.416666666666667,0.244541484716157,0.208791208791209,0.433962264150943,0.183006535947712,0.6,0.0833333333333333,0.3,0.168421052631579,0.134292565947242,0.132075471698113,0.105263157894737,0.181818181818182,0.268292682926829,0.533333333333333,0.7,0,
0.456521739130435,0.615384615384615,0.652777777777778,0.240174672489083,0.186813186813187,0.150943396226415,0.294117647058824,0.485714285714286,0.25,0.571428571428571,0.257894736842105,0.21462829736211,0.591194968553459,0.210526315789474,0.181818181818182,0,0.233333333333333,0.433333333333333,0,
0.478260869565217,0.192307692307692,0.361111111111111,0.0960698689956332,0.0549450549450549,0.113207547169811,0.137254901960784,0.742857142857143,0.0833333333333333,0.314285714285714,0.147368421052632,0.0827338129496403,0.19496855345912,0.25,0.5,0.195121951219512,0.266666666666667,0.0666666666666667,0,
0.260869565217391,0.153846153846154,0.388888888888889,0.179039301310044,0.142857142857143,0.0754716981132075,0.117647058823529,0.714285714285714,0.0833333333333333,0.171428571428571,0.105263157894737,0.0827338129496403,0.0754716981132075,0.0789473684210526,0.136363636363636,0.341463414634146,0.633333333333333,0.733333333333333,0,
0.391304347826087,0.384615384615385,0.416666666666667,0.126637554585153,0.0879120879120879,0.113207547169811,0.117647058823529,0.714285714285714,0.0833333333333333,0.4,0.152631578947368,0.0827338129496403,0.29559748427673,0.144736842105263,0.0454545454545455,0.195121951219512,0.466666666666667,0.433333333333333,0,
0.391304347826087,0.307692307692308,0.611111111111111,0.161572052401747,0.10989010989011,0.132075471698113,0.241830065359477,0.542857142857143,0.166666666666667,0.357142857142857,0.210526315789474,0.175059952038369,0.308176100628931,0.171052631578947,0.409090909090909,0.341463414634146,0.433333333333333,0.6,0,
0.304347826086957,0.346153846153846,0.333333333333333,0.200873362445415,0.186813186813187,0.150943396226415,0.137254901960784,0.685714285714286,0.0833333333333333,0.342857142857143,0.142105263157895,0.0959232613908873,0.314465408805031,0.105263157894737,0.318181818181818,0.024390243902439,0.566666666666667,0.666666666666667,0,
0.760869565217391,0.807692307692308,0.875,0.471615720524017,0.197802197802198,0.169811320754717,0.627450980392157,0.171428571428571,0.583333333333333,0.628571428571429,0.515789473684211,0.556354916067146,0.823899371069182,0.157894736842105,0.409090909090909,0,0.433333333333333,0.533333333333333,1,
0.304347826086957,0.230769230769231,0.472222222222222,0.209606986899563,0.120879120879121,0.0754716981132075,0.254901960784314,0.514285714285714,0.166666666666667,0.257142857142857,0.231578947368421,0.183453237410072,0.19496855345912,0.144736842105263,0.0454545454545455,0.804878048780488,0.366666666666667,0.5,1,
0.282608695652174,0.269230769230769,0.361111111111111,0.148471615720524,0.131868131868132,0.0377358490566038,0.163398692810458,0.657142857142857,0.0833333333333333,0.214285714285714,0.168421052631579,0.113908872901679,0.264150943396226,0.197368421052632,0.272727272727273,0.341463414634146,0.333333333333333,0.3,1,
0.282608695652174,0.192307692307692,0.638888888888889,0.310043668122271,0.142857142857143,0.132075471698113,0.379084967320261,0.371428571428571,0.333333333333333,0.228571428571429,0.321052631578947,0.298561151079137,0.182389937106918,0.118421052631579,0.0454545454545455,0.682926829268293,0.5,0.6,1,
0.478260869565217,0.538461538461538,0.569444444444444,0.314410480349345,0.131868131868132,0.0943396226415094,0.366013071895425,0.371428571428571,0.25,0.485714285714286,0.347368421052632,0.288968824940048,0.477987421383648,0.105263157894737,0.181818181818182,0.0975609756097561,0.5,0.566666666666667,1,
0.673913043478261,0.769230769230769,0.944444444444444,0.436681222707424,0.186813186813187,0.169811320754717,0.705882352941177,0.142857142857143,0.666666666666667,0.771428571428571,0.505263157894737,0.627098321342926,0.591194968553459,0.157894736842105,0.636363636363636,0.731707317073171,0.433333333333333,0.733333333333333,1,
0.521739130434783,0.846153846153846,0.888888888888889,0.502183406113537,0.263736263736264,0.132075471698113,0.647058823529412,0.171428571428571,0.583333333333333,0.757142857142857,0.484210526315789,0.568345323741007,0.716981132075472,0.197368421052632,0.0454545454545455,0.585365853658537,0.333333333333333,0.5,1,
0.695652173913043,0.807692307692308,0.833333333333333,0.506550218340611,0.241758241758242,0.150943396226415,0.712418300653595,0.114285714285714,0.666666666666667,0.742857142857143,0.536842105263158,0.640287769784173,0.584905660377358,0.184210526315789,0,0.317073170731707,0.366666666666667,0.6,1,
0.91304347826087,0.730769230769231,0.833333333333333,0.432314410480349,0.164835164835165,0.150943396226415,0.686274509803922,0.142857142857143,0.583333333333333,0.671428571428571,0.521052631578947,0.615107913669065,0.660377358490566,0.171052631578947,0.636363636363636,0.0975609756097561,0.4,0.533333333333333,1,
0.782608695652174,0.807692307692308,0.958333333333333,0.528384279475983,0.230769230769231,0.169811320754717,0.666666666666667,0.142857142857143,0.583333333333333,0.728571428571429,0.505263157894737,0.588729016786571,0.647798742138365,0.118421052631579,0.5,0.780487804878049,0.433333333333333,0.7,1,
0.760869565217391,0.730769230769231,0.958333333333333,0.34061135371179,0.0879120879120879,0.188679245283019,0.679738562091503,0.142857142857143,0.583333333333333,0.757142857142857,0.521052631578947,0.603117505995204,0.660377358490566,0.171052631578947,0.454545454545455,0.682926829268293,0.433333333333333,0.666666666666667,1,
0.41304347826087,0.5,0.597222222222222,0.218340611353712,0.0989010989010989,0.0754716981132075,0.313725490196078,0.428571428571429,0.25,0.428571428571429,0.289473684210526,0.237410071942446,0.471698113207547,0.157894736842105,0.454545454545455,0.121951219512195,0.333333333333333,0.333333333333333,1,
0.369565217391304,0.384615384615385,0.444444444444444,0.296943231441048,0.131868131868132,0.113207547169811,0.274509803921569,0.457142857142857,0.166666666666667,0.371428571428571,0.231578947368421,0.211031175059952,0.308176100628931,0.0263157894736842,0.681818181818182,0.219512195121951,0.9,0.933333333333333,1,
0.369565217391304,0.115384615384615,0.472222222222222,0.292576419213974,0.142857142857143,0.113207547169811,0.294117647058824,0.457142857142857,0.166666666666667,0.142857142857143,0.247368421052632,0.219424460431655,0.0880503144654088,0.0263157894736842,0.272727272727273,0.51219512195122,0.7,0.766666666666667,1,
0.456521739130435,0.5,0.513888888888889,0.283842794759825,0.142857142857143,0.113207547169811,0.300653594771242,0.457142857142857,0.25,0.428571428571429,0.268421052631579,0.226618705035971,0.452830188679245,0.105263157894737,0.545454545454545,0.0487804878048781,0.566666666666667,0.6,1,
0.369565217391304,0.653846153846154,0.694444444444444,0.366812227074236,0.153846153846154,0.150943396226415,0.450980392156863,0.285714285714286,0.333333333333333,0.571428571428571,0.426315789473684,0.369304556354916,0.69811320754717,0.131578947368421,0.272727272727273,0.463414634146341,0.5,0.6,1,
0.521739130434783,0.769230769230769,0.902777777777778,0.528384279475983,0.263736263736264,0.188679245283019,0.712418300653595,0.114285714285714,0.666666666666667,0.7,0.505263157894737,0.634292565947242,0.584905660377358,0.144736842105263,0.136363636363636,0.48780487804878,0.333333333333333,0.633333333333333,1,
0.630434782608696,0.846153846153846,0.847222222222222,0.475982532751092,0.21978021978022,0.188679245283019,0.718954248366013,0.114285714285714,0.666666666666667,0.842857142857143,0.505263157894737,0.641486810551559,0.654088050314465,0.157894736842105,0.0909090909090909,0.51219512195122,0.366666666666667,0.6,1,
0.326086956521739,0.192307692307692,0.25,0.14410480349345,0.142857142857143,0.0566037735849057,0.235294117647059,0.571428571428571,0.166666666666667,0.185714285714286,0.173684210526316,0.161870503597122,0.30188679245283,0.355263157894737,0.545454545454545,0,0.133333333333333,0.0666666666666667,1,
0.108695652173913,0.192307692307692,0.319444444444444,0.0480349344978166,0.043956043956044,0.0754716981132075,0.196078431372549,0.6,0.166666666666667,0.171428571428571,0.168421052631579,0.1378896882494,0.232704402515723,0.236842105263158,0.0909090909090909,0.0975609756097561,0.166666666666667,0.133333333333333,1,
0.260869565217391,0.269230769230769,0.486111111111111,0.14410480349345,0.0989010989010989,0.0943396226415094,0.261437908496732,0.514285714285714,0.166666666666667,0.228571428571429,0.226315789473684,0.185851318944844,0.320754716981132,0.223684210526316,0.318181818181818,0.390243902439024,0.2,0.2,1,
0.5,0.653846153846154,0.75,0.48471615720524,0.21978021978022,0.132075471698113,0.490196078431373,0.257142857142857,0.416666666666667,0.571428571428571,0.442105263157895,0.408872901678657,0.660377358490566,0.105263157894737,0.363636363636364,0.146341463414634,0.566666666666667,0.666666666666667,1,
0.152173913043478,0.423076923076923,0.388888888888889,0.0698689956331878,0.0659340659340659,0.113207547169811,0.254901960784314,0.542857142857143,0.166666666666667,0.4,0.210526315789474,0.178657074340528,0.509433962264151,0.276315789473684,0.181818181818182,0.390243902439024,0.133333333333333,0.133333333333333,2,
0.456521739130435,0.461538461538462,0.444444444444444,0.327510917030568,0.241758241758242,0.0754716981132075,0.287581699346405,0.428571428571429,0.166666666666667,0.371428571428571,0.268421052631579,0.226618705035971,0.515723270440252,0.131578947368421,0.227272727272727,0.121951219512195,0.566666666666667,0.566666666666667,2,
0.282608695652174,0.423076923076923,0.347222222222222,0.109170305676856,0.0989010989010989,0.0754716981132075,0.261437908496732,0.542857142857143,0.166666666666667,0.457142857142857,0.2,0.176258992805755,0.427672955974843,0.315789473684211,0.181818181818182,0.317073170731707,0.0666666666666667,0.0666666666666667,2,
0.304347826086957,0.384615384615385,0.416666666666667,0.283842794759825,0.274725274725275,0.0943396226415094,0.261437908496732,0.514285714285714,0.166666666666667,0.385714285714286,0.247368421052632,0.188249400479616,0.389937106918239,0.223684210526316,0.272727272727273,0.292682926829268,0.266666666666667,0.2,2,
0.58695652173913,0.692307692307692,0.680555555555556,0.414847161572052,0.197802197802198,0.0754716981132075,0.581699346405229,0.171428571428571,0.5,0.585714285714286,0.468421052631579,0.525179856115108,0.60377358490566,0.197368421052632,0.272727272727273,0.170731707317073,0.566666666666667,0.4,2,
0.695652173913043,0.653846153846154,0.736111111111111,0.301310043668122,0.0769230769230769,0.0377358490566038,0.718954248366013,0.114285714285714,0.666666666666667,0.585714285714286,0.652631578947368,0.660671462829736,0.610062893081761,0.315789473684211,0.181818181818182,0.292682926829268,0.333333333333333,0.1,2,
0.717391304347826,0.807692307692308,0.833333333333333,0.537117903930131,0.21978021978022,0.0377358490566038,0.901960784313726,0.0285714285714286,0.833333333333333,0.628571428571429,0.789473684210526,0.886091127098321,0.962264150943396,0.381578947368421,0.227272727272727,0.268292682926829,0.2,0.0333333333333333,2,
0.282608695652174,0.5,0.458333333333333,0.091703056768559,0.10989010989011,0.0754716981132075,0.254901960784314,0.542857142857143,0.166666666666667,0.414285714285714,0.210526315789474,0.179856115107914,0.49685534591195,0.302631578947368,0.409090909090909,0.268292682926829,0.133333333333333,0.1,2,
0.630434782608696,0.769230769230769,0.847222222222222,0.585152838427948,0.274725274725275,0.0377358490566038,0.823529411764706,0.0571428571428571,0.75,0.642857142857143,0.721052631578947,0.79136690647482,0.836477987421384,0.342105263157895,0.318181818181818,0.536585365853659,0.266666666666667,0.1,2,
0.630434782608696,0.807692307692308,0.805555555555556,0.423580786026201,0.153846153846154,0.0754716981132075,0.738562091503268,0.0857142857142857,0.666666666666667,0.671428571428571,0.610526315789474,0.697841726618705,0.767295597484277,0.263157894736842,0.409090909090909,0.341463414634146,0.4,0.2,2,
0.391304347826087,0.346153846153846,0.361111111111111,0.283842794759825,0.208791208791209,0.0943396226415094,0.215686274509804,0.514285714285714,0.166666666666667,0.314285714285714,0.205263157894737,0.169064748201439,0.314465408805031,0.105263157894737,0.181818181818182,0,0.833333333333333,0.866666666666667,2,
0.173913043478261,0.384615384615385,0.388888888888889,0.192139737991266,0.186813186813187,0.0943396226415094,0.248366013071895,0.542857142857143,0.166666666666667,0.371428571428571,0.236842105263158,0.175059952038369,0.389937106918239,0.276315789473684,0.0454545454545455,0.0487804878048781,0.2,0.133333333333333,2,
0.260869565217391,0.384615384615385,0.333333333333333,0.104803493449782,0.0989010989010989,0.113207547169811,0.248366013071895,0.571428571428571,0.166666666666667,0.371428571428571,0.2,0.167865707434053,0.40251572327044,0.302631578947368,0.409090909090909,0.341463414634146,0.133333333333333,0.1,2,
0.826086956521739,0.961538461538462,0.902777777777778,0.344978165938865,0.043956043956044,0.0754716981132075,1,0,1,0.8,0.815789473684211,1,0.918238993710692,0.342105263157895,0.181818181818182,0.195121951219512,0.166666666666667,0.0666666666666667,2,
0.326086956521739,0.423076923076923,0.430555555555556,0.266375545851528,0.252747252747253,0.0943396226415094,0.209150326797386,0.571428571428571,0.166666666666667,0.328571428571429,0.194736842105263,0.15347721822542,0.39622641509434,0.157894736842105,0.181818181818182,0.0975609756097561,0.4,0.4,2,
0.630434782608696,0.461538461538462,0.625,0.388646288209607,0.186813186813187,0.0754716981132075,0.522875816993464,0.2,0.416666666666667,0.4,0.457894736842105,0.462829736211031,0.339622641509434,0.223684210526316,0.272727272727273,0.170731707317073,0.633333333333333,0.4,2,
0.282608695652174,0.346153846153846,0.347222222222222,0.0524017467248908,0.0659340659340659,0.0754716981132075,0.261437908496732,0.542857142857143,0.166666666666667,0.328571428571429,0.236842105263158,0.1810551558753,0.39622641509434,0.342105263157895,0.227272727272727,0.0975609756097561,0.1,0.0666666666666667,2,
0.521739130434783,0.192307692307692,0.486111111111111,0.366812227074236,0.230769230769231,0.0754716981132075,0.38562091503268,0.314285714285714,0.25,0.157142857142857,0.363157894736842,0.3189448441247,0.176100628930818,0.197368421052632,0.0909090909090909,0.146341463414634,0.7,0.6,2,
0.717391304347826,0.807692307692308,0.902777777777778,0.262008733624454,0.010989010989011,0.0566037735849057,0.882352941176471,0.0285714285714286,0.833333333333333,0.671428571428571,0.731578947368421,0.847721822541966,0.842767295597484,0.328947368421053,0.545454545454545,0.024390243902439,0.166666666666667,0.0333333333333333,2,
0.565217391304348,0.192307692307692,0.472222222222222,0.349344978165939,0.208791208791209,0.0754716981132075,0.339869281045752,0.371428571428571,0.25,0.185714285714286,0.331578947368421,0.275779376498801,0.176100628930818,0.157894736842105,0.0909090909090909,0.536585365853659,0.8,0.7,2,
0.869565217391304,0.923076923076923,0.958333333333333,0.393013100436681,0.0989010989010989,0.0754716981132075,0.967320261437909,0,0.916666666666667,0.814285714285714,0.831578947368421,0.956834532374101,0.955974842767296,0.342105263157895,0.5,0.51219512195122,0.2,0.0666666666666667,2,
0.282608695652174,0.461538461538462,0.416666666666667,0.0786026200873362,0.0989010989010989,0.0943396226415094,0.235294117647059,0.542857142857143,0.166666666666667,0.371428571428571,0.210526315789474,0.167865707434053,0.484276729559748,0.328947368421053,0.409090909090909,0.121951219512195,0.133333333333333,0.0666666666666667,2,
0.630434782608696,0.730769230769231,0.847222222222222,0.475982532751092,0.186813186813187,0.150943396226415,0.594771241830065,0.2,0.5,0.557142857142857,0.442105263157895,0.517985611510791,0.484276729559748,0.0789473684210526,0,0.463414634146341,0.566666666666667,0.733333333333333,3,
0.565217391304348,0.846153846153846,0.847222222222222,0.445414847161572,0.164835164835165,0.207547169811321,0.718954248366013,0.114285714285714,0.666666666666667,0.885714285714286,0.5,0.645083932853717,0.654088050314465,0.157894736842105,0.0909090909090909,0.0731707317073171,0.333333333333333,0.5,3,
0.41304347826087,0.230769230769231,0.708333333333333,0.379912663755459,0.164835164835165,0.113207547169811,0.418300653594771,0.314285714285714,0.333333333333333,0.271428571428571,0.347368421052632,0.338129496402878,0.264150943396226,0.105263157894737,0.136363636363636,0.560975609756098,0.533333333333333,0.633333333333333,3,
0.239130434782609,0.269230769230769,0.430555555555556,0.117903930131004,0.0879120879120879,0.0943396226415094,0.248366013071895,0.542857142857143,0.166666666666667,0.228571428571429,0.194736842105263,0.175059952038369,0.352201257861635,0.276315789473684,0.545454545454545,0.024390243902439,0.133333333333333,0.166666666666667,3,
0.369565217391304,0.115384615384615,0.527777777777778,0.327510917030568,0.186813186813187,0.113207547169811,0.294117647058824,0.457142857142857,0.166666666666667,0.114285714285714,0.273684210526316,0.219424460431655,0.207547169811321,0.0921052631578947,0.0454545454545455,0.48780487804878,0.533333333333333,0.566666666666667,3,
0.630434782608696,0.692307692307692,0.944444444444444,0.388646288209607,0.10989010989011,0.150943396226415,0.65359477124183,0.142857142857143,0.583333333333333,0.628571428571429,0.468421052631579,0.574340527577938,0.471698113207547,0.0921052631578947,0.318181818181818,0.51219512195122,0.5,0.666666666666667,3,
0.608695652173913,0.576923076923077,0.930555555555556,0.51528384279476,0.230769230769231,0.150943396226415,0.627450980392157,0.171428571428571,0.583333333333333,0.514285714285714,0.536842105263158,0.547961630695444,0.59748427672956,0.144736842105263,0.227272727272727,0.926829268292683,0.466666666666667,0.7,3,
0.673913043478261,0.961538461538462,0.875,0.550218340611354,0.241758241758242,0.169811320754717,0.699346405228758,0.114285714285714,0.666666666666667,0.828571428571429,0.531578947368421,0.637889688249401,0.861635220125786,0.157894736842105,0.318181818181818,0.0975609756097561,0.366666666666667,0.5,3,
0.717391304347826,0.615384615384615,0.777777777777778,0.423580786026201,0.153846153846154,0.150943396226415,0.450980392156863,0.285714285714286,0.333333333333333,0.571428571428571,0.352631578947368,0.371702637889688,0.446540880503145,0.0394736842105263,0.863636363636364,0.365853658536585,0.866666666666667,0.933333333333333,3,
0.608695652173913,0.692307692307692,0.902777777777778,0.471615720524017,0.230769230769231,0.150943396226415,0.633986928104575,0.171428571428571,0.583333333333333,0.628571428571429,0.484210526315789,0.562350119904077,0.723270440251572,0.184210526315789,0.227272727272727,0.560975609756098,0.333333333333333,0.466666666666667,3,
0.304347826086957,0.423076923076923,0.805555555555556,0.467248908296943,0.252747252747253,0.150943396226415,0.503267973856209,0.257142857142857,0.416666666666667,0.328571428571429,0.442105263157895,0.420863309352518,0.433962264150943,0.157894736842105,0.0909090909090909,0.51219512195122,0.366666666666667,0.433333333333333,3,
0.652173913043478,0.615384615384615,0.930555555555556,0.327510917030568,0.0769230769230769,0.188679245283019,0.627450980392157,0.171428571428571,0.583333333333333,0.585714285714286,0.442105263157895,0.551558752997602,0.465408805031447,0.0921052631578947,0.0454545454545455,0.292682926829268,0.5,0.633333333333333,3,
0.717391304347826,0.769230769230769,0.805555555555556,0.384279475982533,0.120879120879121,0.169811320754717,0.686274509803922,0.142857142857143,0.583333333333333,0.685714285714286,0.515789473684211,0.61031175059952,0.515723270440252,0.157894736842105,0.5,0.585365853658537,0.4,0.566666666666667,3,
0.695652173913043,0.884615384615385,0.805555555555556,0.458515283842795,0.186813186813187,0.169811320754717,0.686274509803922,0.142857142857143,0.583333333333333,0.785714285714286,0.5,0.613908872901679,0.672955974842767,0.171052631578947,0.0909090909090909,0.463414634146341,0.4,0.6,3,
0.58695652173913,0.923076923076923,0.930555555555556,0.449781659388646,0.175824175824176,0.169811320754717,0.751633986928105,0.114285714285714,0.666666666666667,0.885714285714286,0.547368421052632,0.685851318944844,0.60377358490566,0.171052631578947,0.272727272727273,0.463414634146341,0.333333333333333,0.566666666666667,3,
0.521739130434783,0.653846153846154,0.944444444444444,0.467248908296943,0.197802197802198,0.150943396226415,0.666666666666667,0.142857142857143,0.583333333333333,0.542857142857143,0.536842105263158,0.59832134292566,0.685534591194969,0.171052631578947,0.318181818181818,0.707317073170732,0.4,0.533333333333333,3,
0.630434782608696,0.807692307692308,0.847222222222222,0.375545851528384,0.120879120879121,0.150943396226415,0.718954248366013,0.114285714285714,0.666666666666667,0.757142857142857,0.494736842105263,0.652278177458034,0.591194968553459,0.157894736842105,0.590909090909091,0.146341463414634,0.433333333333333,0.566666666666667,3,
0.239130434782609,0.192307692307692,0.472222222222222,0.148471615720524,0.10989010989011,0.113207547169811,0.176470588235294,0.657142857142857,0.0833333333333333,0.128571428571429,0.157894736842105,0.117505995203837,0.113207547169811,0.171052631578947,0.409090909090909,0.48780487804878,0.233333333333333,0.333333333333333,3,
0.58695652173913,0.423076923076923,0.736111111111111,0.388646288209607,0.164835164835165,0.113207547169811,0.483660130718954,0.257142857142857,0.416666666666667,0.414285714285714,0.378947368421053,0.404076738609113,0.264150943396226,0.0921052631578947,0,0.0487804878048781,0.566666666666667,0.566666666666667,3,
0.347826086956522,0.653846153846154,0.597222222222222,0.397379912663755,0.197802197802198,0.0754716981132075,0.431372549019608,0.314285714285714,0.333333333333333,0.542857142857143,0.405263157894737,0.356115107913669,0.635220125786163,0.157894736842105,0.0454545454545455,0.146341463414634,0.433333333333333,0.433333333333333,3,
0.652173913043478,0.807692307692308,0.930555555555556,0.497816593886463,0.186813186813187,0.188679245283019,0.718954248366013,0.114285714285714,0.666666666666667,0.8,0.478947368421053,0.652278177458034,0.566037735849057,0.105263157894737,0,0.439024390243902,0.433333333333333,0.633333333333333,3,
