85,18,4,
0.456521739130435,0.346153846153846,0.388888888888889,0.200873362445415,0.186813186813187,0.0943396226415094,0.104575163398693,0.742857142857143,0.0833333333333333,0.357142857142857,0.126315789473684,0.0743405275779376,0.314465408805031,0.131578947368421,0.636363636363636,0.121951219512195,0.533333333333333,0.5,0,
0.347826086956522,0.192307692307692,0.472222222222222,0.148471615720524,0.131868131868132,0.0943396226415094,0.156862745098039,0.657142857142857,0.0833333333333333,0.214285714285714,0.194736842105263,0.112709832134293,0.119496855345912,0.171052631578947,0.318181818181818,0.170731707317073,0.433333333333333,0.4,0,
0.347826086956522,0.307692307692308,0.319444444444444,0.131004366812227,0.131868131868132,0.0754716981132075,0.0718954248366013,0.828571428571429,0,0.271428571428571,0.0947368421052632,0.0467625899280576,0.257861635220126,0.223684210526316,0.545454545454545,0.0731707317073171,0.333333333333333,0.233333333333333,0,
0.41304347826087,0.307692307692308,0.361111111111111,0.091703056768559,0.0549450549450549,0.0943396226415094,0.176470588235294,0.685714285714286,0.0833333333333333,0.357142857142857,0.157894736842105,0.109112709832134,0.327044025157233,0.289473684210526,0.318181818181818,0.463414634146341,0.2,0.1,0,
0.478260869565217,0.615384615384615,0.583333333333333,0.152838427947598,0.0989010989010989,0.169811320754717,0.30718954248366,0.485714285714286,0.25,0.628571428571429,0.226315789473684,0.217026378896883,0.477987421383648,0.210526315789474,0.318181818181818,0.24390243902439,0.2,0.333333333333333,0,
0.391304347826087,0.230769230769231,0.513888888888889,0.213973799126638,0.131868131868132,0.113207547169811,0.176470588235294,0.628571428571429,0.0833333333333333,0.3,0.152631578947368,0.12589928057554,0.0880503144654088,0.0394736842105263,0.363636363636364,0.414634146341463,0.833333333333333,0.933333333333333,0,
0.369565217391304,0.384615384615385,0.569444444444444,0.554585152838428,0.54945054945055,0.830188679245283,0.248366013071895,0.542857142857143,0.166666666666667,0.442857142857143,0.368421052631579,0.177458033573141,0.345911949685535,0.421052631578947,0.227272727272727,0.219512195121951,0.333333333333333,0.5,0,
0.41304347826087,0.384615384615385,0.416666666666667,0.0873362445414847,0.0549450549450549,0.0754716981132075,0.176470588235294,0.657142857142857,0.0833333333333333,0.371428571428571,0.178947368421053,0.117505995203837,0.39622641509434,0.263157894736842,0.181818181818182,0.390243902439024,0.233333333333333,0.133333333333333,0,
0.347826086956522,0.423076923076923,0.416666666666667,0.14410480349345,0.120879120879121,0.0754716981132075,0.156862745098039,0.657142857142857,0.0833333333333333,0.4,0.2,0.106714628297362,0.358490566037736,0.25,0.454545454545455,0.0731707317073171,0.333333333333333,0.2,0,
0.543478260869565,0.192307692307692,0.416666666666667,0.091703056768559,0.0549450549450549,0.113207547169811,0.117647058823529,0.771428571428571,0.0833333333333333,0.3,0.142105263157895,0.0707434052757794,0.144654088050314,0.197368421052632,0,0.317073170731707,0.333333333333333,0.133333333333333,0,
0.282608695652174,0.576923076923077,0.486111111111111,0.139737991266376,0.120879120879121,0.150943396226415,0.320261437908497,0.485714285714286,0.25,0.642857142857143,0.210526315789474,0.224220623501199,0.477987421383648,0.210526315789474,0.136363636363636,0.024390243902439,0.233333333333333,0.366666666666667,0,
0.347826086956522,0.115384615384615,0.388888888888889,0.196506550218341,0.142857142857143,0.113207547169811,0.137254901960784,0.685714285714286,0.0833333333333333,0.228571428571429,0.121052631578947,0.0971223021582734,0.0628930817610063,0.0394736842105263,0.272727272727273,0.439024390243902,0.833333333333333,0.933333333333333,0,
0.434782608695652,0.115384615384615,0.319444444444444,0.152838427947598,0.10989010989011,0.113207547169811,0.130718954248366,0.685714285714286,0.0833333333333333,0.257142857142857,0.147368421052632,0.0911270983213429,0.0754716981132075,0.105263157894737,0.136363636363636,0.658536585365854,0.566666666666667,0.666666666666667,0,
0.239130434782609,0.153846153846154,0.180555555555556,0.074235807860262,0.131868131868132,0.0566037735849057,0.0718954248366013,0.828571428571429,0,0.1,0.0578947368421053,0.0443645083932854,0.150943396226415,0.302631578947368,0.318181818181818,0.024390243902439,0.1,0.0666666666666667,0,
0.304347826086957,0.346153846153846,0.333333333333333,0.200873362445415,0.186813186813187,0.150943396226415,0.137254901960784,0.685714285714286,0.0833333333333333,0.342857142857143,0.142105263157895,0.0959232613908873,0.314465408805031,0.105263157894737,0.318181818181818,0.024390243902439,0.566666666666667,0.666666666666667,0,
0.260869565217391,0.0769230769230769,0.333333333333333,0.109170305676856,0.10989010989011,0.0754716981132075,0.0261437908496732,0.885714285714286,0,0.1,0.0421052631578947,0.0191846522781775,0.0880503144654088,0.0789473684210526,0.0454545454545455,0.560975609756098,0.666666666666667,0.733333333333333,0,
0.478260869565217,0.423076923076923,0.611111111111111,0.235807860262009,0.164835164835165,0.150943396226415,0.215686274509804,0.571428571428571,0.166666666666667,0.428571428571429,0.173684210526316,0.15347721822542,0.358490566037736,0.0657894736842105,0.454545454545455,0.146341463414634,0.766666666666667,0.833333333333333,0,
0.434782608695652,0.269230769230769,0.305555555555556,0.0567685589519651,0.021978021978022,0.0943396226415094,0.124183006535948,0.742857142857143,0.0833333333333333,0.385714285714286,0.157894736842105,0.0779376498800959,0.29559748427673,0.25,0.363636363636364,0.146341463414634,0.266666666666667,0.1,0,
0.369565217391304,0.538461538461538,0.625,0.196506550218341,0.142857142857143,0.150943396226415,0.281045751633987,0.485714285714286,0.166666666666667,0.528571428571429,0.257894736842105,0.205035971223022,0.484276729559748,0.210526315789474,0.0454545454545455,0.121951219512195,0.3,0.5,0,
0.304347826086957,0.346153846153846,0.333333333333333,0.200873362445415,0.186813186813187,0.150943396226415,0.137254901960784,0.685714285714286,0.0833333333333333,0.328571428571429,0.142105263157895,0.0971223021582734,0.314465408805031,0.105263157894737,0.318181818181818,0,0.566666666666667,0.666666666666667,0,
0.695652173913043,0.461538461538462,0.833333333333333,0.397379912663755,0.153846153846154,0.150943396226415,0.562091503267974,0.2,0.5,0.442857142857143,0.442105263157895,0.482014388489209,0.484276729559748,0.105263157894737,0.363636363636364,0.121951219512195,0.533333333333333,0.633333333333333,1,
0.58695652173913,0.5,0.569444444444444,0.362445414847162,0.153846153846154,0.132075471698113,0.352941176470588,0.4,0.25,0.514285714285714,0.310526315789474,0.276978417266187,0.415094339622642,0.0526315789473684,0.590909090909091,0.219512195121951,0.733333333333333,0.866666666666667,1,
0.369565217391304,0.115384615384615,0.625,0.349344978165939,0.186813186813187,0.0754716981132075,0.313725490196078,0.428571428571429,0.25,0.1,0.3,0.241007194244604,0.188679245283019,0.0921052631578947,0.409090909090909,0.75609756097561,0.633333333333333,0.733333333333333,1,
0.326086956521739,0.192307692307692,0.25,0.14410480349345,0.142857142857143,0.0566037735849057,0.235294117647059,0.571428571428571,0.166666666666667,0.185714285714286,0.173684210526316,0.161870503597122,0.30188679245283,0.355263157894737,0.545454545454545,0,0.133333333333333,0.0666666666666667,1,
0.760869565217391,0.769230769230769,0.888888888888889,0.336244541484716,0.0989010989010989,0.169811320754717,0.705882352941177,0.142857142857143,0.666666666666667,0.7,0.505263157894737,0.633093525179856,0.660377358490566,0.171052631578947,0.681818181818182,0.439024390243902,0.433333333333333,0.6,1,
0.673913043478261,0.807692307692308,0.847222222222222,0.406113537117904,0.186813186813187,0.169811320754717,0.660130718954248,0.142857142857143,0.583333333333333,0.771428571428571,0.463157894736842,0.581534772182254,0.710691823899371,0.197368421052632,0.636363636363636,0.0975609756097561,0.366666666666667,0.5,1,
0.369565217391304,0.653846153846154,0.694444444444444,0.366812227074236,0.153846153846154,0.150943396226415,0.450980392156863,0.285714285714286,0.333333333333333,0.571428571428571,0.426315789473684,0.369304556354916,0.69811320754717,0.131578947368421,0.272727272727273,0.463414634146341,0.5,0.6,1,
0.456521739130435,0.5,0.513888888888889,0.283842794759825,0.142857142857143,0.113207547169811,0.300653594771242,0.457142857142857,0.25,0.428571428571429,0.268421052631579,0.226618705035971,0.452830188679245,0.105263157894737,0.545454545454545,0.0487804878048781,0.566666666666667,0.6,1,
0.434782608695652,0.384615384615385,0.5,0.196506550218341,0.10989010989011,0.0943396226415094,0.241830065359477,0.514285714285714,0.166666666666667,0.357142857142857,0.221052631578947,0.1810551558753,0.421383647798742,0.131578947368421,0.636363636363636,0,0.433333333333333,0.433333333333333,1,
0.695652173913043,0.807692307692308,0.944444444444444,0.567685589519651,0.252747252747253,0.188679245283019,0.673202614379085,0.142857142857143,0.583333333333333,0.714285714285714,0.505263157894737,0.603117505995204,0.748427672955975,0.118421052631579,0.181818181818182,0.536585365853659,0.433333333333333,0.666666666666667,1,
0.304347826086957,0.307692307692308,0.361111111111111,0.157205240174672,0.120879120879121,0.0754716981132075,0.235294117647059,0.571428571428571,0.166666666666667,0.257142857142857,0.178947368421053,0.160671462829736,0.433962264150943,0.263157894736842,0.863636363636364,0.0487804878048781,0.166666666666667,0.133333333333333,1,
0.347826086956522,0.192307692307692,0.555555555555556,0.283842794759825,0.131868131868132,0.0943396226415094,0.320261437908497,0.428571428571429,0.25,0.185714285714286,0.294736842105263,0.245803357314149,0.176100628930818,0.118421052631579,0.227272727272727,0.365853658536585,0.533333333333333,0.533333333333333,1,
0.369565217391304,0.230769230769231,0.625,0.244541484716157,0.131868131868132,0.0943396226415094,0.333333333333333,0.428571428571429,0.25,0.185714285714286,0.310526315789474,0.254196642685851,0.308176100628931,0.157894736842105,0.318181818181818,0.317073170731707,0.333333333333333,0.366666666666667,1,
0.673913043478261,0.653846153846154,0.916666666666667,0.458515283842795,0.208791208791209,0.150943396226415,0.620915032679739,0.171428571428571,0.5,0.571428571428571,0.489473684210526,0.540767386091127,0.69811320754717,0.184210526315789,0.636363636363636,0.219512195121951,0.4,0.5,1,
0.608695652173913,0.5,0.902777777777778,0.397379912663755,0.153846153846154,0.150943396226415,0.562091503267974,0.228571428571429,0.5,0.457142857142857,0.436842105263158,0.47242206235012,0.540880503144654,0.0921052631578947,0.318181818181818,0.926829268292683,0.533333333333333,0.8,1,
0.782608695652174,0.807692307692308,0.875,0.441048034934498,0.175824175824176,0.169811320754717,0.718954248366013,0.114285714285714,0.666666666666667,0.814285714285714,0.521052631578947,0.642685851318945,0.654088050314465,0.157894736842105,0.272727272727273,0.341463414634146,0.366666666666667,0.633333333333333,1,
0.5,0.269230769230769,0.833333333333333,0.323144104803493,0.120879120879121,0.113207547169811,0.450980392156863,0.314285714285714,0.333333333333333,0.228571428571429,0.394736842105263,0.3621103117506,0.320754716981132,0.118421052631579,0.227272727272727,0.829268292682927,0.533333333333333,0.7,1,
0.369565217391304,0.0384615384615385,0.361111111111111,0.235807860262009,0.131868131868132,0.0943396226415094,0.183006535947712,0.6,0.0833333333333333,0.0857142857142857,0.184210526315789,0.136690647482014,0.050314465408805,0.0263157894736842,0.0454545454545455,0.0731707317073171,0.833333333333333,0.866666666666667,1,
0.347826086956522,0.192307692307692,0.513888888888889,0.248908296943231,0.164835164835165,0.0943396226415094,0.241830065359477,0.542857142857143,0.166666666666667,0.157142857142857,0.231578947368421,0.171462829736211,0.276729559748428,0.157894736842105,0.272727272727273,0.51219512195122,0.4,0.4,1,
0.869565217391304,0.576923076923077,0.805555555555556,0.454148471615721,0.164835164835165,0.132075471698113,0.594771241830065,0.2,0.5,0.471428571428571,0.452631578947368,0.514388489208633,0.465408805031447,0.0657894736842105,0.772727272727273,0.707317073170732,0.566666666666667,0.766666666666667,1,
0.717391304347826,0.769230769230769,0.805555555555556,0.314410480349345,0.0769230769230769,0.150943396226415,0.679738562091503,0.142857142857143,0.583333333333333,0.757142857142857,0.552631578947368,0.607913669064748,0.685534591194969,0.197368421052632,0.0454545454545455,0.219512195121951,0.366666666666667,0.533333333333333,1,
0.456521739130435,0.384615384615385,0.402777777777778,0.248908296943231,0.131868131868132,0.0943396226415094,0.261437908496732,0.485714285714286,0.166666666666667,0.357142857142857,0.236842105263158,0.197841726618705,0.490566037735849,0.105263157894737,0.545454545454545,0.268292682926829,0.566666666666667,0.566666666666667,1,
0.630434782608696,0.461538461538462,0.625,0.388646288209607,0.186813186813187,0.0754716981132075,0.522875816993464,0.2,0.416666666666667,0.4,0.457894736842105,0.462829736211031,0.339622641509434,0.223684210526316,0.272727272727273,0.170731707317073,0.633333333333333,0.4,2,
0.239130434782609,0.461538461538462,0.361111111111111,0.218340611353712,0.197802197802198,0.0754716981132075,0.215686274509804,0.571428571428571,0.166666666666667,0.371428571428571,0.2,0.15347721822542,0.427672955974843,0.184210526315789,0.0909090909090909,0.0731707317073171,0.266666666666667,0.233333333333333,2,
0.304347826086957,0.5,0.430555555555556,0.240174672489083,0.208791208791209,0.0754716981132075,0.254901960784314,0.514285714285714,0.166666666666667,0.4,0.236842105263158,0.190647482014389,0.50314465408805,0.184210526315789,0.0909090909090909,0,0.333333333333333,0.3,2,
0.521739130434783,0.461538461538462,0.444444444444444,0.362445414847162,0.263736263736264,0.0566037735849057,0.320261437908497,0.4,0.25,0.371428571428571,0.252631578947368,0.25779376498801,0.484276729559748,0.144736842105263,0.318181818181818,0.170731707317073,0.666666666666667,0.733333333333333,2,
0.282608695652174,0.5,0.458333333333333,0.091703056768559,0.10989010989011,0.0754716981132075,0.254901960784314,0.542857142857143,0.166666666666667,0.414285714285714,0.210526315789474,0.179856115107914,0.49685534591195,0.302631578947368,0.409090909090909,0.268292682926829,0.133333333333333,0.1,2,
0.173913043478261,0.538461538461538,0.402777777777778,0.183406113537118,0.186813186813187,0.0754716981132075,0.254901960784314,0.514285714285714,0.166666666666667,0.414285714285714,0.215789473684211,0.18705035971223,0.540880503144654,0.210526315789474,0.227272727272727,0,0.233333333333333,0.233333333333333,2,
0.543478260869565,0.5,0.666666666666667,0.379912663755459,0.175824175824176,0.0754716981132075,0.522875816993464,0.228571428571429,0.416666666666667,0.414285714285714,0.447368421052632,0.454436450839329,0.408805031446541,0.184210526315789,0.0909090909090909,0.634146341463415,0.6,0.533333333333333,2,
0.173913043478261,0.5,0.430555555555556,0.161572052401747,0.153846153846154,0.0943396226415094,0.26797385620915,0.514285714285714,0.166666666666667,0.428571428571429,0.247368421052632,0.195443645083933,0.509433962264151,0.276315789473684,0.0454545454545455,0.341463414634146,0.2,0.2,2,
0.41304347826087,0.230769230769231,0.5,0.331877729257642,0.263736263736264,0.0754716981132075,0.261437908496732,0.485714285714286,0.166666666666667,0.185714285714286,0.257894736842105,0.199040767386091,0.213836477987421,0.171052631578947,0.272727272727273,0.341463414634146,0.633333333333333,0.633333333333333,2,
0.304347826086957,0.346153846153846,0.416666666666667,0.152838427947598,0.131868131868132,0.0943396226415094,0.241830065359477,0.542857142857143,0.166666666666667,0.342857142857143,0.247368421052632,0.171462829736211,0.29559748427673,0.25,0.272727272727273,0.219512195121951,0.3,0.233333333333333,2,
0.260869565217391,0.384615384615385,0.333333333333333,0.104803493449782,0.0989010989010989,0.113207547169811,0.248366013071895,0.571428571428571,0.166666666666667,0.371428571428571,0.2,0.167865707434053,0.40251572327044,0.302631578947368,0.409090909090909,0.341463414634146,0.133333333333333,0.1,2,
0.695652173913043,0.692307692307692,0.555555555555556,0.449781659388646,0.263736263736264,0.0754716981132075,0.542483660130719,0.2,0.416666666666667,0.585714285714286,0.442105263157895,0.473621103117506,0.49685534591195,0.210526315789474,0.272727272727273,0.48780487804878,0.6,0.433333333333333,2,
0.173913043478261,0.384615384615385,0.388888888888889,0.192139737991266,0.186813186813187,0.0943396226415094,0.248366013071895,0.542857142857143,0.166666666666667,0.371428571428571,0.236842105263158,0.175059952038369,0.389937106918239,0.276315789473684,0.0454545454545455,0.0487804878048781,0.2,0.133333333333333,2,
0.456521739130435,0.615384615384615,0.541666666666667,0.432314410480349,0.263736263736264,0.0566037735849057,0.405228758169935,0.314285714285714,0.333333333333333,0.514285714285714,0.347368421052632,0.336930455635492,0.610062893081761,0.157894736842105,0.272727272727273,0.0487804878048781,0.7,0.6,2,
0.521739130434783,0.384615384615385,0.458333333333333,0.301310043668122,0.197802197802198,0.0754716981132075,0.26797385620915,0.457142857142857,0.166666666666667,0.357142857142857,0.242105263157895,0.212230215827338,0.39622641509434,0.0921052631578947,0.590909090909091,0.024390243902439,0.8,0.766666666666667,2,
0.478260869565217,0.538461538461538,0.458333333333333,0.397379912663755,0.252747252747253,0.0943396226415094,0.359477124183007,0.342857142857143,0.25,0.485714285714286,0.284210526315789,0.294964028776978,0.477987421383648,0.131578947368421,0.409090909090909,0.463414634146341,0.8,0.833333333333333,2,
0.5,0.5,0.416666666666667,0.393013100436681,0.252747252747253,0.0754716981132075,0.359477124183007,0.371428571428571,0.25,0.428571428571429,0.278947368421053,0.29136690647482,0.389937106918239,0.131578947368421,0.772727272727273,0.24390243902439,0.8,0.733333333333333,2,
0.173913043478261,0.423076923076923,0.444444444444444,0.152838427947598,0.142857142857143,0.0754716981132075,0.26797385620915,0.514285714285714,0.166666666666667,0.4,0.263157894736842,0.195443645083933,0.433962264150943,0.289473684210526,0.0454545454545455,0.365853658536585,0.2,0.166666666666667,2,
0.434782608695652,0.615384615384615,0.541666666666667,0.331877729257642,0.197802197802198,0.0943396226415094,0.398692810457516,0.314285714285714,0.333333333333333,0.571428571428571,0.310526315789474,0.334532374100719,0.534591194968553,0.144736842105263,0.227272727272727,0.24390243902439,0.7,0.7,2,
0.543478260869565,0.0769230769230769,0.416666666666667,0.34061135371179,0.230769230769231,0.0566037735849057,0.281045751633987,0.428571428571429,0.166666666666667,0.0857142857142857,0.284210526315789,0.224220623501199,0.050314465408805,0.157894736842105,0.136363636363636,0.536585365853659,0.866666666666667,0.8,2,
0.282608695652174,0.384615384615385,0.361111111111111,0.11353711790393,0.0989010989010989,0.0943396226415094,0.261437908496732,0.514285714285714,0.166666666666667,0.342857142857143,0.247368421052632,0.18705035971223,0.40251572327044,0.289473684210526,0.272727272727273,0.341463414634146,0.166666666666667,0.133333333333333,2,
0.456521739130435,0.461538461538462,0.444444444444444,0.327510917030568,0.241758241758242,0.0754716981132075,0.287581699346405,0.428571428571429,0.166666666666667,0.371428571428571,0.268421052631579,0.226618705035971,0.515723270440252,0.131578947368421,0.227272727272727,0.121951219512195,0.566666666666667,0.566666666666667,2,
0.739130434782609,0.769230769230769,0.875,0.510917030567686,0.208791208791209,0.169811320754717,0.633986928104575,0.171428571428571,0.583333333333333,0.642857142857143,0.484210526315789,0.562350119904077,0.647798742138365,0.0921052631578947,0,0.024390243902439,0.5,0.666666666666667,3,
0.456521739130435,0.192307692307692,0.611111111111111,0.235807860262009,0.0879120879120879,0.132075471698113,0.372549019607843,0.371428571428571,0.25,0.171428571428571,0.347368421052632,0.294964028776978,0.289308176100629,0.131578947368421,0.409090909090909,0.365853658536585,0.466666666666667,0.466666666666667,3,
0.58695652173913,0.692307692307692,0.958333333333333,0.554585152838428,0.252747252747253,0.169811320754717,0.705882352941177,0.114285714285714,0.666666666666667,0.642857142857143,0.568421052631579,0.645083932853717,0.610062893081761,0.184210526315789,0.5,0.463414634146341,0.433333333333333,0.566666666666667,3,
0.58695652173913,0.692307692307692,0.888888888888889,0.25764192139738,0.0549450549450549,0.150943396226415,0.61437908496732,0.171428571428571,0.5,0.657142857142857,0.457894736842105,0.535971223021583,0.528301886792453,0.131578947368421,0.227272727272727,0.51219512195122,0.4,0.5,3,
0.152173913043478,0.230769230769231,0.277777777777778,0.0786026200873362,0.0989010989010989,0.0754716981132075,0.176470588235294,0.657142857142857,0.0833333333333333,0.185714285714286,0.110526315789474,0.116306954436451,0.207547169811321,0.276315789473684,0,0.121951219512195,0.1,0.166666666666667,3,
0.326086956521739,0.0769230769230769,0.138888888888889,0.074235807860262,0.120879120879121,0.0566037735849057,0.0130718954248366,0.942857142857143,0,0.0571428571428571,0.0105263157894737,0.00959232613908873,0.182389937106918,0.197368421052632,0.954545454545455,0.0975609756097561,0.2,0.2,3,
0.630434782608696,0.807692307692308,0.847222222222222,0.375545851528384,0.120879120879121,0.150943396226415,0.718954248366013,0.114285714285714,0.666666666666667,0.757142857142857,0.494736842105263,0.652278177458034,0.591194968553459,0.157894736842105,0.590909090909091,0.146341463414634,0.433333333333333,0.566666666666667,3,
0.695652173913043,0.846153846153846,0.777777777777778,0.336244541484716,0.0989010989010989,0.132075471698113,0.699346405228758,0.114285714285714,0.666666666666667,0.814285714285714,0.531578947368421,0.634292565947242,0.672955974842767,0.197368421052632,0.181818181818182,0.121951219512195,0.366666666666667,0.433333333333333,3,
0.41304347826087,0.192307692307692,0.472222222222222,0.323144104803493,0.164835164835165,0.132075471698113,0.320261437908497,0.428571428571429,0.25,0.242857142857143,0.268421052631579,0.244604316546763,0.144654088050314,0.0526315789473684,0.318181818181818,0.707317073170732,0.7,0.833333333333333,3,
0.608695652173913,0.846153846153846,0.847222222222222,0.344978165938865,0.10989010989011,0.207547169811321,0.738562091503268,0.114285714285714,0.666666666666667,0.842857142857143,0.5,0.667865707434053,0.59748427672956,0.157894736842105,0.227272727272727,0.24390243902439,0.333333333333333,0.566666666666667,3,
0.282608695652174,0.307692307692308,0.361111111111111,0.109170305676856,0.0879120879120879,0.0943396226415094,0.150326797385621,0.685714285714286,0.0833333333333333,0.257142857142857,0.126315789473684,0.0983213429256595,0.352201257861635,0.197368421052632,0.136363636363636,0.0975609756097561,0.133333333333333,0.2,3,
0.326086956521739,0.192307692307692,0.513888888888889,0.22707423580786,0.0989010989010989,0.0943396226415094,0.333333333333333,0.428571428571429,0.25,0.157142857142857,0.284210526315789,0.252997601918465,0.19496855345912,0.105263157894737,0.0454545454545455,0.219512195121951,0.533333333333333,0.566666666666667,3,
0.239130434782609,0.192307692307692,0.277777777777778,0.104803493449782,0.0989010989010989,0.0566037735849057,0.130718954248366,0.685714285714286,0.0833333333333333,0.171428571428571,0.0947368421052632,0.092326139088729,0.20125786163522,0.210526315789474,0.363636363636364,0.0975609756097561,0.3,0.233333333333333,3,
0.304347826086957,0.423076923076923,0.805555555555556,0.467248908296943,0.252747252747253,0.150943396226415,0.503267973856209,0.257142857142857,0.416666666666667,0.328571428571429,0.442105263157895,0.420863309352518,0.433962264150943,0.157894736842105,0.0909090909090909,0.51219512195122,0.366666666666667,0.433333333333333,3,
0.630434782608696,0.730769230769231,0.805555555555556,0.528384279475983,0.263736263736264,0.150943396226415,0.666666666666667,0.142857142857143,0.583333333333333,0.657142857142857,0.515789473684211,0.597122302158273,0.566037735849057,0.157894736842105,0,0.390243902439024,0.366666666666667,0.5,3,
0.673913043478261,0.884615384615385,0.777777777777778,0.554585152838428,0.296703296703297,0.169811320754717,0.705882352941177,0.114285714285714,0.666666666666667,0.771428571428571,0.489473684210526,0.634292565947242,0.685534591194969,0.184210526315789,0.272727272727273,0.390243902439024,0.333333333333333,0.466666666666667,3,
0.58695652173913,0.961538461538462,0.958333333333333,0.550218340611354,0.252747252747253,0.169811320754717,0.745098039215686,0.114285714285714,0.666666666666667,0.914285714285714,0.547368421052632,0.6810551558753,0.616352201257862,0.171052631578947,0,0.317073170731707,0.366666666666667,0.566666666666667,3,
0.521739130434783,0.307692307692308,0.722222222222222,0.406113537117904,0.175824175824176,0.150943396226415,0.437908496732026,0.314285714285714,0.333333333333333,0.314285714285714,0.352631578947368,0.356115107913669,0.169811320754717,0.0526315789473684,0.181818181818182,0.0731707317073171,0.7,0.766666666666667,3,
0.760869565217391,0.846153846153846,0.902777777777778,0.550218340611354,0.230769230769231,0.169811320754717,0.69281045751634,0.114285714285714,0.583333333333333,0.757142857142857,0.515789473684211,0.629496402877698,0.635220125786163,0.131578947368421,0.636363636363636,0.0975609756097561,0.466666666666667,0.533333333333333,3,
0.260869565217391,0.115384615384615,0.444444444444444,0.100436681222707,0.0989010989010989,0.0943396226415094,0.0980392156862745,0.8,0.0833333333333333,0.1,0.0736842105263158,0.0587529976019185,0.0880503144654088,0.144736842105263,0.136363636363636,0.731707317073171,0.266666666666667,0.433333333333333,3,
0.543478260869565,0.461538461538462,0.5,0.270742358078603,0.142857142857143,0.0943396226415094,0.294117647058824,0.457142857142857,0.25,0.428571428571429,0.284210526315789,0.224220623501199,0.484276729559748,0.131578947368421,0.590909090909091,0.24390243902439,0.466666666666667,0.5,3,
