85,18,4,
0.521739130434783,0.461538461538462,0.666666666666667,0.301310043668122,0.21978021978022,0.150943396226415,0.294117647058824,0.485714285714286,0.25,0.557142857142857,0.226315789473684,0.217026378896883,0.30188679245283,0.105263157894737,0.363636363636364,0.292682926829268,0.533333333333333,0.633333333333333,0,
0.369565217391304,0.615384615384615,0.625,0.161572052401747,0.10989010989011,0.169811320754717,0.30718954248366,0.485714285714286,0.25,0.7,0.226315789473684,0.217026378896883,0.484276729559748,0.210526315789474,0.0454545454545455,0.268292682926829,0.2,0.366666666666667,0,
0.217391304347826,0.153846153846154,0.125,0.0349344978165939,0.0879120879120879,0.0566037735849057,0.065359477124183,0.828571428571429,0,0.142857142857143,0.0736842105263158,0.0419664268585132,0.232704402515723,0.342105263157895,0.363636363636364,0.390243902439024,0.133333333333333,0.1,0,
0.326086956521739,0.269230769230769,0.208333333333333,0.0436681222707424,0.0659340659340659,0.0943396226415094,0.130718954248366,0.771428571428571,0.0833333333333333,0.3,0.0631578947368421,0.0779376498800959,0.308176100628931,0.368421052631579,0,0.170731707317073,0,0.0666666666666667,0,
0.456521739130435,0.384615384615385,0.583333333333333,0.139737991266376,0.0769230769230769,0.150943396226415,0.281045751633987,0.485714285714286,0.166666666666667,0.442857142857143,0.242105263157895,0.209832134292566,0.327044025157233,0.197368421052632,0.0454545454545455,0.146341463414634,0.333333333333333,0.533333333333333,0,
0.282608695652174,0.230769230769231,0.305555555555556,0.109170305676856,0.131868131868132,0.0754716981132075,0.0261437908496732,0.885714285714286,0,0.242857142857143,0.0368421052631579,0.0227817745803357,0.226415094339623,0.0657894736842105,0.318181818181818,0.219512195121951,0.766666666666667,0.766666666666667,0,
0.391304347826087,0.384615384615385,0.666666666666667,0.231441048034935,0.153846153846154,0.132075471698113,0.241830065359477,0.542857142857143,0.166666666666667,0.557142857142857,0.184210526315789,0.170263788968825,0.19496855345912,0.0657894736842105,0.0454545454545455,0.634146341463415,0.7,0.866666666666667,0,
0.347826086956522,0.115384615384615,0.388888888888889,0.161572052401747,0.131868131868132,0.113207547169811,0.176470588235294,0.6,0.0833333333333333,0.171428571428571,0.189473684210526,0.128297362110312,0.113207547169811,0.184210526315789,0.318181818181818,0.024390243902439,0.433333333333333,0.5,0,
0.434782608695652,0.307692307692308,0.486111111111111,0.0873362445414847,0.043956043956044,0.0943396226415094,0.183006535947712,0.657142857142857,0.0833333333333333,0.328571428571429,0.178947368421053,0.119904076738609,0.251572327044025,0.236842105263158,0.227272727272727,0.365853658536585,0.266666666666667,0.133333333333333,0,
0.347826086956522,0.346153846153846,0.680555555555556,0.187772925764192,0.153846153846154,0.169811320754717,0.254901960784314,0.514285714285714,0.166666666666667,0.385714285714286,0.210526315789474,0.184652278177458,0.339622641509434,0.171052631578947,0.5,0.560975609756098,0.366666666666667,0.6,0,
0.58695652173913,0.5,0.625,0.262008733624454,0.186813186813187,0.169811320754717,0.333333333333333,0.457142857142857,0.25,0.642857142857143,0.242105263157895,0.243405275779377,0.383647798742138,0.157894736842105,0.818181818181818,0,0.433333333333333,0.5,0,
0.260869565217391,0.230769230769231,0.388888888888889,0.0655021834061135,0.0549450549450549,0.0566037735849057,0.104575163398693,0.771428571428571,0.0833333333333333,0.242857142857143,0.0947368421052632,0.0683453237410072,0.207547169811321,0.210526315789474,0.363636363636364,0.195121951219512,0.2,0.2,0,
0.347826086956522,0.0769230769230769,0.416666666666667,0.148471615720524,0.120879120879121,0.0943396226415094,0.0915032679738562,0.771428571428571,0,0.142857142857143,0.0894736842105263,0.0635491606714628,0.0188679245283019,0.0657894736842105,0.181818181818182,0.463414634146341,0.766666666666667,0.866666666666667,0,
0.282608695652174,0.423076923076923,0.527777777777778,0.262008733624454,0.230769230769231,0.132075471698113,0.196078431372549,0.571428571428571,0.0833333333333333,0.414285714285714,0.2,0.145083932853717,0.389937106918239,0.144736842105263,0.0454545454545455,0.268292682926829,0.466666666666667,0.666666666666667,0,
0.434782608695652,0.307692307692308,0.583333333333333,0.240174672489083,0.175824175824176,0.132075471698113,0.209150326797386,0.571428571428571,0.166666666666667,0.357142857142857,0.157894736842105,0.149880095923261,0.113207547169811,0.0526315789473684,0.272727272727273,0.24390243902439,0.766666666666667,0.866666666666667,0,
0.521739130434783,0.307692307692308,0.305555555555556,0.126637554585153,0.0989010989010989,0.0943396226415094,0.117647058823529,0.742857142857143,0.0833333333333333,0.357142857142857,0.147368421052632,0.0755395683453237,0.30188679245283,0.25,0.227272727272727,0.170731707317073,0.266666666666667,0.166666666666667,0,
0.391304347826087,0.5,0.527777777777778,0.192139737991266,0.153846153846154,0.132075471698113,0.228758169934641,0.542857142857143,0.166666666666667,0.485714285714286,0.2,0.166666666666667,0.566037735849057,0.144736842105263,0.590909090909091,0.268292682926829,0.433333333333333,0.633333333333333,0,
0.456521739130435,0.153846153846154,0.444444444444444,0.183406113537118,0.142857142857143,0.132075471698113,0.137254901960784,0.685714285714286,0.0833333333333333,0.242857142857143,0.163157894736842,0.0935251798561151,0.119496855345912,0.131578947368421,0.0909090909090909,0.170731707317073,0.533333333333333,0.466666666666667,0,
0.456521739130435,0.538461538461538,0.625,1,1,0.886792452830189,0.281045751633987,0.485714285714286,0.166666666666667,0.528571428571429,1,0.203836930455636,0.490566037735849,1,0.545454545454545,0.219512195121951,0.4,0.5,0,
0.434782608695652,0.461538461538462,0.597222222222222,0.165938864628821,0.0989010989010989,0.150943396226415,0.294117647058824,0.485714285714286,0.25,0.528571428571429,0.263157894736842,0.215827338129496,0.49685534591195,0.210526315789474,0.0454545454545455,0.51219512195122,0.266666666666667,0.533333333333333,0,
0.434782608695652,0.230769230769231,0.638888888888889,0.331877729257642,0.131868131868132,0.132075471698113,0.359477124183007,0.371428571428571,0.25,0.228571428571429,0.294736842105263,0.280575539568345,0.125786163522013,0.0526315789473684,0.272727272727273,0.414634146341463,0.7,0.766666666666667,1,
0.782608695652174,0.769230769230769,0.875,0.462882096069869,0.175824175824176,0.169811320754717,0.699346405228758,0.114285714285714,0.666666666666667,0.771428571428571,0.521052631578947,0.627098321342926,0.647798742138365,0.157894736842105,0.272727272727273,0.0731707317073171,0.4,0.6,1,
0.391304347826087,0.115384615384615,0.597222222222222,0.253275109170306,0.153846153846154,0.113207547169811,0.196078431372549,0.6,0.166666666666667,0.142857142857143,0.173684210526316,0.136690647482014,0.176100628930818,0.0526315789473684,0,0.75609756097561,0.566666666666667,0.633333333333333,1,
0.673913043478261,0.615384615384615,0.902777777777778,0.458515283842795,0.153846153846154,0.169811320754717,0.620915032679739,0.171428571428571,0.583333333333333,0.557142857142857,0.457894736842105,0.543165467625899,0.371069182389937,0.0657894736842105,0,0.463414634146341,0.566666666666667,0.866666666666667,1,
0.347826086956522,0.115384615384615,0.402777777777778,0.253275109170306,0.175824175824176,0.0754716981132075,0.183006535947712,0.628571428571429,0.0833333333333333,0.185714285714286,0.178947368421053,0.128297362110312,0.106918238993711,0.0921052631578947,0.0454545454545455,0.926829268292683,0.566666666666667,0.766666666666667,1,
0.326086956521739,0.153846153846154,0.319444444444444,0.11353711790393,0.120879120879121,0.0566037735849057,0.0849673202614379,0.8,0.0833333333333333,0.171428571428571,0.0578947368421053,0.0551558752997602,0.226415094339623,0.197368421052632,0.636363636363636,0.48780487804878,0.266666666666667,0.233333333333333,1,
0.391304347826087,0.230769230769231,0.597222222222222,0.314410480349345,0.131868131868132,0.0943396226415094,0.372549019607843,0.371428571428571,0.25,0.2,0.315789473684211,0.290167865707434,0.207547169811321,0.105263157894737,0,0.585365853658537,0.533333333333333,0.6,1,
0.673913043478261,0.807692307692308,0.833333333333333,0.358078602620087,0.153846153846154,0.150943396226415,0.679738562091503,0.142857142857143,0.583333333333333,0.785714285714286,0.5,0.601918465227818,0.69811320754717,0.197368421052632,0.227272727272727,0.268292682926829,0.3,0.466666666666667,1,
0.630434782608696,0.576923076923077,0.902777777777778,0.480349344978166,0.186813186813187,0.150943396226415,0.581699346405229,0.2,0.5,0.485714285714286,0.442105263157895,0.498800959232614,0.433962264150943,0.0657894736842105,0,0.609756097560976,0.533333333333333,0.766666666666667,1,
0.695652173913043,0.692307692307692,0.944444444444444,0.423580786026201,0.164835164835165,0.169811320754717,0.705882352941177,0.114285714285714,0.666666666666667,0.642857142857143,0.536842105263158,0.63189448441247,0.584905660377358,0.171052631578947,0.545454545454545,0.390243902439024,0.433333333333333,0.633333333333333,1,
0.434782608695652,0.0384615384615385,0.444444444444444,0.174672489082969,0.0989010989010989,0.0754716981132075,0.137254901960784,0.685714285714286,0.0833333333333333,0.0714285714285714,0.147368421052632,0.0947242206235012,0.10062893081761,0.0526315789473684,0.227272727272727,0.48780487804878,0.8,0.833333333333333,1,
0.326086956521739,0.153846153846154,0.236111111111111,0.122270742358079,0.164835164835165,0.0754716981132075,0.150326797385621,0.685714285714286,0.0833333333333333,0.1,0.110526315789474,0.0971223021582734,0.220125786163522,0.315789473684211,0.727272727272727,0.390243902439024,0.133333333333333,0.1,1,
0.826086956521739,0.769230769230769,0.944444444444444,0.467248908296943,0.153846153846154,0.169811320754717,0.620915032679739,0.171428571428571,0.5,0.7,0.457894736842105,0.541966426858513,0.672955974842767,0.0657894736842105,0.954545454545455,0.0487804878048781,0.666666666666667,0.8,1,
0.304347826086957,0.192307692307692,0.430555555555556,0.0829694323144105,0.0659340659340659,0.113207547169811,0.163398692810458,0.657142857142857,0.0833333333333333,0.128571428571429,0.147368421052632,0.111510791366906,0.226415094339623,0.210526315789474,0,0.219512195121951,0.166666666666667,0.166666666666667,1,
0.760869565217391,0.807692307692308,0.902777777777778,0.432314410480349,0.164835164835165,0.169811320754717,0.588235294117647,0.2,0.5,0.657142857142857,0.452631578947368,0.508393285371703,0.792452830188679,0.118421052631579,0.545454545454545,0.0731707317073171,0.466666666666667,0.633333333333333,1,
0.217391304347826,0.153846153846154,0.194444444444444,0.117903930131004,0.153846153846154,0.0377358490566038,0.150326797385621,0.685714285714286,0.0833333333333333,0.128571428571429,0.115789473684211,0.10431654676259,0.20125786163522,0.342105263157895,0.136363636363636,0.146341463414634,0.133333333333333,0.0666666666666667,1,
0.608695652173913,0.884615384615385,0.847222222222222,0.554585152838428,0.274725274725275,0.150943396226415,0.686274509803922,0.142857142857143,0.583333333333333,0.757142857142857,0.536842105263158,0.616306954436451,0.672955974842767,0.171052631578947,0.0909090909090909,0.146341463414634,0.366666666666667,0.533333333333333,1,
0.478260869565217,0.153846153846154,0.430555555555556,0.292576419213974,0.153846153846154,0.132075471698113,0.294117647058824,0.485714285714286,0.25,0.228571428571429,0.252631578947368,0.217026378896883,0.10062893081761,0.0526315789473684,0.227272727272727,0.975609756097561,0.666666666666667,0.9,1,
0.195652173913043,0.115384615384615,0.194444444444444,0.0567685589519651,0.0659340659340659,0.0943396226415094,0.0849673202614379,0.8,0.0833333333333333,0.114285714285714,0.0842105263157895,0.0539568345323741,0.119496855345912,0.25,0.0454545454545455,0.121951219512195,0.133333333333333,0.1,1,
0.543478260869565,0.346153846153846,0.694444444444444,0.384279475982533,0.153846153846154,0.132075471698113,0.431372549019608,0.314285714285714,0.333333333333333,0.371428571428571,0.310526315789474,0.354916067146283,0.182389937106918,0.0263157894736842,0.136363636363636,0.195121951219512,0.766666666666667,0.9,1,
0.347826086956522,0.269230769230769,0.680555555555556,0.305676855895197,0.120879120879121,0.113207547169811,0.42483660130719,0.314285714285714,0.333333333333333,0.214285714285714,0.378947368421053,0.344124700239808,0.289308176100629,0.144736842105263,0.318181818181818,0.439024390243902,0.433333333333333,0.5,1,
0.673913043478261,0.846153846153846,0.930555555555556,0.51528384279476,0.230769230769231,0.169811320754717,0.69281045751634,0.142857142857143,0.583333333333333,0.785714285714286,0.536842105263158,0.622302158273381,0.754716981132076,0.157894736842105,0.136363636363636,0.24390243902439,0.4,0.6,1,
0.608695652173913,0.884615384615385,0.888888888888889,0.353711790393013,0.0659340659340659,0.0754716981132075,0.947712418300654,0,0.916666666666667,0.714285714285714,0.763157894736842,0.925659472422062,0.761006289308176,0.315789473684211,0.227272727272727,0.634146341463415,0.133333333333333,0.1,2,
0.739130434782609,0.923076923076923,0.916666666666667,0.327510917030568,0.043956043956044,0.113207547169811,0.947712418300654,0,0.916666666666667,0.771428571428571,0.763157894736842,0.92326139088729,0.773584905660377,0.315789473684211,0.0909090909090909,0.48780487804878,0.166666666666667,0.1,2,
0.217391304347826,0.5,0.388888888888889,0.152838427947598,0.131868131868132,0.0754716981132075,0.248366013071895,0.514285714285714,0.166666666666667,0.4,0.221052631578947,0.182254196642686,0.465408805031447,0.197368421052632,0.227272727272727,0.0731707317073171,0.3,0.333333333333333,2,
0.782608695652174,0.846153846153846,0.777777777777778,0.379912663755459,0.10989010989011,0.0754716981132075,0.843137254901961,0.0571428571428571,0.75,0.742857142857143,0.721052631578947,0.806954436450839,0.836477987421384,0.342105263157895,0.363636363636364,0.219512195121951,0.266666666666667,0.1,2,
0.282608695652174,0.461538461538462,0.430555555555556,0.2882096069869,0.252747252747253,0.0754716981132075,0.222222222222222,0.542857142857143,0.166666666666667,0.4,0.221052631578947,0.164268585131894,0.50314465408805,0.157894736842105,0.454545454545455,0.195121951219512,0.366666666666667,0.333333333333333,2,
0.804347826086957,0.961538461538462,0.916666666666667,0.331877729257642,0.043956043956044,0.0754716981132075,0.973856209150327,0,0.916666666666667,0.757142857142857,0.778947368421053,0.976019184652278,0.930817610062893,0.315789473684211,0.409090909090909,0.317073170731707,0.166666666666667,0.0333333333333333,2,
0.217391304347826,0.346153846153846,0.430555555555556,0.209606986899563,0.186813186813187,0.0943396226415094,0.241830065359477,0.542857142857143,0.166666666666667,0.342857142857143,0.221052631578947,0.176258992805755,0.308176100628931,0.197368421052632,0.0909090909090909,0.0487804878048781,0.266666666666667,0.3,2,
0.326086956521739,0.5,0.472222222222222,0.292576419213974,0.230769230769231,0.0754716981132075,0.261437908496732,0.485714285714286,0.166666666666667,0.428571428571429,0.263157894736842,0.197841726618705,0.522012578616352,0.157894736842105,0.227272727272727,0.268292682926829,0.433333333333333,0.466666666666667,2,
0.152173913043478,0.384615384615385,0.430555555555556,0.126637554585153,0.142857142857143,0.0943396226415094,0.248366013071895,0.542857142857143,0.166666666666667,0.4,0.210526315789474,0.175059952038369,0.421383647798742,0.289473684210526,0.272727272727273,0.365853658536585,0.133333333333333,0.1,2,
0.543478260869565,0.192307692307692,0.416666666666667,0.358078602620087,0.230769230769231,0.0754716981132075,0.339869281045752,0.371428571428571,0.25,0.257142857142857,0.310526315789474,0.274580335731415,0.125786163522013,0.157894736842105,0.136363636363636,0.414634146341463,0.8,0.733333333333333,2,
0.108695652173913,0.384615384615385,0.416666666666667,0.187772925764192,0.197802197802198,0.113207547169811,0.228758169934641,0.571428571428571,0.166666666666667,0.385714285714286,0.205263157894737,0.161870503597122,0.371069182389937,0.236842105263158,0.0454545454545455,0.292682926829268,0.166666666666667,0.166666666666667,2,
0.565217391304348,0.692307692307692,0.722222222222222,0.432314410480349,0.197802197802198,0.0566037735849057,0.633986928104575,0.142857142857143,0.583333333333333,0.585714285714286,0.536842105263158,0.583932853717026,0.660377358490566,0.25,0.227272727272727,0.268292682926829,0.5,0.266666666666667,2,
0.260869565217391,0.461538461538462,0.347222222222222,0.104803493449782,0.0989010989010989,0.113207547169811,0.254901960784314,0.542857142857143,0.166666666666667,0.385714285714286,0.210526315789474,0.177458033573141,0.484276729559748,0.289473684210526,0.0454545454545455,0.24390243902439,0.1,0.1,2,
0.5,0.423076923076923,0.388888888888889,0.375545851528384,0.252747252747253,0.0943396226415094,0.281045751633987,0.428571428571429,0.166666666666667,0.385714285714286,0.257894736842105,0.225419664268585,0.358490566037736,0.105263157894737,0.227272727272727,0.170731707317073,0.866666666666667,0.833333333333333,2,
0.391304347826087,0.346153846153846,0.361111111111111,0.283842794759825,0.208791208791209,0.0943396226415094,0.215686274509804,0.514285714285714,0.166666666666667,0.314285714285714,0.205263157894737,0.169064748201439,0.314465408805031,0.105263157894737,0.181818181818182,0,0.833333333333333,0.866666666666667,2,
0.543478260869565,0.192307692307692,0.444444444444444,0.384279475982533,0.241758241758242,0.0566037735849057,0.352941176470588,0.342857142857143,0.25,0.185714285714286,0.310526315789474,0.29136690647482,0.182389937106918,0.144736842105263,0.0454545454545455,0.0731707317073171,0.8,0.7,2,
0.326086956521739,0.230769230769231,0.416666666666667,0.270742358078603,0.208791208791209,0.0943396226415094,0.235294117647059,0.514285714285714,0.166666666666667,0.228571428571429,0.194736842105263,0.177458033573141,0.213836477987421,0.131578947368421,0.227272727272727,0.317073170731707,0.566666666666667,0.666666666666667,2,
0.630434782608696,0.692307692307692,0.722222222222222,0.393013100436681,0.142857142857143,0.0754716981132075,0.705882352941177,0.114285714285714,0.666666666666667,0.628571428571429,0.615789473684211,0.655875299760192,0.628930817610063,0.276315789473684,0.318181818181818,0.170731707317073,0.4,0.166666666666667,2,
0.543478260869565,0.615384615384615,0.611111111111111,0.502183406113537,0.296703296703297,0.0943396226415094,0.509803921568627,0.228571428571429,0.416666666666667,0.514285714285714,0.410526315789474,0.448441247002398,0.628930817610063,0.197368421052632,0.181818181818182,0.170731707317073,0.633333333333333,0.466666666666667,2,
0.152173913043478,0.461538461538462,0.430555555555556,0.104803493449782,0.0989010989010989,0.0943396226415094,0.254901960784314,0.542857142857143,0.166666666666667,0.414285714285714,0.215789473684211,0.183453237410072,0.421383647798742,0.263157894736842,0.136363636363636,0.390243902439024,0.166666666666667,0.2,2,
0.347826086956522,0.346153846153846,0.416666666666667,0.192139737991266,0.164835164835165,0.0943396226415094,0.228758169934641,0.542857142857143,0.166666666666667,0.357142857142857,0.242105263157895,0.166666666666667,0.276729559748428,0.223684210526316,0.0909090909090909,0.146341463414634,0.333333333333333,0.266666666666667,2,
0.260869565217391,0.461538461538462,0.416666666666667,0.11353711790393,0.120879120879121,0.113207547169811,0.254901960784314,0.542857142857143,0.166666666666667,0.4,0.215789473684211,0.179856115107914,0.490566037735849,0.263157894736842,0.0909090909090909,0.121951219512195,0.166666666666667,0.166666666666667,2,
0.521739130434783,0.576923076923077,0.75,0.410480349344978,0.175824175824176,0.132075471698113,0.450980392156863,0.285714285714286,0.333333333333333,0.528571428571429,0.368421052631579,0.371702637889688,0.50314465408805,0.0657894736842105,0.909090909090909,0.268292682926829,0.766666666666667,0.733333333333333,3,
0,0.153846153846154,0.180555555555556,0.0305676855895196,0.0769230769230769,0.0754716981132075,0.0915032679738562,0.828571428571429,0.0833333333333333,0.142857142857143,0.0263157894736842,0.0515587529976019,0.238993710691824,0.302631578947368,0.0454545454545455,0.365853658536585,0,0.1,3,
0.717391304347826,0.615384615384615,0.930555555555556,0.393013100436681,0.10989010989011,0.169811320754717,0.666666666666667,0.142857142857143,0.583333333333333,0.614285714285714,0.494736842105263,0.58273381294964,0.39622641509434,0.105263157894737,0,0.951219512195122,0.533333333333333,0.833333333333333,3,
0.608695652173913,0.769230769230769,0.875,0.432314410480349,0.175824175824176,0.132075471698113,0.542483660130719,0.228571428571429,0.416666666666667,0.628571428571429,0.421052631578947,0.464028776978417,0.635220125786163,0.118421052631579,0.227272727272727,0.121951219512195,0.5,0.566666666666667,3,
0.717391304347826,0.730769230769231,0.930555555555556,0.467248908296943,0.164835164835165,0.113207547169811,0.57516339869281,0.2,0.5,0.614285714285714,0.463157894736842,0.501199040767386,0.572327044025157,0.105263157894737,0.409090909090909,0.414634146341463,0.6,0.666666666666667,3,
0.478260869565217,0.346153846153846,0.777777777777778,0.406113537117904,0.197802197802198,0.132075471698113,0.431372549019608,0.314285714285714,0.333333333333333,0.328571428571429,0.363157894736842,0.347721822541966,0.251572327044025,0.105263157894737,0.0454545454545455,0.707317073170732,0.566666666666667,0.633333333333333,3,
0.630434782608696,0.807692307692308,0.833333333333333,0.25764192139738,0.0659340659340659,0.150943396226415,0.660130718954248,0.142857142857143,0.583333333333333,0.785714285714286,0.468421052631579,0.581534772182254,0.578616352201258,0.223684210526316,0.545454545454545,0.658536585365854,0.366666666666667,0.466666666666667,3,
0.652173913043478,0.807692307692308,0.708333333333333,0.327510917030568,0.10989010989011,0.169811320754717,0.705882352941177,0.142857142857143,0.666666666666667,0.742857142857143,0.473684210526316,0.627098321342926,0.559748427672956,0.171052631578947,0.0454545454545455,0.780487804878049,0.333333333333333,0.566666666666667,3,
0.152173913043478,0.153846153846154,0.236111111111111,0.0524017467248908,0.0879120879120879,0.0754716981132075,0.0849673202614379,0.8,0.0833333333333333,0.1,0.0631578947368421,0.0539568345323741,0.144654088050314,0.289473684210526,0.363636363636364,0.121951219512195,0.0666666666666667,0.1,3,
0.673913043478261,0.807692307692308,0.708333333333333,0.458515283842795,0.21978021978022,0.169811320754717,0.69281045751634,0.142857142857143,0.583333333333333,0.742857142857143,0.489473684210526,0.615107913669065,0.547169811320755,0.197368421052632,0.181818181818182,0.51219512195122,0.366666666666667,0.5,3,
0.478260869565217,0.384615384615385,0.777777777777778,0.427947598253275,0.197802197802198,0.150943396226415,0.503267973856209,0.257142857142857,0.416666666666667,0.357142857142857,0.457894736842105,0.419664268585132,0.358490566037736,0.157894736842105,0.272727272727273,0.658536585365854,0.466666666666667,0.533333333333333,3,
0.630434782608696,0.730769230769231,0.847222222222222,0.475982532751092,0.186813186813187,0.150943396226415,0.594771241830065,0.2,0.5,0.557142857142857,0.442105263157895,0.517985611510791,0.484276729559748,0.0789473684210526,0,0.463414634146341,0.566666666666667,0.733333333333333,3,
0.652173913043478,0.615384615384615,0.930555555555556,0.327510917030568,0.0769230769230769,0.188679245283019,0.627450980392157,0.171428571428571,0.583333333333333,0.585714285714286,0.442105263157895,0.551558752997602,0.465408805031447,0.0921052631578947,0.0454545454545455,0.292682926829268,0.5,0.633333333333333,3,
0.217391304347826,0.230769230769231,0.402777777777778,0.100436681222707,0.0769230769230769,0.0566037735849057,0.150326797385621,0.657142857142857,0.0833333333333333,0.185714285714286,0.131578947368421,0.107913669064748,0.333333333333333,0.131578947368421,0.727272727272727,0.146341463414634,0.366666666666667,0.3,3,
0.695652173913043,0.807692307692308,0.902777777777778,0.475982532751092,0.21978021978022,0.150943396226415,0.57516339869281,0.2,0.5,0.642857142857143,0.442105263157895,0.495203836930456,0.660377358490566,0.118421052631579,0.454545454545455,0.48780487804878,0.466666666666667,0.566666666666667,3,
0.0869565217391304,0.192307692307692,0.319444444444444,0.135371179039301,0.131868131868132,0.0566037735849057,0.117647058823529,0.742857142857143,0.0833333333333333,0.171428571428571,0.0789473684210526,0.0755395683453237,0.188679245283019,0.263157894736842,0.590909090909091,0.51219512195122,0.233333333333333,0.2,3,
0.521739130434783,1,0.944444444444444,0.537117903930131,0.252747252747253,0.169811320754717,0.73202614379085,0.114285714285714,0.666666666666667,0.971428571428571,0.5,0.657074340527578,0.685534591194969,0.144736842105263,0.454545454545455,0.609756097560976,0.333333333333333,0.566666666666667,3,
0.282608695652174,0.423076923076923,0.513888888888889,0.222707423580786,0.142857142857143,0.0943396226415094,0.261437908496732,0.514285714285714,0.166666666666667,0.328571428571429,0.231578947368421,0.193045563549161,0.327044025157233,0.171052631578947,0.409090909090909,0,0.366666666666667,0.366666666666667,3,
0.608695652173913,0.884615384615385,0.833333333333333,0.279475982532751,0.0879120879120879,0.169811320754717,0.666666666666667,0.142857142857143,0.583333333333333,0.814285714285714,0.468421052631579,0.595923261390887,0.723270440251572,0.197368421052632,0.0909090909090909,0.0731707317073171,0.3,0.366666666666667,3,
0.41304347826087,0.730769230769231,0.736111111111111,0.436681222707424,0.21978021978022,0.132075471698113,0.503267973856209,0.257142857142857,0.416666666666667,0.614285714285714,0.442105263157895,0.422062350119904,0.823899371069182,0.171052631578947,0.0909090909090909,0.121951219512195,0.4,0.466666666666667,3,
0.434782608695652,0.384615384615385,0.527777777777778,0.270742358078603,0.131868131868132,0.0943396226415094,0.254901960784314,0.514285714285714,0.166666666666667,0.328571428571429,0.273684210526316,0.189448441247002,0.408805031446541,0.118421052631579,0.681818181818182,0.0487804878048781,0.566666666666667,0.533333333333333,3,
