85,18,4,
0.5,0.5,0.666666666666667,0.305676855895197,0.230769230769231,0.150943396226415,0.281045751633987,0.485714285714286,0.166666666666667,0.428571428571429,0.226315789473684,0.203836930455636,0.459119496855346,0.131578947368421,0.636363636363636,0.365853658536585,0.6,0.7,0,
0.282608695652174,0.230769230769231,0.25,0.091703056768559,0.0879120879120879,0.0566037735849057,0.0326797385620915,0.885714285714286,0,0.228571428571429,0.0526315789473684,0.0239808153477218,0.245283018867925,0.131578947368421,0.318181818181818,0.146341463414634,0.466666666666667,0.433333333333333,0,
0.326086956521739,0.230769230769231,0.5,0.222707423580786,0.164835164835165,0.113207547169811,0.163398692810458,0.628571428571429,0.0833333333333333,0.271428571428571,0.136842105263158,0.116306954436451,0.0943396226415094,0.0526315789473684,0.136363636363636,0.146341463414634,0.833333333333333,0.933333333333333,0,
0.347826086956522,0.346153846153846,0.361111111111111,0.091703056768559,0.0659340659340659,0.0943396226415094,0.124183006535948,0.714285714285714,0.0833333333333333,0.371428571428571,0.168421052631579,0.0839328537170264,0.333333333333333,0.184210526315789,0.454545454545455,0.414634146341463,0.4,0.333333333333333,0,
0.5,0.230769230769231,0.333333333333333,0.0305676855895196,0.010989010989011,0.113207547169811,0.143790849673203,0.742857142857143,0.0833333333333333,0.328571428571429,0.157894736842105,0.0887290167865707,0.188679245283019,0.276315789473684,0.318181818181818,0.48780487804878,0.233333333333333,0.1,0,
0.434782608695652,0.346153846153846,0.333333333333333,0.235807860262009,0.230769230769231,0.132075471698113,0.143790849673203,0.657142857142857,0.0833333333333333,0.342857142857143,0.173684210526316,0.100719424460432,0.383647798742138,0.157894736842105,0.318181818181818,0.317073170731707,0.533333333333333,0.666666666666667,0,
0.217391304347826,0.153846153846154,0.305555555555556,0.0393013100436681,0.0659340659340659,0.0754716981132075,0.065359477124183,0.828571428571429,0,0.157142857142857,0.068421052631579,0.0407673860911271,0.163522012578616,0.263157894736842,0,0.170731707317073,0.166666666666667,0.133333333333333,0,
0.347826086956522,0.5,0.513888888888889,0.091703056768559,0.0549450549450549,0.150943396226415,0.287581699346405,0.514285714285714,0.25,0.6,0.215789473684211,0.200239808153477,0.427672955974843,0.25,0.318181818181818,0.414634146341463,0.233333333333333,0.333333333333333,0,
0.260869565217391,0.0769230769230769,0.0972222222222222,0.0262008733624454,0.0879120879120879,0.0188679245283019,0.0326797385620915,0.885714285714286,0,0.0571428571428571,0.0315789473684211,0.0227817745803357,0.188679245283019,0.394736842105263,0.227272727272727,0.219512195121951,0.133333333333333,0.1,0,
0.543478260869565,0.230769230769231,0.388888888888889,0.139737991266376,0.0989010989010989,0.113207547169811,0.124183006535948,0.742857142857143,0.0833333333333333,0.371428571428571,0.152631578947368,0.0803357314148681,0.157232704402516,0.171052631578947,0.181818181818182,0.24390243902439,0.333333333333333,0.2,0,
0.347826086956522,0.115384615384615,0.152777777777778,0.0218340611353712,0.0549450549450549,0.0754716981132075,0.0392156862745098,0.885714285714286,0,0.157142857142857,0.0368421052631579,0.026378896882494,0.10062893081761,0.276315789473684,0.0909090909090909,0.341463414634146,0.166666666666667,0.133333333333333,0,
0.347826086956522,0.461538461538462,0.569444444444444,0.620087336244541,0.604395604395604,0.773584905660377,0.281045751633987,0.514285714285714,0.25,0.6,0.368421052631579,0.195443645083933,0.427672955974843,0.407894736842105,0.409090909090909,0.414634146341463,0.233333333333333,0.366666666666667,0,
0.282608695652174,0.230769230769231,0.277777777777778,0.157205240174672,0.142857142857143,0.0943396226415094,0.0457516339869281,0.828571428571429,0,0.228571428571429,0.0526315789473684,0.0335731414868106,0.20125786163522,0.0263157894736842,0.318181818181818,0.195121951219512,0.8,0.866666666666667,0,
0.456521739130435,0.115384615384615,0.388888888888889,0.100436681222707,0.0769230769230769,0.0943396226415094,0.0980392156862745,0.742857142857143,0.0833333333333333,0.2,0.131578947368421,0.0695443645083933,0.0440251572327044,0.0921052631578947,0.0454545454545455,0.0487804878048781,0.633333333333333,0.5,0,
0.478260869565217,0.346153846153846,0.625,0.305676855895197,0.208791208791209,0.132075471698113,0.26797385620915,0.514285714285714,0.166666666666667,0.371428571428571,0.2,0.195443645083933,0.257861635220126,0.0789473684210526,0.5,0.121951219512195,0.666666666666667,0.766666666666667,0,
0.543478260869565,0.230769230769231,0.388888888888889,0.074235807860262,0.021978021978022,0.0943396226415094,0.143790849673203,0.714285714285714,0.0833333333333333,0.342857142857143,0.178947368421053,0.092326139088729,0.157232704402516,0.210526315789474,0.181818181818182,0.024390243902439,0.333333333333333,0.166666666666667,0,
0.282608695652174,0.192307692307692,0.5,0.170305676855895,0.131868131868132,0.113207547169811,0.196078431372549,0.6,0.0833333333333333,0.185714285714286,0.194736842105263,0.140287769784173,0.182389937106918,0.157894736842105,0.227272727272727,0.24390243902439,0.433333333333333,0.5,0,
0.217391304347826,0.269230769230769,0.263888888888889,0.0524017467248908,0.0659340659340659,0.0943396226415094,0.130718954248366,0.742857142857143,0.0833333333333333,0.271428571428571,0.0789473684210526,0.079136690647482,0.30188679245283,0.328947368421053,0.545454545454545,0.146341463414634,0.0333333333333333,0.0666666666666667,0,
0.456521739130435,0.615384615384615,0.652777777777778,0.240174672489083,0.186813186813187,0.150943396226415,0.294117647058824,0.485714285714286,0.25,0.571428571428571,0.257894736842105,0.21462829736211,0.591194968553459,0.210526315789474,0.181818181818182,0,0.233333333333333,0.433333333333333,0,
0.347826086956522,0.5,0.527777777777778,0.200873362445415,0.175824175824176,0.169811320754717,0.313725490196078,0.485714285714286,0.25,0.6,0.210526315789474,0.219424460431655,0.421383647798742,0.184210526315789,0.227272727272727,0.219512195121951,0.3,0.433333333333333,0,
0.391304347826087,0.269230769230769,0.597222222222222,0.270742358078603,0.142857142857143,0.113207547169811,0.313725490196078,0.428571428571429,0.25,0.214285714285714,0.310526315789474,0.238609112709832,0.289308176100629,0.171052631578947,0.227272727272727,0.170731707317073,0.333333333333333,0.333333333333333,1,
0.521739130434783,0.769230769230769,0.902777777777778,0.528384279475983,0.263736263736264,0.188679245283019,0.712418300653595,0.114285714285714,0.666666666666667,0.7,0.505263157894737,0.634292565947242,0.584905660377358,0.144736842105263,0.136363636363636,0.48780487804878,0.333333333333333,0.633333333333333,1,
0.260869565217391,0.0384615384615385,0.180555555555556,0.100436681222707,0.120879120879121,0.0754716981132075,0.0261437908496732,0.914285714285714,0,0.0428571428571429,0.0368421052631579,0.0155875299760192,0.113207547169811,0.144736842105263,0.136363636363636,0.48780487804878,0.3,0.266666666666667,1,
0.521739130434783,0.423076923076923,0.763888888888889,0.427947598253275,0.208791208791209,0.132075471698113,0.496732026143791,0.257142857142857,0.416666666666667,0.371428571428571,0.452631578947368,0.410071942446043,0.415094339622642,0.171052631578947,0.681818181818182,0.268292682926829,0.466666666666667,0.533333333333333,1,
0.369565217391304,0.153846153846154,0.555555555555556,0.292576419213974,0.120879120879121,0.132075471698113,0.294117647058824,0.457142857142857,0.25,0.2,0.221052631578947,0.226618705035971,0.0377358490566038,0.0131578947368421,0.136363636363636,0.439024390243902,0.833333333333333,0.933333333333333,1,
0.282608695652174,0.307692307692308,0.361111111111111,0.126637554585153,0.0989010989010989,0.0754716981132075,0.156862745098039,0.657142857142857,0.0833333333333333,0.257142857142857,0.131578947368421,0.107913669064748,0.333333333333333,0.197368421052632,0.227272727272727,0.341463414634146,0.233333333333333,0.266666666666667,1,
0.239130434782609,0.0769230769230769,0.180555555555556,0.0786026200873362,0.10989010989011,0.0377358490566038,0.0261437908496732,0.942857142857143,0,0.0714285714285714,0.0263157894736842,0.0143884892086331,0.119496855345912,0.223684210526316,0.454545454545455,0.658536585365854,0.233333333333333,0.3,1,
0.565217391304348,0.769230769230769,0.902777777777778,0.502183406113537,0.208791208791209,0.169811320754717,0.601307189542484,0.171428571428571,0.5,0.671428571428571,0.478947368421053,0.526378896882494,0.723270440251572,0.118421052631579,0,0.146341463414634,0.5,0.666666666666667,1,
0.369565217391304,0.115384615384615,0.236111111111111,0.11353711790393,0.10989010989011,0.0754716981132075,0.0588235294117647,0.857142857142857,0,0.128571428571429,0.0368421052631579,0.0383693045563549,0.144654088050314,0.118421052631579,1,0.560975609756098,0.466666666666667,0.466666666666667,1,
0.369565217391304,0.615384615384615,0.597222222222222,0.362445414847162,0.175824175824176,0.0943396226415094,0.418300653594771,0.314285714285714,0.333333333333333,0.514285714285714,0.394736842105263,0.339328537170264,0.710691823899371,0.144736842105263,0.0454545454545455,0.0487804878048781,0.433333333333333,0.466666666666667,1,
0.391304347826087,0.192307692307692,0.486111111111111,0.139737991266376,0.0659340659340659,0.0754716981132075,0.209150326797386,0.6,0.166666666666667,0.185714285714286,0.184210526315789,0.145083932853717,0.251572327044025,0.131578947368421,0.0454545454545455,0.170731707317073,0.333333333333333,0.333333333333333,1,
0.673913043478261,0.769230769230769,0.944444444444444,0.445414847161572,0.153846153846154,0.169811320754717,0.686274509803922,0.142857142857143,0.583333333333333,0.714285714285714,0.505263157894737,0.611510791366906,0.628930817610063,0.105263157894737,0,0.219512195121951,0.4,0.666666666666667,1,
0.5,0.307692307692308,0.402777777777778,0.213973799126638,0.0989010989010989,0.0943396226415094,0.189542483660131,0.6,0.0833333333333333,0.328571428571429,0.168421052631579,0.135491606714628,0.377358490566038,0.0263157894736842,0.5,0.195121951219512,0.866666666666667,0.933333333333333,1,
0.282608695652174,0.269230769230769,0.361111111111111,0.148471615720524,0.131868131868132,0.0377358490566038,0.163398692810458,0.657142857142857,0.0833333333333333,0.214285714285714,0.168421052631579,0.113908872901679,0.264150943396226,0.197368421052632,0.272727272727273,0.341463414634146,0.333333333333333,0.3,1,
0.130434782608696,0.192307692307692,0.208333333333333,0.0698689956331878,0.0879120879120879,0.0566037735849057,0.196078431372549,0.628571428571429,0.166666666666667,0.142857142857143,0.121052631578947,0.133093525179856,0.226415094339623,0.289473684210526,0.181818181818182,0.0487804878048781,0.133333333333333,0.0666666666666667,1,
0.260869565217391,0.192307692307692,0.486111111111111,0.122270742358079,0.0769230769230769,0.0943396226415094,0.228758169934641,0.571428571428571,0.166666666666667,0.185714285714286,0.215789473684211,0.160671462829736,0.226415094339623,0.210526315789474,0.318181818181818,0.609756097560976,0.233333333333333,0.233333333333333,1,
0.58695652173913,0.5,0.888888888888889,0.349344978165939,0.142857142857143,0.132075471698113,0.555555555555556,0.228571428571429,0.5,0.414285714285714,0.484210526315789,0.47242206235012,0.559748427672956,0.184210526315789,0.590909090909091,0.317073170731707,0.433333333333333,0.533333333333333,1,
0.369565217391304,0.230769230769231,0.680555555555556,0.336244541484716,0.164835164835165,0.113207547169811,0.411764705882353,0.342857142857143,0.333333333333333,0.2,0.368421052631579,0.328537170263789,0.283018867924528,0.144736842105263,0.5,0.365853658536585,0.433333333333333,0.466666666666667,1,
0.347826086956522,0.0769230769230769,0.166666666666667,0.074235807860262,0.10989010989011,0.0377358490566038,0.065359477124183,0.828571428571429,0,0.1,0.0473684210526316,0.0431654676258993,0.119496855345912,0.302631578947368,0.227272727272727,0.317073170731707,0.166666666666667,0.1,1,
0.760869565217391,0.769230769230769,0.875,0.427947598253275,0.186813186813187,0.150943396226415,0.705882352941177,0.114285714285714,0.666666666666667,0.714285714285714,0.494736842105263,0.63189448441247,0.660377358490566,0.184210526315789,0.5,0.24390243902439,0.4,0.6,1,
0.41304347826087,0.192307692307692,0.430555555555556,0.305676855895197,0.208791208791209,0.0943396226415094,0.274509803921569,0.485714285714286,0.166666666666667,0.214285714285714,0.268421052631579,0.205035971223022,0.132075471698113,0.144736842105263,0.181818181818182,0.585365853658537,0.433333333333333,0.466666666666667,1,
0.260869565217391,0.269230769230769,0.486111111111111,0.14410480349345,0.0989010989010989,0.0943396226415094,0.261437908496732,0.514285714285714,0.166666666666667,0.228571428571429,0.226315789473684,0.185851318944844,0.320754716981132,0.223684210526316,0.318181818181818,0.390243902439024,0.2,0.2,1,
0.326086956521739,0.269230769230769,0.527777777777778,0.358078602620087,0.285714285714286,0.0754716981132075,0.300653594771242,0.428571428571429,0.25,0.228571428571429,0.289473684210526,0.233812949640288,0.245283018867925,0.184210526315789,0.0454545454545455,0.268292682926829,0.566666666666667,0.533333333333333,2,
0.760869565217391,0.884615384615385,0.861111111111111,0.620087336244541,0.307692307692308,0.0754716981132075,0.830065359477124,0.0571428571428571,0.75,0.7,0.705263157894737,0.804556354916067,0.748427672955975,0.302631578947368,0.409090909090909,0.317073170731707,0.333333333333333,0.133333333333333,2,
0.58695652173913,0.115384615384615,0.458333333333333,0.414847161572052,0.285714285714286,0.0754716981132075,0.326797385620915,0.4,0.25,0.128571428571429,0.310526315789474,0.260191846522782,0.10062893081761,0.171052631578947,0.272727272727273,0.463414634146341,0.8,0.766666666666667,2,
0.608695652173913,0.807692307692308,0.916666666666667,0.366812227074236,0.10989010989011,0.0943396226415094,0.810457516339869,0.0571428571428571,0.75,0.657142857142857,0.663157894736842,0.778177458033573,0.905660377358491,0.289473684210526,0.272727272727273,0.341463414634146,0.3,0.133333333333333,2,
0.195652173913043,0.423076923076923,0.444444444444444,0.200873362445415,0.186813186813187,0.0943396226415094,0.274509803921569,0.514285714285714,0.166666666666667,0.371428571428571,0.268421052631579,0.199040767386091,0.427672955974843,0.276315789473684,0,0.390243902439024,0.233333333333333,0.2,2,
0.804347826086957,0.884615384615385,0.958333333333333,0.414847161572052,0.10989010989011,0.0566037735849057,0.908496732026144,0.0285714285714286,0.833333333333333,0.728571428571429,0.747368421052632,0.892086330935252,1,0.302631578947368,0.5,0.24390243902439,0.233333333333333,0.0666666666666667,2,
0.5,0.615384615384615,0.805555555555556,0.362445414847162,0.131868131868132,0.0754716981132075,0.660130718954248,0.142857142857143,0.583333333333333,0.485714285714286,0.515789473684211,0.594724220623501,0.635220125786163,0.236842105263158,0.363636363636364,0.682926829268293,0.4,0.266666666666667,2,
0.347826086956522,0.423076923076923,0.444444444444444,0.244541484716157,0.208791208791209,0.0943396226415094,0.209150326797386,0.571428571428571,0.166666666666667,0.414285714285714,0.189473684210526,0.15347721822542,0.377358490566038,0.131578947368421,0.5,0.024390243902439,0.5,0.566666666666667,2,
0.282608695652174,0.461538461538462,0.430555555555556,0.222707423580786,0.208791208791209,0.0943396226415094,0.222222222222222,0.542857142857143,0.166666666666667,0.371428571428571,0.194736842105263,0.165467625899281,0.421383647798742,0.171052631578947,0.227272727272727,0.146341463414634,0.433333333333333,0.5,2,
0.130434782608696,0.384615384615385,0.444444444444444,0.161572052401747,0.164835164835165,0.113207547169811,0.26797385620915,0.514285714285714,0.166666666666667,0.371428571428571,0.236842105263158,0.191846522781775,0.408805031446541,0.25,0,0.195121951219512,0.2,0.233333333333333,2,
0.260869565217391,0.384615384615385,0.361111111111111,0.0698689956331878,0.0769230769230769,0.0566037735849057,0.235294117647059,0.571428571428571,0.166666666666667,0.385714285714286,0.2,0.163069544364508,0.408805031446541,0.368421052631579,0.363636363636364,0.0487804878048781,0.1,0,2,
0.58695652173913,0.538461538461538,0.416666666666667,0.353711790393013,0.252747252747253,0.0943396226415094,0.326797385620915,0.4,0.25,0.5,0.257894736842105,0.266187050359712,0.39622641509434,0.118421052631579,0.409090909090909,0.146341463414634,0.8,0.8,2,
0.260869565217391,0.346153846153846,0.361111111111111,0.0786026200873362,0.0769230769230769,0.0754716981132075,0.235294117647059,0.571428571428571,0.166666666666667,0.328571428571429,0.221052631578947,0.15947242206235,0.408805031446541,0.381578947368421,0.272727272727273,0.341463414634146,0.133333333333333,0.0333333333333333,2,
0.826086956521739,0.961538461538462,0.902777777777778,0.344978165938865,0.043956043956044,0.0754716981132075,1,0,1,0.8,0.815789473684211,1,0.918238993710692,0.342105263157895,0.181818181818182,0.195121951219512,0.166666666666667,0.0666666666666667,2,
0.173913043478261,0.461538461538462,0.388888888888889,0.283842794759825,0.285714285714286,0.0754716981132075,0.254901960784314,0.514285714285714,0.166666666666667,0.4,0.226315789473684,0.182254196642686,0.484276729559748,0.210526315789474,0.318181818181818,0,0.233333333333333,0.266666666666667,2,
0.260869565217391,0.384615384615385,0.361111111111111,0.0829694323144105,0.0879120879120879,0.0943396226415094,0.248366013071895,0.542857142857143,0.166666666666667,0.4,0.221052631578947,0.170263788968825,0.40251572327044,0.315789473684211,0.181818181818182,0.365853658536585,0.133333333333333,0.0666666666666667,2,
0.217391304347826,0.423076923076923,0.388888888888889,0.174672489082969,0.153846153846154,0.113207547169811,0.228758169934641,0.542857142857143,0.166666666666667,0.357142857142857,0.210526315789474,0.169064748201439,0.446540880503145,0.197368421052632,0.0454545454545455,0.024390243902439,0.3,0.333333333333333,2,
0.260869565217391,0.307692307692308,0.361111111111111,0.222707423580786,0.197802197802198,0.377358490566038,0.241830065359477,0.542857142857143,0.166666666666667,0.3,0.226315789473684,0.175059952038369,0.289308176100629,0.210526315789474,0.272727272727273,0.390243902439024,0.266666666666667,0.333333333333333,2,
0.543478260869565,0.269230769230769,0.513888888888889,0.292576419213974,0.153846153846154,0.0754716981132075,0.392156862745098,0.314285714285714,0.333333333333333,0.3,0.352631578947368,0.327338129496403,0.20125786163522,0.171052631578947,0.181818181818182,0.414634146341463,0.766666666666667,0.666666666666667,2,
0.173913043478261,0.5,0.430555555555556,0.11353711790393,0.0989010989010989,0.0943396226415094,0.26797385620915,0.514285714285714,0.166666666666667,0.442857142857143,0.221052631578947,0.189448441247002,0.515723270440252,0.289473684210526,0.136363636363636,0.341463414634146,0.133333333333333,0.166666666666667,2,
0.152173913043478,0.423076923076923,0.388888888888889,0.135371179039301,0.131868131868132,0.113207547169811,0.248366013071895,0.542857142857143,0.166666666666667,0.385714285714286,0.210526315789474,0.173860911270983,0.40251572327044,0.276315789473684,0.318181818181818,0.292682926829268,0.133333333333333,0.133333333333333,2,
0.304347826086957,0.461538461538462,0.513888888888889,0.213973799126638,0.131868131868132,0.0943396226415094,0.274509803921569,0.514285714285714,0.166666666666667,0.385714285714286,0.268421052631579,0.199040767386091,0.39622641509434,0.210526315789474,0.681818181818182,0.341463414634146,0.266666666666667,0.266666666666667,3,
0.434782608695652,0.0769230769230769,0.527777777777778,0.253275109170306,0.142857142857143,0.113207547169811,0.248366013071895,0.542857142857143,0.166666666666667,0.1,0.221052631578947,0.176258992805755,0.176100628930818,0.105263157894737,0.0909090909090909,0.804878048780488,0.5,0.566666666666667,3,
0.58695652173913,0.461538461538462,0.833333333333333,0.458515283842795,0.197802197802198,0.113207547169811,0.581699346405229,0.171428571428571,0.5,0.414285714285714,0.531578947368421,0.511990407673861,0.50314465408805,0.171052631578947,0.227272727272727,0.121951219512195,0.433333333333333,0.466666666666667,3,
0.521739130434783,0.153846153846154,0.5,0.283842794759825,0.142857142857143,0.113207547169811,0.320261437908497,0.428571428571429,0.25,0.185714285714286,0.310526315789474,0.248201438848921,0.169811320754717,0.171052631578947,0,0,0.4,0.366666666666667,3,
0.260869565217391,0.153846153846154,0.555555555555556,0.235807860262009,0.131868131868132,0.113207547169811,0.26797385620915,0.514285714285714,0.166666666666667,0.114285714285714,0.257894736842105,0.196642685851319,0.169811320754717,0.131578947368421,0.272727272727273,0.51219512195122,0.5,0.533333333333333,3,
0.608695652173913,0.730769230769231,0.902777777777778,0.253275109170306,0.0659340659340659,0.150943396226415,0.65359477124183,0.142857142857143,0.583333333333333,0.642857142857143,0.505263157894737,0.581534772182254,0.59748427672956,0.197368421052632,0.545454545454545,0.268292682926829,0.333333333333333,0.433333333333333,3,
0.347826086956522,0.307692307692308,0.486111111111111,0.170305676855895,0.0989010989010989,0.0943396226415094,0.222222222222222,0.571428571428571,0.166666666666667,0.271428571428571,0.210526315789474,0.15947242206235,0.29559748427673,0.223684210526316,0.818181818181818,0.121951219512195,0.266666666666667,0.233333333333333,3,
0.739130434782609,0.730769230769231,0.847222222222222,0.497816593886463,0.186813186813187,0.169811320754717,0.588235294117647,0.2,0.5,0.657142857142857,0.468421052631579,0.510791366906475,0.522012578616352,0.0789473684210526,0.772727272727273,0.0487804878048781,0.7,0.833333333333333,3,
0.260869565217391,0.115384615384615,0.527777777777778,0.196506550218341,0.0879120879120879,0.0943396226415094,0.228758169934641,0.542857142857143,0.166666666666667,0.142857142857143,0.2,0.164268585131894,0.157232704402516,0.0657894736842105,0.454545454545455,0.585365853658537,0.7,0.733333333333333,3,
0.195652173913043,0.192307692307692,0.180555555555556,0.091703056768559,0.131868131868132,0.0566037735849057,0.137254901960784,0.714285714285714,0.0833333333333333,0.142857142857143,0.115789473684211,0.0899280575539568,0.232704402515723,0.368421052631579,0,0,0.0333333333333333,0.0666666666666667,3,
0.326086956521739,0.230769230769231,0.666666666666667,0.393013100436681,0.241758241758242,0.113207547169811,0.366013071895425,0.4,0.25,0.214285714285714,0.363157894736842,0.278177458033573,0.264150943396226,0.197368421052632,0.136363636363636,0.536585365853659,0.333333333333333,0.366666666666667,3,
0.5,0.538461538461538,0.875,0.48471615720524,0.241758241758242,0.150943396226415,0.57516339869281,0.2,0.5,0.414285714285714,0.473684210526316,0.496402877697842,0.572327044025157,0.184210526315789,0.272727272727273,0.146341463414634,0.366666666666667,0.433333333333333,3,
0.282608695652174,0.115384615384615,0.361111111111111,0.104803493449782,0.10989010989011,0.113207547169811,0.124183006535948,0.742857142857143,0.0833333333333333,0.128571428571429,0.0947368421052632,0.0815347721822542,0.188679245283019,0.223684210526316,0.227272727272727,0.658536585365854,0.233333333333333,0.2,3,
0.391304347826087,0.307692307692308,0.736111111111111,0.406113537117904,0.197802197802198,0.132075471698113,0.464052287581699,0.285714285714286,0.333333333333333,0.271428571428571,0.378947368421053,0.383693045563549,0.276729559748428,0.0921052631578947,0.5,0.585365853658537,0.566666666666667,0.633333333333333,3,
0.347826086956522,0.346153846153846,0.486111111111111,0.157205240174672,0.0879120879120879,0.0754716981132075,0.215686274509804,0.571428571428571,0.166666666666667,0.3,0.210526315789474,0.15347721822542,0.358490566037736,0.157894736842105,0.681818181818182,0.634146341463415,0.5,0.566666666666667,3,
0.434782608695652,0.538461538461538,0.597222222222222,0.266375545851528,0.142857142857143,0.0943396226415094,0.359477124183007,0.4,0.25,0.414285714285714,0.352631578947368,0.279376498800959,0.578616352201258,0.184210526315789,0.545454545454545,0.0975609756097561,0.366666666666667,0.366666666666667,3,
0.630434782608696,0.807692307692308,0.805555555555556,0.318777292576419,0.0989010989010989,0.150943396226415,0.699346405228758,0.142857142857143,0.666666666666667,0.757142857142857,0.468421052631579,0.62589928057554,0.716981132075472,0.171052631578947,0.227272727272727,0.414634146341463,0.333333333333333,0.5,3,
0.521739130434783,0.576923076923077,0.902777777777778,0.471615720524017,0.186813186813187,0.169811320754717,0.581699346405229,0.2,0.5,0.528571428571429,0.431578947368421,0.501199040767386,0.333333333333333,0.0657894736842105,0.0909090909090909,0.170731707317073,0.566666666666667,0.7,3,
0.652173913043478,0.846153846153846,0.833333333333333,0.393013100436681,0.164835164835165,0.169811320754717,0.65359477124183,0.142857142857143,0.583333333333333,0.814285714285714,0.457894736842105,0.577937649880096,0.691823899371069,0.184210526315789,0.454545454545455,0.341463414634146,0.366666666666667,0.433333333333333,3,
0.304347826086957,0.192307692307692,0.625,0.318777292576419,0.153846153846154,0.113207547169811,0.339869281045752,0.4,0.25,0.157142857142857,0.294736842105263,0.261390887290168,0.132075471698113,0.0526315789473684,0.0454545454545455,0.609756097560976,0.733333333333333,0.8,3,
0.739130434782609,0.461538461538462,0.722222222222222,0.406113537117904,0.164835164835165,0.150943396226415,0.496732026143791,0.257142857142857,0.416666666666667,0.428571428571429,0.378947368421053,0.410071942446043,0.314465408805031,0.0657894736842105,0.545454545454545,0.48780487804878,0.633333333333333,0.733333333333333,3,
0.282608695652174,0.269230769230769,0.486111111111111,0.183406113537118,0.164835164835165,0.0754716981132075,0.183006535947712,0.628571428571429,0.0833333333333333,0.242857142857143,0.147368421052632,0.127098321342926,0.333333333333333,0.171052631578947,0.136363636363636,0.51219512195122,0.233333333333333,0.3,3,
