84,18,4,
0.369565217391304,0.423076923076923,0.402777777777778,0.209606986899563,0.186813186813187,0.0943396226415094,0.150326797385621,0.657142857142857,0.0833333333333333,0.385714285714286,0.184210526315789,0.105515587529976,0.333333333333333,0.210526315789474,0.136363636363636,0.0487804878048781,0.366666666666667,0.333333333333333,0,
0.282608695652174,0.269230769230769,0.361111111111111,0.152838427947598,0.131868131868132,0.0943396226415094,0.065359477124183,0.8,0,0.3,0.0789473684210526,0.0491606714628297,0.213836477987421,0.0526315789473684,0.318181818181818,0.268292682926829,0.866666666666667,0.9,0,
0.478260869565217,0.5,0.722222222222222,0.240174672489083,0.175824175824176,0.169811320754717,0.313725490196078,0.457142857142857,0.25,0.557142857142857,0.242105263157895,0.225419664268585,0.389937106918239,0.144736842105263,0.318181818181818,0.51219512195122,0.433333333333333,0.633333333333333,0,
0.478260869565217,0.384615384615385,0.5,0.165938864628821,0.10989010989011,0.150943396226415,0.254901960784314,0.514285714285714,0.166666666666667,0.442857142857143,0.226315789473684,0.185851318944844,0.314465408805031,0.157894736842105,0.0909090909090909,0.560975609756098,0.366666666666667,0.633333333333333,0,
0.282608695652174,0.0769230769230769,0.0555555555555556,0.0262008733624454,0.0769230769230769,0,0.0457516339869281,0.885714285714286,0,0.0428571428571429,0.0473684210526316,0.0287769784172662,0.176100628930818,0.407894736842105,0.272727272727273,0.024390243902439,0.133333333333333,0.0666666666666667,0,
0.434782608695652,0.576923076923077,0.611111111111111,0.200873362445415,0.175824175824176,0.169811320754717,0.287581699346405,0.514285714285714,0.25,0.671428571428571,0.215789473684211,0.203836930455636,0.49685534591195,0.184210526315789,0.363636363636364,0.365853658536585,0.3,0.466666666666667,0,
0.456521739130435,0.461538461538462,0.569444444444444,0.270742358078603,0.21978021978022,0.132075471698113,0.215686274509804,0.571428571428571,0.166666666666667,0.414285714285714,0.178947368421053,0.154676258992806,0.440251572327044,0.0921052631578947,0.5,0.341463414634146,0.6,0.7,0,
0.369565217391304,0.5,0.458333333333333,0.14410480349345,0.120879120879121,0.169811320754717,0.320261437908497,0.485714285714286,0.25,0.571428571428571,0.210526315789474,0.226618705035971,0.484276729559748,0.223684210526316,0,0.219512195121951,0.2,0.4,0,
0.456521739130435,0.461538461538462,0.625,0.25764192139738,0.230769230769231,0.150943396226415,0.294117647058824,0.514285714285714,0.25,0.542857142857143,0.210526315789474,0.207434052757794,0.421383647798742,0.184210526315789,0.772727272727273,0.268292682926829,0.366666666666667,0.466666666666667,0,
0.391304347826087,0.153846153846154,0.5,0.148471615720524,0.0879120879120879,0.113207547169811,0.130718954248366,0.714285714285714,0.0833333333333333,0.242857142857143,0.142105263157895,0.0863309352517986,0.0943396226415094,0.131578947368421,0,0.292682926829268,0.5,0.366666666666667,0,
0.391304347826087,0.346153846153846,0.555555555555556,0.253275109170306,0.208791208791209,0.113207547169811,0.235294117647059,0.514285714285714,0.166666666666667,0.385714285714286,0.215789473684211,0.176258992805755,0.238993710691824,0.144736842105263,0.136363636363636,0.121951219512195,0.433333333333333,0.6,0,
0.456521739130435,0.615384615384615,0.652777777777778,0.14410480349345,0.0769230769230769,0.169811320754717,0.300653594771242,0.485714285714286,0.25,0.628571428571429,0.252631578947368,0.218225419664269,0.484276729559748,0.210526315789474,0.227272727272727,0.121951219512195,0.233333333333333,0.433333333333333,0,
0.326086956521739,0.153846153846154,0.152777777777778,0.00436681222707424,0.0549450549450549,0.0566037735849057,0.0457516339869281,0.885714285714286,0,0.142857142857143,0.0263157894736842,0.0275779376498801,0.10062893081761,0.355263157894737,0.363636363636364,0.390243902439024,0.1,0.0666666666666667,0,
0.369565217391304,0.576923076923077,0.527777777777778,0.165938864628821,0.131868131868132,0.169811320754717,0.313725490196078,0.485714285714286,0.25,0.6,0.226315789473684,0.223021582733813,0.477987421383648,0.223684210526316,0.454545454545455,0.268292682926829,0.233333333333333,0.366666666666667,0,
0.369565217391304,0.384615384615385,0.361111111111111,0.231441048034935,0.197802197802198,0.132075471698113,0.163398692810458,0.628571428571429,0.0833333333333333,0.4,0.168421052631579,0.116306954436451,0.345911949685535,0.105263157894737,0.136363636363636,0.0731707317073171,0.566666666666667,0.7,0,
0.434782608695652,0.230769230769231,0.527777777777778,0.262008733624454,0.208791208791209,0.113207547169811,0.176470588235294,0.628571428571429,0.0833333333333333,0.314285714285714,0.142105263157895,0.127098321342926,0.106918238993711,0.0657894736842105,0.181818181818182,0.170731707317073,0.833333333333333,0.9,0,
0.434782608695652,0.153846153846154,0.416666666666667,0.0960698689956332,0.0549450549450549,0.132075471698113,0.0980392156862745,0.771428571428571,0.0833333333333333,0.271428571428571,0.136842105263158,0.0647482014388489,0.0628930817610063,0.157894736842105,0.0909090909090909,0.317073170731707,0.5,0.3,0,
0.5,0.5,0.666666666666667,0.244541484716157,0.186813186813187,0.132075471698113,0.254901960784314,0.514285714285714,0.166666666666667,0.428571428571429,0.226315789473684,0.185851318944844,0.459119496855346,0.144736842105263,0.681818181818182,0.268292682926829,0.533333333333333,0.6,0,
0.434782608695652,0.423076923076923,0.694444444444444,0.270742358078603,0.197802197802198,0.150943396226415,0.26797385620915,0.514285714285714,0.166666666666667,0.542857142857143,0.210526315789474,0.196642685851319,0.213836477987421,0.0921052631578947,0.409090909090909,0.414634146341463,0.6,0.733333333333333,0,
0.369565217391304,0.5,0.555555555555556,0.170305676855895,0.164835164835165,0.169811320754717,0.30718954248366,0.485714285714286,0.25,0.542857142857143,0.205263157894737,0.218225419664269,0.484276729559748,0.197368421052632,0.772727272727273,0.170731707317073,0.3,0.4,0,
0.630434782608696,0.846153846153846,0.847222222222222,0.475982532751092,0.21978021978022,0.188679245283019,0.718954248366013,0.114285714285714,0.666666666666667,0.842857142857143,0.505263157894737,0.641486810551559,0.654088050314465,0.157894736842105,0.0909090909090909,0.51219512195122,0.366666666666667,0.6,1,
0.826086956521739,0.653846153846154,0.875,0.414847161572052,0.142857142857143,0.169811320754717,0.647058823529412,0.142857142857143,0.583333333333333,0.542857142857143,0.489473684210526,0.574340527577938,0.49685534591195,0.118421052631579,0.409090909090909,0.219512195121951,0.466666666666667,0.633333333333333,1,
0.41304347826087,0.461538461538462,0.5,0.253275109170306,0.10989010989011,0.0943396226415094,0.30718954248366,0.428571428571429,0.25,0.414285714285714,0.284210526315789,0.23621103117506,0.427672955974843,0.131578947368421,0.363636363636364,0.24390243902439,0.466666666666667,0.466666666666667,1,
0.608695652173913,0.692307692307692,0.805555555555556,0.393013100436681,0.142857142857143,0.150943396226415,0.542483660130719,0.228571428571429,0.416666666666667,0.614285714285714,0.468421052631579,0.465227817745803,0.691823899371069,0.105263157894737,0,0.24390243902439,0.533333333333333,0.666666666666667,1,
0.217391304347826,0.115384615384615,0.194444444444444,0.0655021834061135,0.10989010989011,0.0754716981132075,0.104575163398693,0.771428571428571,0.0833333333333333,0.1,0.068421052631579,0.0647482014388489,0.188679245283019,0.302631578947368,0.272727272727273,0.0731707317073171,0.1,0.0666666666666667,1,
0.260869565217391,0,0,0.0480349344978166,0.10989010989011,0.0188679245283019,0,1,0,0.0142857142857143,0,0,0.113207547169811,0.355263157894737,0.545454545454545,0.51219512195122,0.166666666666667,0.0666666666666667,1,
0.478260869565217,0.769230769230769,0.763888888888889,0.427947598253275,0.197802197802198,0.150943396226415,0.529411764705882,0.228571428571429,0.416666666666667,0.6,0.473684210526316,0.449640287769784,0.805031446540881,0.157894736842105,0.136363636363636,0.0487804878048781,0.4,0.5,1,
0.782608695652174,0.769230769230769,0.958333333333333,0.510917030567686,0.241758241758242,0.188679245283019,0.712418300653595,0.142857142857143,0.666666666666667,0.728571428571429,0.505263157894737,0.633093525179856,0.647798742138365,0.171052631578947,0.590909090909091,0.682926829268293,0.4,0.666666666666667,1,
0.739130434782609,0.846153846153846,0.875,0.475982532751092,0.230769230769231,0.169811320754717,0.699346405228758,0.114285714285714,0.666666666666667,0.771428571428571,0.478947368421053,0.629496402877698,0.672955974842767,0.144736842105263,0.454545454545455,0.170731707317073,0.366666666666667,0.533333333333333,1,
0.58695652173913,0.538461538461538,0.666666666666667,0.375545851528384,0.142857142857143,0.150943396226415,0.38562091503268,0.342857142857143,0.333333333333333,0.528571428571429,0.294736842105263,0.306954436450839,0.377358490566038,0,0.681818181818182,0.439024390243902,0.833333333333333,0.966666666666667,1,
0.956521739130435,0.730769230769231,0.972222222222222,0.541484716157205,0.197802197802198,0.188679245283019,0.65359477124183,0.142857142857143,0.583333333333333,0.642857142857143,0.515789473684211,0.580335731414868,0.69811320754717,0.0921052631578947,0.954545454545455,0.609756097560976,0.6,0.8,1,
0.282608695652174,0.269230769230769,0.319444444444444,0.135371179039301,0.0989010989010989,0.0566037735849057,0.137254901960784,0.685714285714286,0.0833333333333333,0.242857142857143,0.115789473684211,0.0935251798561151,0.358490566037736,0.144736842105263,0.409090909090909,0.0487804878048781,0.366666666666667,0.333333333333333,1,
0.91304347826087,0.730769230769231,0.833333333333333,0.432314410480349,0.164835164835165,0.150943396226415,0.686274509803922,0.142857142857143,0.583333333333333,0.671428571428571,0.521052631578947,0.615107913669065,0.660377358490566,0.171052631578947,0.636363636363636,0.0975609756097561,0.4,0.533333333333333,1,
0.41304347826087,0.153846153846154,0.555555555555556,0.331877729257642,0.21978021978022,0.113207547169811,0.274509803921569,0.485714285714286,0.166666666666667,0.157142857142857,0.263157894736842,0.202637889688249,0.220125786163522,0.131578947368421,0.272727272727273,0.219512195121951,0.466666666666667,0.466666666666667,1,
0.543478260869565,0.653846153846154,0.694444444444444,0.384279475982533,0.175824175824176,0.132075471698113,0.42483660130719,0.314285714285714,0.333333333333333,0.528571428571429,0.342105263157895,0.345323741007194,0.553459119496855,0.0789473684210526,0.454545454545455,0.024390243902439,0.566666666666667,0.666666666666667,1,
0.608695652173913,0.576923076923077,0.625,0.379912663755459,0.142857142857143,0.169811320754717,0.411764705882353,0.342857142857143,0.333333333333333,0.5,0.326315789473684,0.328537170263789,0.490566037735849,0.0394736842105263,0.227272727272727,0.536585365853659,0.7,0.966666666666667,1,
0.782608695652174,0.538461538461538,0.777777777777778,0.445414847161572,0.186813186813187,0.132075471698113,0.562091503267974,0.2,0.5,0.457142857142857,0.468421052631579,0.482014388489209,0.515723270440252,0.144736842105263,0.181818181818182,0.317073170731707,0.466666666666667,0.566666666666667,1,
0.521739130434783,0.461538461538462,0.5,0.310043668122271,0.142857142857143,0.132075471698113,0.294117647058824,0.457142857142857,0.25,0.442857142857143,0.263157894736842,0.223021582733813,0.377358490566038,0.0526315789473684,0.727272727272727,0.292682926829268,0.733333333333333,0.833333333333333,1,
0.304347826086957,0.153846153846154,0.277777777777778,0.122270742358079,0.10989010989011,0.0754716981132075,0.104575163398693,0.742857142857143,0.0833333333333333,0.157142857142857,0.126315789473684,0.0707434052757794,0.144654088050314,0.157894736842105,0.0454545454545455,0.341463414634146,0.333333333333333,0.366666666666667,1,
0.282608695652174,0.115384615384615,0.527777777777778,0.183406113537118,0.120879120879121,0.0943396226415094,0.150326797385621,0.685714285714286,0.0833333333333333,0.0857142857142857,0.131578947368421,0.103117505995204,0.245283018867925,0.0921052631578947,0,0.609756097560976,0.466666666666667,0.466666666666667,1,
0.739130434782609,0.884615384615385,0.888888888888889,0.554585152838428,0.263736263736264,0.169811320754717,0.699346405228758,0.142857142857143,0.666666666666667,0.771428571428571,0.505263157894737,0.624700239808153,0.679245283018868,0.157894736842105,0.863636363636364,0.268292682926829,0.433333333333333,0.5,1,
0.282608695652174,0.346153846153846,0.347222222222222,0.0524017467248908,0.0659340659340659,0.0754716981132075,0.261437908496732,0.542857142857143,0.166666666666667,0.328571428571429,0.236842105263158,0.1810551558753,0.39622641509434,0.342105263157895,0.227272727272727,0.0975609756097561,0.1,0.0666666666666667,2,
0.369565217391304,0.192307692307692,0.486111111111111,0.262008733624454,0.186813186813187,0.0943396226415094,0.254901960784314,0.485714285714286,0.166666666666667,0.185714285714286,0.2,0.193045563549161,0.188679245283019,0.0921052631578947,0,0,0.633333333333333,0.766666666666667,2,
0.239130434782609,0.461538461538462,0.388888888888889,0.192139737991266,0.186813186813187,0.0754716981132075,0.222222222222222,0.571428571428571,0.166666666666667,0.342857142857143,0.2,0.15947242206235,0.446540880503145,0.210526315789474,0.227272727272727,0.024390243902439,0.233333333333333,0.2,2,
0.173913043478261,0.384615384615385,0.388888888888889,0.091703056768559,0.10989010989011,0.113207547169811,0.241830065359477,0.571428571428571,0.166666666666667,0.4,0.205263157894737,0.166666666666667,0.39622641509434,0.315789473684211,0.272727272727273,0.439024390243902,0.1,0.1,2,
0.521739130434783,0.538461538461538,0.666666666666667,0.344978165938865,0.142857142857143,0.0943396226415094,0.555555555555556,0.2,0.5,0.428571428571429,0.442105263157895,0.49400479616307,0.578616352201258,0.197368421052632,0.363636363636364,0,0.533333333333333,0.333333333333333,2,
0.239130434782609,0.423076923076923,0.347222222222222,0.104803493449782,0.0879120879120879,0.113207547169811,0.248366013071895,0.571428571428571,0.166666666666667,0.428571428571429,0.205263157894737,0.169064748201439,0.421383647798742,0.302631578947368,0.0454545454545455,0.268292682926829,0.1,0.0666666666666667,2,
0.695652173913043,0.653846153846154,0.736111111111111,0.301310043668122,0.0769230769230769,0.0377358490566038,0.718954248366013,0.114285714285714,0.666666666666667,0.585714285714286,0.652631578947368,0.660671462829736,0.610062893081761,0.315789473684211,0.181818181818182,0.292682926829268,0.333333333333333,0.1,2,
0.695652173913043,0.692307692307692,0.736111111111111,0.244541484716157,0.043956043956044,0.0943396226415094,0.686274509803922,0.114285714285714,0.583333333333333,0.671428571428571,0.578947368421053,0.622302158273381,0.622641509433962,0.289473684210526,0.409090909090909,0.609756097560976,0.4,0.233333333333333,2,
0.717391304347826,0.807692307692308,0.833333333333333,0.537117903930131,0.21978021978022,0.0377358490566038,0.901960784313726,0.0285714285714286,0.833333333333333,0.628571428571429,0.789473684210526,0.886091127098321,0.962264150943396,0.381578947368421,0.227272727272727,0.268292682926829,0.2,0.0333333333333333,2,
0.347826086956522,0.423076923076923,0.416666666666667,0.235807860262009,0.186813186813187,0.0754716981132075,0.189542483660131,0.6,0.0833333333333333,0.357142857142857,0.178947368421053,0.1378896882494,0.40251572327044,0.0921052631578947,0.409090909090909,0.268292682926829,0.566666666666667,0.6,2,
0.5,0.115384615384615,0.472222222222222,0.344978165938865,0.252747252747253,0.0754716981132075,0.241830065359477,0.485714285714286,0.166666666666667,0.128571428571429,0.252631578947368,0.188249400479616,0.113207547169811,0.131578947368421,0,0.414634146341463,0.833333333333333,0.8,2,
0.282608695652174,0.461538461538462,0.416666666666667,0.0786026200873362,0.0989010989010989,0.0943396226415094,0.235294117647059,0.542857142857143,0.166666666666667,0.371428571428571,0.210526315789474,0.167865707434053,0.484276729559748,0.328947368421053,0.409090909090909,0.121951219512195,0.133333333333333,0.0666666666666667,2,
0.5,0.384615384615385,0.583333333333333,0.248908296943231,0.0879120879120879,0.0566037735849057,0.483660130718954,0.228571428571429,0.416666666666667,0.328571428571429,0.447368421052632,0.419664268585132,0.333333333333333,0.210526315789474,0,0.146341463414634,0.633333333333333,0.5,2,
0.173913043478261,0.346153846153846,0.319444444444444,0.091703056768559,0.0879120879120879,0.113207547169811,0.241830065359477,0.571428571428571,0.166666666666667,0.385714285714286,0.189473684210526,0.163069544364508,0.39622641509434,0.355263157894737,0.318181818181818,0.170731707317073,0.1,0.0333333333333333,2,
0.739130434782609,0.923076923076923,0.916666666666667,0.296943231441048,0.032967032967033,0.0754716981132075,0.934640522875817,0,0.916666666666667,0.728571428571429,0.789473684210526,0.926858513189448,0.974842767295597,0.342105263157895,0.227272727272727,0.219512195121951,0.166666666666667,0.0666666666666667,2,
0.630434782608696,0.807692307692308,0.805555555555556,0.423580786026201,0.153846153846154,0.0754716981132075,0.738562091503268,0.0857142857142857,0.666666666666667,0.671428571428571,0.610526315789474,0.697841726618705,0.767295597484277,0.263157894736842,0.409090909090909,0.341463414634146,0.4,0.2,2,
0.347826086956522,0.307692307692308,0.486111111111111,0.253275109170306,0.208791208791209,0.0566037735849057,0.26797385620915,0.485714285714286,0.166666666666667,0.257142857142857,0.236842105263158,0.201438848920863,0.283018867924528,0.171052631578947,0.0909090909090909,0,0.4,0.466666666666667,2,
0.456521739130435,0.230769230769231,0.486111111111111,0.349344978165939,0.274725274725275,0.113207547169811,0.281045751633987,0.457142857142857,0.166666666666667,0.214285714285714,0.236842105263158,0.217026378896883,0.226415094339623,0.144736842105263,0.181818181818182,0.121951219512195,0.533333333333333,0.633333333333333,2,
0.282608695652174,0.423076923076923,0.347222222222222,0.109170305676856,0.0989010989010989,0.0754716981132075,0.261437908496732,0.542857142857143,0.166666666666667,0.457142857142857,0.2,0.176258992805755,0.427672955974843,0.315789473684211,0.181818181818182,0.317073170731707,0.0666666666666667,0.0666666666666667,2,
0.58695652173913,0.576923076923077,0.763888888888889,0.458515283842795,0.230769230769231,0.0943396226415094,0.568627450980392,0.171428571428571,0.5,0.457142857142857,0.452631578947368,0.504796163069544,0.572327044025157,0.184210526315789,0.318181818181818,0.268292682926829,0.533333333333333,0.433333333333333,2,
0.173913043478261,0.461538461538462,0.388888888888889,0.218340611353712,0.241758241758242,0.377358490566038,0.254901960784314,0.542857142857143,0.166666666666667,0.414285714285714,0.294736842105263,0.1810551558753,0.484276729559748,0.381578947368421,0.0454545454545455,0.24390243902439,0.133333333333333,0.133333333333333,2,
0.239130434782609,0.346153846153846,0.5,0.22707423580786,0.186813186813187,0.0943396226415094,0.254901960784314,0.514285714285714,0.166666666666667,0.357142857142857,0.257894736842105,0.185851318944844,0.30188679245283,0.210526315789474,0,0.48780487804878,0.366666666666667,0.4,2,
0.41304347826087,0.5,0.541666666666667,0.314410480349345,0.186813186813187,0.113207547169811,0.326797385620915,0.428571428571429,0.25,0.442857142857143,0.278947368421053,0.254196642685851,0.433962264150943,0.105263157894737,0.0909090909090909,0.24390243902439,0.5,0.566666666666667,3,
0.347826086956522,0.423076923076923,0.555555555555556,0.379912663755459,0.208791208791209,0.0754716981132075,0.326797385620915,0.4,0.25,0.357142857142857,0.310526315789474,0.254196642685851,0.446540880503145,0.0921052631578947,0.590909090909091,0.268292682926829,0.6,0.6,3,
0.130434782608696,0.230769230769231,0.444444444444444,0.100436681222707,0.0659340659340659,0.132075471698113,0.196078431372549,0.628571428571429,0.166666666666667,0.242857142857143,0.184210526315789,0.133093525179856,0.220125786163522,0.236842105263158,0.318181818181818,0.51219512195122,0.166666666666667,0.266666666666667,3,
0.608695652173913,0.615384615384615,0.875,0.471615720524017,0.21978021978022,0.150943396226415,0.581699346405229,0.2,0.5,0.542857142857143,0.447368421052632,0.5,0.408805031446541,0.131578947368421,0.181818181818182,0.268292682926829,0.433333333333333,0.5,3,
0.326086956521739,0.423076923076923,0.430555555555556,0.179039301310044,0.0989010989010989,0.113207547169811,0.196078431372549,0.628571428571429,0.166666666666667,0.357142857142857,0.152631578947368,0.134292565947242,0.408805031446541,0.118421052631579,0.318181818181818,0.439024390243902,0.4,0.533333333333333,3,
0.521739130434783,0.653846153846154,0.944444444444444,0.467248908296943,0.197802197802198,0.150943396226415,0.666666666666667,0.142857142857143,0.583333333333333,0.542857142857143,0.536842105263158,0.59832134292566,0.685534591194969,0.171052631578947,0.318181818181818,0.707317073170732,0.4,0.533333333333333,3,
0.347826086956522,0.192307692307692,0.527777777777778,0.213973799126638,0.153846153846154,0.0943396226415094,0.222222222222222,0.571428571428571,0.166666666666667,0.128571428571429,0.189473684210526,0.155875299760192,0.207547169811321,0.131578947368421,0,0.219512195121951,0.366666666666667,0.433333333333333,3,
0.391304347826087,0.730769230769231,0.805555555555556,0.40174672489083,0.164835164835165,0.132075471698113,0.529411764705882,0.228571428571429,0.416666666666667,0.614285714285714,0.452631578947368,0.453237410071942,0.849056603773585,0.131578947368421,0.136363636363636,0.024390243902439,0.466666666666667,0.6,3,
0.260869565217391,0.230769230769231,0.513888888888889,0.205240174672489,0.131868131868132,0.113207547169811,0.248366013071895,0.542857142857143,0.166666666666667,0.228571428571429,0.242105263157895,0.176258992805755,0.150943396226415,0.184210526315789,0,0.390243902439024,0.266666666666667,0.4,3,
0.673913043478261,0.846153846153846,0.902777777777778,0.489082969432314,0.230769230769231,0.169811320754717,0.607843137254902,0.171428571428571,0.5,0.728571428571429,0.478947368421053,0.526378896882494,0.672955974842767,0.157894736842105,0.409090909090909,0.439024390243902,0.433333333333333,0.5,3,
0.369565217391304,0.269230769230769,0.597222222222222,0.323144104803493,0.153846153846154,0.113207547169811,0.431372549019608,0.314285714285714,0.333333333333333,0.2,0.363157894736842,0.345323741007194,0.30188679245283,0.157894736842105,0.0454545454545455,0.341463414634146,0.366666666666667,0.4,3,
0.347826086956522,0.423076923076923,0.583333333333333,0.139737991266376,0.0769230769230769,0.0754716981132075,0.241830065359477,0.542857142857143,0.166666666666667,0.371428571428571,0.210526315789474,0.177458033573141,0.371069182389937,0.118421052631579,0.454545454545455,0.341463414634146,0.4,0.4,3,
0.478260869565217,0.461538461538462,0.555555555555556,0.358078602620087,0.164835164835165,0.0943396226415094,0.339869281045752,0.4,0.25,0.385714285714286,0.305263157894737,0.266187050359712,0.433962264150943,0.0789473684210526,0.5,0.439024390243902,0.766666666666667,0.766666666666667,3,
0.347826086956522,0.115384615384615,0.444444444444444,0.161572052401747,0.0989010989010989,0.0943396226415094,0.169934640522876,0.628571428571429,0.0833333333333333,0.114285714285714,0.173684210526316,0.122302158273381,0.132075471698113,0.171052631578947,0.0454545454545455,0.024390243902439,0.366666666666667,0.366666666666667,3,
0.782608695652174,0.692307692307692,0.833333333333333,0.406113537117904,0.131868131868132,0.150943396226415,0.522875816993464,0.228571428571429,0.416666666666667,0.614285714285714,0.421052631578947,0.442446043165468,0.540880503144654,0.0657894736842105,0.636363636363636,0.0731707317073171,0.666666666666667,0.7,3,
0.608695652173913,0.692307692307692,0.902777777777778,0.471615720524017,0.230769230769231,0.150943396226415,0.633986928104575,0.171428571428571,0.583333333333333,0.628571428571429,0.484210526315789,0.562350119904077,0.723270440251572,0.184210526315789,0.227272727272727,0.560975609756098,0.333333333333333,0.466666666666667,3,
0.717391304347826,0.846153846153846,0.777777777777778,0.40174672489083,0.142857142857143,0.188679245283019,0.712418300653595,0.114285714285714,0.666666666666667,0.785714285714286,0.5,0.639088729016787,0.660377358490566,0.171052631578947,0.409090909090909,0.317073170731707,0.333333333333333,0.5,3,
0.152173913043478,0.115384615384615,0.402777777777778,0.100436681222707,0.0989010989010989,0.0943396226415094,0.104575163398693,0.771428571428571,0.0833333333333333,0.0857142857142857,0.0894736842105263,0.0671462829736211,0.150943396226415,0.144736842105263,0.0909090909090909,0.51219512195122,0.233333333333333,0.333333333333333,3,
0.239130434782609,0.230769230769231,0.694444444444444,0.331877729257642,0.142857142857143,0.0943396226415094,0.42483660130719,0.314285714285714,0.333333333333333,0.185714285714286,0.415789473684211,0.341726618705036,0.226415094339623,0.157894736842105,0.181818181818182,0.926829268292683,0.466666666666667,0.566666666666667,3,
0.434782608695652,0.0769230769230769,0.361111111111111,0.218340611353712,0.131868131868132,0.0754716981132075,0.196078431372549,0.571428571428571,0.0833333333333333,0.142857142857143,0.168421052631579,0.143884892086331,0.0691823899371069,0.0657894736842105,0.227272727272727,0.317073170731707,0.7,0.7,3,
0.108695652173913,0.115384615384615,0.152777777777778,0.0524017467248908,0.0989010989010989,0.0377358490566038,0.0522875816993464,0.885714285714286,0,0.0857142857142857,0.0263157894736842,0.0299760191846523,0.163522012578616,0.328947368421053,0.0454545454545455,0.292682926829268,0.0333333333333333,0.1,3,
