84,18,4,
0.456521739130435,0.653846153846154,0.611111111111111,0.148471615720524,0.10989010989011,0.150943396226415,0.287581699346405,0.514285714285714,0.25,0.742857142857143,0.215789473684211,0.200239808153477,0.490566037735849,0.236842105263158,0.227272727272727,0.146341463414634,0.2,0.333333333333333,0,
0.41304347826087,0.269230769230769,0.361111111111111,0.0305676855895196,0.010989010989011,0.0943396226415094,0.176470588235294,0.685714285714286,0.166666666666667,0.314285714285714,0.152631578947368,0.111510791366906,0.245283018867925,0.342105263157895,0.545454545454545,0.463414634146341,0.2,0.0666666666666667,0,
0.326086956521739,0.115384615384615,0.180555555555556,0.0393013100436681,0.10989010989011,0.0188679245283019,0.0392156862745098,0.885714285714286,0,0.142857142857143,0.0368421052631579,0.0239808153477218,0.169811320754717,0.381578947368421,0.318181818181818,0.341463414634146,0.133333333333333,0.0666666666666667,0,
0.478260869565217,0.5,0.5,0.253275109170306,0.208791208791209,0.169811320754717,0.326797385620915,0.457142857142857,0.25,0.528571428571429,0.236842105263158,0.23621103117506,0.39622641509434,0.197368421052632,0.363636363636364,0.0975609756097561,0.266666666666667,0.4,0,
0.391304347826087,0.346153846153846,0.361111111111111,0.165938864628821,0.120879120879121,0.132075471698113,0.143790849673203,0.685714285714286,0.0833333333333333,0.342857142857143,0.173684210526316,0.100719424460432,0.345911949685535,0.131578947368421,0.272727272727273,0.121951219512195,0.5,0.533333333333333,0,
0.347826086956522,0.461538461538462,0.625,0.196506550218341,0.131868131868132,0.169811320754717,0.300653594771242,0.485714285714286,0.25,0.571428571428571,0.247368421052632,0.213429256594724,0.40251572327044,0.210526315789474,0.545454545454545,0.390243902439024,0.233333333333333,0.4,0,
0.5,0.461538461538462,0.652777777777778,0.283842794759825,0.21978021978022,0.150943396226415,0.274509803921569,0.514285714285714,0.166666666666667,0.442857142857143,0.194736842105263,0.200239808153477,0.408805031446541,0.105263157894737,0.409090909090909,0.195121951219512,0.533333333333333,0.666666666666667,0,
0.434782608695652,0.307692307692308,0.541666666666667,0.240174672489083,0.175824175824176,0.113207547169811,0.209150326797386,0.571428571428571,0.166666666666667,0.457142857142857,0.184210526315789,0.149880095923261,0.157232704402516,0.105263157894737,0.181818181818182,0.219512195121951,0.633333333333333,0.733333333333333,0,
0.369565217391304,0.576923076923077,0.527777777777778,0.131004366812227,0.0989010989010989,0.169811320754717,0.313725490196078,0.485714285714286,0.25,0.7,0.205263157894737,0.218225419664269,0.477987421383648,0.223684210526316,0.0454545454545455,0.341463414634146,0.2,0.366666666666667,0,
0.369565217391304,0.576923076923077,0.569444444444444,0.174672489082969,0.142857142857143,0.132075471698113,0.248366013071895,0.514285714285714,0.166666666666667,0.542857142857143,0.226315789473684,0.178657074340528,0.572327044025157,0.210526315789474,0.0909090909090909,0,0.3,0.466666666666667,0,
0.41304347826087,0.269230769230769,0.583333333333333,0.25764192139738,0.175824175824176,0.132075471698113,0.222222222222222,0.542857142857143,0.166666666666667,0.314285714285714,0.184210526315789,0.161870503597122,0.176100628930818,0.0657894736842105,0.409090909090909,0,0.766666666666667,0.833333333333333,0,
0.347826086956522,0.269230769230769,0.277777777777778,0.117903930131004,0.0989010989010989,0.0754716981132075,0.0392156862745098,0.857142857142857,0,0.271428571428571,0.068421052631579,0.0299760191846523,0.276729559748428,0.0789473684210526,0.454545454545455,0.195121951219512,0.566666666666667,0.6,0,
0.58695652173913,0.5,0.694444444444444,0.296943231441048,0.21978021978022,0.132075471698113,0.294117647058824,0.485714285714286,0.25,0.457142857142857,0.210526315789474,0.21462829736211,0.471698113207547,0.105263157894737,0.772727272727273,0.170731707317073,0.533333333333333,0.633333333333333,0,
0.391304347826087,0.115384615384615,0.277777777777778,0.0960698689956332,0.0989010989010989,0.0754716981132075,0.0457516339869281,0.857142857142857,0,0.171428571428571,0.0473684210526316,0.0323741007194245,0.0566037735849057,0.105263157894737,0.272727272727273,0.341463414634146,0.533333333333333,0.566666666666667,0,
0.456521739130435,0.576923076923077,0.652777777777778,0.253275109170306,0.186813186813187,0.150943396226415,0.294117647058824,0.485714285714286,0.25,0.614285714285714,0.257894736842105,0.21462829736211,0.484276729559748,0.210526315789474,0.181818181818182,0.365853658536585,0.266666666666667,0.466666666666667,0,
0.347826086956522,0.5,0.611111111111111,0.25764192139738,0.208791208791209,0.169811320754717,0.30718954248366,0.485714285714286,0.25,0.585714285714286,0.226315789473684,0.220623501199041,0.421383647798742,0.171052631578947,0.0454545454545455,0.48780487804878,0.333333333333333,0.533333333333333,0,
0.391304347826087,0.230769230769231,0.583333333333333,0.262008733624454,0.230769230769231,0.150943396226415,0.202614379084967,0.571428571428571,0.166666666666667,0.271428571428571,0.178947368421053,0.148681055155875,0.308176100628931,0.118421052631579,0.590909090909091,0.219512195121951,0.5,0.666666666666667,0,
0.347826086956522,0.153846153846154,0.152777777777778,0.0305676855895196,0.0769230769230769,0.0566037735849057,0.0522875816993464,0.857142857142857,0,0.128571428571429,0.0421052631578947,0.0347721822541966,0.238993710691824,0.302631578947368,0.318181818181818,0.0975609756097561,0.166666666666667,0.0666666666666667,0,
0.5,0.230769230769231,0.25,0.0567685589519651,0.043956043956044,0.0754716981132075,0.137254901960784,0.742857142857143,0.0833333333333333,0.3,0.126315789473684,0.0851318944844125,0.257861635220126,0.355263157894737,0.272727272727273,0,0.166666666666667,0.0333333333333333,0,
0.260869565217391,0.461538461538462,0.430555555555556,0.200873362445415,0.175824175824176,0.113207547169811,0.202614379084967,0.571428571428571,0.166666666666667,0.414285714285714,0.215789473684211,0.147482014388489,0.440251572327044,0.171052631578947,0.0909090909090909,0.0731707317073171,0.366666666666667,0.5,0,
0.434782608695652,0.230769230769231,0.319444444444444,0.183406113537118,0.120879120879121,0.0943396226415094,0.104575163398693,0.742857142857143,0.0833333333333333,0.228571428571429,0.1,0.0743405275779376,0.308176100628931,0.0526315789473684,0.409090909090909,0.170731707317073,0.733333333333333,0.766666666666667,1,
0.326086956521739,0.576923076923077,0.694444444444444,0.323144104803493,0.142857142857143,0.113207547169811,0.411764705882353,0.342857142857143,0.333333333333333,0.485714285714286,0.368421052631579,0.330935251798561,0.559748427672956,0.118421052631579,0.590909090909091,0.390243902439024,0.533333333333333,0.6,1,
0.434782608695652,0.423076923076923,0.805555555555556,0.406113537117904,0.164835164835165,0.169811320754717,0.464052287581699,0.285714285714286,0.416666666666667,0.4,0.378947368421053,0.384892086330935,0.270440251572327,0.0657894736842105,0.181818181818182,0.341463414634146,0.633333333333333,0.766666666666667,1,
1,0.807692307692308,0.916666666666667,0.506550218340611,0.197802197802198,0.188679245283019,0.660130718954248,0.142857142857143,0.583333333333333,0.7,0.489473684210526,0.588729016786571,0.773584905660377,0.0921052631578947,0.909090909090909,0.024390243902439,0.533333333333333,0.7,1,
0.717391304347826,0.730769230769231,0.847222222222222,0.475982532751092,0.186813186813187,0.169811320754717,0.581699346405229,0.2,0.5,0.571428571428571,0.442105263157895,0.507194244604317,0.59748427672956,0.0789473684210526,0.0909090909090909,0.0975609756097561,0.533333333333333,0.766666666666667,1,
0.282608695652174,0.115384615384615,0.513888888888889,0.266375545851528,0.142857142857143,0.0943396226415094,0.248366013071895,0.542857142857143,0.166666666666667,0.142857142857143,0.231578947368421,0.176258992805755,0.138364779874214,0.0921052631578947,0,0.780487804878049,0.666666666666667,0.733333333333333,1,
0.804347826086957,0.769230769230769,0.888888888888889,0.519650655021834,0.208791208791209,0.150943396226415,0.647058823529412,0.171428571428571,0.583333333333333,0.657142857142857,0.489473684210526,0.569544364508393,0.635220125786163,0.105263157894737,0.227272727272727,0.390243902439024,0.466666666666667,0.733333333333333,1,
0.239130434782609,0.423076923076923,0.513888888888889,0.200873362445415,0.131868131868132,0.0566037735849057,0.261437908496732,0.514285714285714,0.166666666666667,0.357142857142857,0.236842105263158,0.191846522781775,0.427672955974843,0.236842105263158,0.363636363636364,0.0487804878048781,0.233333333333333,0.2,1,
0.673913043478261,0.653846153846154,0.777777777777778,0.467248908296943,0.197802197802198,0.150943396226415,0.490196078431373,0.257142857142857,0.416666666666667,0.542857142857143,0.405263157894737,0.411270983213429,0.540880503144654,0.0789473684210526,0.136363636363636,0.170731707317073,0.633333333333333,0.833333333333333,1,
0.804347826086957,0.5,0.833333333333333,0.406113537117904,0.153846153846154,0.132075471698113,0.529411764705882,0.228571428571429,0.416666666666667,0.442857142857143,0.415789473684211,0.452038369304556,0.320754716981132,0.0789473684210526,0.5,0.170731707317073,0.6,0.733333333333333,1,
0.478260869565217,0.461538461538462,0.902777777777778,0.454148471615721,0.186813186813187,0.150943396226415,0.490196078431373,0.285714285714286,0.416666666666667,0.457142857142857,0.378947368421053,0.402877697841727,0.308176100628931,0.0657894736842105,0.318181818181818,0.780487804878049,0.733333333333333,1,1,
0.652173913043478,0.615384615384615,0.833333333333333,0.393013100436681,0.142857142857143,0.150943396226415,0.477124183006536,0.257142857142857,0.416666666666667,0.6,0.378947368421053,0.400479616306954,0.433962264150943,0.0394736842105263,0.590909090909091,0.195121951219512,0.733333333333333,0.9,1,
0.695652173913043,0.769230769230769,0.902777777777778,0.349344978165939,0.10989010989011,0.169811320754717,0.647058823529412,0.142857142857143,0.583333333333333,0.714285714285714,0.494736842105263,0.571942446043165,0.685534591194969,0.157894736842105,0,0.365853658536585,0.333333333333333,0.533333333333333,1,
0.195652173913043,0.153846153846154,0.263888888888889,0.131004366812227,0.175824175824176,0.0943396226415094,0.150326797385621,0.714285714285714,0.0833333333333333,0.142857142857143,0.110526315789474,0.0959232613908873,0.213836477987421,0.302631578947368,0.5,0.585365853658537,0.1,0.133333333333333,1,
0.478260869565217,0.5,0.888888888888889,0.454148471615721,0.208791208791209,0.132075471698113,0.516339869281046,0.257142857142857,0.416666666666667,0.428571428571429,0.421052631578947,0.430455635491607,0.377358490566038,0.118421052631579,0,0.682926829268293,0.466666666666667,0.633333333333333,1,
0.673913043478261,0.769230769230769,0.847222222222222,0.375545851528384,0.175824175824176,0.150943396226415,0.660130718954248,0.171428571428571,0.583333333333333,0.685714285714286,0.463157894736842,0.575539568345324,0.584905660377358,0.197368421052632,0.590909090909091,0.51219512195122,0.4,0.566666666666667,1,
0.739130434782609,0.769230769230769,0.944444444444444,0.475982532751092,0.186813186813187,0.188679245283019,0.61437908496732,0.171428571428571,0.5,0.642857142857143,0.452631578947368,0.531175059952038,0.584905660377358,0.0789473684210526,0.954545454545455,0.536585365853659,0.6,0.8,1,
0.934782608695652,0.769230769230769,0.972222222222222,0.554585152838428,0.21978021978022,0.188679245283019,0.686274509803922,0.142857142857143,0.583333333333333,0.671428571428571,0.531578947368421,0.609112709832134,0.710691823899371,0.105263157894737,0.727272727272727,0.682926829268293,0.533333333333333,0.833333333333333,1,
0.391304347826087,0.269230769230769,0.805555555555556,0.384279475982533,0.186813186813187,0.132075471698113,0.42483660130719,0.342857142857143,0.333333333333333,0.242857142857143,0.336842105263158,0.336930455635492,0.352201257861635,0.0921052631578947,0.409090909090909,0.853658536585366,0.633333333333333,0.8,1,
0.739130434782609,0.807692307692308,0.944444444444444,0.541484716157205,0.230769230769231,0.188679245283019,0.69281045751634,0.142857142857143,0.666666666666667,0.742857142857143,0.489473684210526,0.618705035971223,0.723270440251572,0.105263157894737,0.590909090909091,0.609756097560976,0.466666666666667,0.766666666666667,1,
0.782608695652174,0.730769230769231,0.888888888888889,0.414847161572052,0.142857142857143,0.188679245283019,0.673202614379085,0.142857142857143,0.583333333333333,0.628571428571429,0.473684210526316,0.607913669064748,0.647798742138365,0.105263157894737,0.5,0.170731707317073,0.433333333333333,0.6,1,
0.282608695652174,0.384615384615385,0.416666666666667,0.0960698689956332,0.0989010989010989,0.0754716981132075,0.235294117647059,0.571428571428571,0.166666666666667,0.385714285714286,0.189473684210526,0.15947242206235,0.389937106918239,0.355263157894737,0.272727272727273,0.219512195121951,0.1,0.0333333333333333,2,
0.434782608695652,0.461538461538462,0.638888888888889,0.423580786026201,0.241758241758242,0.0943396226415094,0.470588235294118,0.257142857142857,0.416666666666667,0.385714285714286,0.384210526315789,0.406474820143885,0.465408805031447,0.171052631578947,0,0.0975609756097561,0.6,0.533333333333333,2,
0.456521739130435,0.423076923076923,0.611111111111111,0.489082969432314,0.296703296703297,0.0754716981132075,0.470588235294118,0.257142857142857,0.416666666666667,0.385714285714286,0.410526315789474,0.408872901678657,0.283018867924528,0.184210526315789,0.181818181818182,0.536585365853659,0.666666666666667,0.533333333333333,2,
0.260869565217391,0.346153846153846,0.416666666666667,0.11353711790393,0.0989010989010989,0.0943396226415094,0.248366013071895,0.542857142857143,0.166666666666667,0.385714285714286,0.247368421052632,0.172661870503597,0.39622641509434,0.302631578947368,0.454545454545455,0.341463414634146,0.166666666666667,0.133333333333333,2,
0.58695652173913,0.653846153846154,0.569444444444444,0.406113537117904,0.21978021978022,0.0754716981132075,0.483660130718954,0.228571428571429,0.416666666666667,0.571428571428571,0.4,0.416067146282974,0.559748427672956,0.197368421052632,0.272727272727273,0.024390243902439,0.7,0.566666666666667,2,
0.260869565217391,0.384615384615385,0.361111111111111,0.074235807860262,0.0769230769230769,0.0943396226415094,0.248366013071895,0.571428571428571,0.166666666666667,0.414285714285714,0.205263157894737,0.167865707434053,0.415094339622642,0.368421052631579,0,0.121951219512195,0.1,0.0333333333333333,2,
0.717391304347826,0.807692307692308,0.875,0.248908296943231,0,0.0377358490566038,0.882352941176471,0.0285714285714286,0.833333333333333,0.685714285714286,0.715789473684211,0.848920863309353,0.836477987421384,0.342105263157895,0.181818181818182,0.268292682926829,0.166666666666667,0.0666666666666667,2,
0.304347826086957,0.307692307692308,0.5,0.266375545851528,0.21978021978022,0.0943396226415094,0.235294117647059,0.542857142857143,0.166666666666667,0.314285714285714,0.215789473684211,0.171462829736211,0.270440251572327,0.171052631578947,0.318181818181818,0.317073170731707,0.4,0.466666666666667,2,
0.369565217391304,0.346153846153846,0.319444444444444,0.0960698689956332,0.0879120879120879,0.0943396226415094,0.261437908496732,0.542857142857143,0.166666666666667,0.342857142857143,0.226315789473684,0.182254196642686,0.40251572327044,0.289473684210526,0,0.365853658536585,0.133333333333333,0.1,2,
0.304347826086957,0.230769230769231,0.416666666666667,0.192139737991266,0.153846153846154,0.0943396226415094,0.202614379084967,0.571428571428571,0.0833333333333333,0.257142857142857,0.178947368421053,0.147482014388489,0.20125786163522,0.131578947368421,0.0454545454545455,0.0487804878048781,0.533333333333333,0.6,2,
0.173913043478261,0.384615384615385,0.388888888888889,0.152838427947598,0.164835164835165,0.0943396226415094,0.241830065359477,0.571428571428571,0.166666666666667,0.385714285714286,0.221052631578947,0.166666666666667,0.389937106918239,0.315789473684211,0.0454545454545455,0.341463414634146,0.133333333333333,0.1,2,
0.478260869565217,0.384615384615385,0.597222222222222,0.410480349344978,0.241758241758242,0.0754716981132075,0.42483660130719,0.285714285714286,0.333333333333333,0.3,0.310526315789474,0.359712230215827,0.339622641509434,0.118421052631579,0.272727272727273,0.0975609756097561,0.666666666666667,0.566666666666667,2,
0.521739130434783,0.153846153846154,0.416666666666667,0.301310043668122,0.208791208791209,0.0943396226415094,0.254901960784314,0.485714285714286,0.166666666666667,0.157142857142857,0.194736842105263,0.194244604316547,0.0628930817610063,0.0789473684210526,0,0.390243902439024,0.833333333333333,0.9,2,
0.456521739130435,0.384615384615385,0.388888888888889,0.2882096069869,0.21978021978022,0.0754716981132075,0.196078431372549,0.571428571428571,0.0833333333333333,0.342857142857143,0.178947368421053,0.151079136690647,0.427672955974843,0.0789473684210526,0.454545454545455,0.195121951219512,0.733333333333333,0.733333333333333,2,
0.58695652173913,0.653846153846154,0.805555555555556,0.436681222707424,0.175824175824176,0.0754716981132075,0.69281045751634,0.114285714285714,0.583333333333333,0.542857142857143,0.536842105263158,0.641486810551559,0.654088050314465,0.236842105263158,0.363636363636364,0.170731707317073,0.433333333333333,0.266666666666667,2,
0.41304347826087,0.461538461538462,0.472222222222222,0.362445414847162,0.296703296703297,0.0943396226415094,0.294117647058824,0.428571428571429,0.166666666666667,0.357142857142857,0.257894736842105,0.229016786570743,0.465408805031447,0.144736842105263,0.363636363636364,0.146341463414634,0.633333333333333,0.666666666666667,2,
0.717391304347826,0.807692307692308,0.902777777777778,0.262008733624454,0.010989010989011,0.0566037735849057,0.882352941176471,0.0285714285714286,0.833333333333333,0.671428571428571,0.731578947368421,0.847721822541966,0.842767295597484,0.328947368421053,0.545454545454545,0.024390243902439,0.166666666666667,0.0333333333333333,2,
0.347826086956522,0.269230769230769,0.444444444444444,0.222707423580786,0.175824175824176,0.0943396226415094,0.222222222222222,0.542857142857143,0.166666666666667,0.242857142857143,0.236842105263158,0.164268585131894,0.226415094339623,0.171052631578947,0.181818181818182,0.24390243902439,0.533333333333333,0.5,2,
0.173913043478261,0.461538461538462,0.388888888888889,0.14410480349345,0.142857142857143,0.0943396226415094,0.261437908496732,0.542857142857143,0.166666666666667,0.471428571428571,0.194736842105263,0.178657074340528,0.440251572327044,0.289473684210526,0.136363636363636,0.317073170731707,0.1,0.0666666666666667,2,
0.195652173913043,0.384615384615385,0.458333333333333,0.218340611353712,0.197802197802198,0.0943396226415094,0.254901960784314,0.514285714285714,0.166666666666667,0.357142857142857,0.252631578947368,0.188249400479616,0.320754716981132,0.223684210526316,0.227272727272727,0.268292682926829,0.3,0.266666666666667,2,
0.391304347826087,0.346153846153846,0.611111111111111,0.458515283842795,0.307692307692308,0.0754716981132075,0.38562091503268,0.342857142857143,0.25,0.285714285714286,0.310526315789474,0.314148681055156,0.327044025157233,0.131578947368421,0.136363636363636,0.292682926829268,0.666666666666667,0.666666666666667,2,
0.41304347826087,0.153846153846154,0.486111111111111,0.379912663755459,0.263736263736264,0.0754716981132075,0.320261437908497,0.4,0.25,0.142857142857143,0.263157894736842,0.250599520383693,0.163522012578616,0.131578947368421,0.0454545454545455,0.341463414634146,0.633333333333333,0.7,2,
0.673913043478261,0.730769230769231,0.777777777777778,0.366812227074236,0.131868131868132,0.132075471698113,0.496732026143791,0.257142857142857,0.416666666666667,0.614285714285714,0.4,0.414868105515588,0.60377358490566,0.105263157894737,0.5,0.195121951219512,0.566666666666667,0.633333333333333,3,
0.543478260869565,0.846153846153846,0.847222222222222,0.502183406113537,0.241758241758242,0.169811320754717,0.738562091503268,0.114285714285714,0.666666666666667,0.857142857142857,0.531578947368421,0.676258992805755,0.672955974842767,0.197368421052632,0.272727272727273,0.341463414634146,0.366666666666667,0.466666666666667,3,
0.391304347826087,0.5,0.847222222222222,0.414847161572052,0.197802197802198,0.132075471698113,0.549019607843137,0.228571428571429,0.5,0.4,0.468421052631579,0.467625899280576,0.566037735849057,0.184210526315789,0.227272727272727,0.195121951219512,0.333333333333333,0.433333333333333,3,
0.391304347826087,0.461538461538462,0.486111111111111,0.218340611353712,0.10989010989011,0.0754716981132075,0.248366013071895,0.514285714285714,0.166666666666667,0.4,0.210526315789474,0.1810551558753,0.446540880503145,0.0921052631578947,0.727272727272727,0.0487804878048781,0.566666666666667,0.566666666666667,3,
0.58695652173913,0.923076923076923,0.930555555555556,0.449781659388646,0.175824175824176,0.169811320754717,0.751633986928105,0.114285714285714,0.666666666666667,0.885714285714286,0.547368421052632,0.685851318944844,0.60377358490566,0.171052631578947,0.272727272727273,0.463414634146341,0.333333333333333,0.566666666666667,3,
0.760869565217391,0.692307692307692,0.875,0.406113537117904,0.142857142857143,0.169811320754717,0.647058823529412,0.142857142857143,0.583333333333333,0.6,0.484210526315789,0.571942446043165,0.490566037735849,0.105263157894737,0.318181818181818,0.0731707317073171,0.466666666666667,0.633333333333333,3,
0.673913043478261,0.846153846153846,0.958333333333333,0.550218340611354,0.21978021978022,0.188679245283019,0.69281045751634,0.114285714285714,0.583333333333333,0.8,0.526315789473684,0.62589928057554,0.735849056603774,0.105263157894737,0.363636363636364,0.536585365853659,0.5,0.7,3,
0.673913043478261,0.730769230769231,0.847222222222222,0.445414847161572,0.164835164835165,0.150943396226415,0.562091503267974,0.2,0.5,0.614285714285714,0.405263157894737,0.483213429256595,0.59748427672956,0.0657894736842105,0.0909090909090909,0.121951219512195,0.633333333333333,0.766666666666667,3,
0.565217391304348,0.5,0.902777777777778,0.458515283842795,0.186813186813187,0.169811320754717,0.555555555555556,0.228571428571429,0.5,0.485714285714286,0.431578947368421,0.468824940047962,0.314465408805031,0.0789473684210526,0,0.804878048780488,0.6,0.8,3,
0.521739130434783,0.5,0.75,0.458515283842795,0.21978021978022,0.150943396226415,0.542483660130719,0.228571428571429,0.416666666666667,0.414285714285714,0.494736842105263,0.466426858513189,0.534591194968553,0.144736842105263,0,0.341463414634146,0.4,0.533333333333333,3,
0.565217391304348,0.846153846153846,0.847222222222222,0.445414847161572,0.164835164835165,0.207547169811321,0.718954248366013,0.114285714285714,0.666666666666667,0.885714285714286,0.5,0.645083932853717,0.654088050314465,0.157894736842105,0.0909090909090909,0.0731707317073171,0.333333333333333,0.5,3,
0.565217391304348,0.846153846153846,0.847222222222222,0.502183406113537,0.230769230769231,0.150943396226415,0.73202614379085,0.114285714285714,0.666666666666667,0.857142857142857,0.515789473684211,0.663069544364508,0.654088050314465,0.197368421052632,0.5,0.48780487804878,0.366666666666667,0.5,3,
0.608695652173913,0.846153846153846,0.930555555555556,0.419213973799127,0.153846153846154,0.169811320754717,0.738562091503268,0.114285714285714,0.666666666666667,0.857142857142857,0.515789473684211,0.654676258992806,0.59748427672956,0.197368421052632,0.363636363636364,0.853658536585366,0.366666666666667,0.666666666666667,3,
0.565217391304348,0.807692307692308,0.833333333333333,0.414847161572052,0.164835164835165,0.132075471698113,0.57516339869281,0.2,0.5,0.685714285714286,0.484210526315789,0.498800959232614,0.830188679245283,0.144736842105263,0.0909090909090909,0.170731707317073,0.433333333333333,0.566666666666667,3,
0.347826086956522,0.115384615384615,0.513888888888889,0.296943231441048,0.164835164835165,0.113207547169811,0.294117647058824,0.457142857142857,0.166666666666667,0.1,0.231578947368421,0.219424460431655,0.106918238993711,0.0526315789473684,0.227272727272727,0.536585365853659,0.733333333333333,0.8,3,
0.456521739130435,0.5,0.541666666666667,0.336244541484716,0.164835164835165,0.113207547169811,0.359477124183007,0.4,0.25,0.428571428571429,0.315789473684211,0.280575539568345,0.528301886792453,0.105263157894737,0.545454545454545,0.365853658536585,0.5,0.566666666666667,3,
0.347826086956522,0.538461538461538,0.569444444444444,0.22707423580786,0.10989010989011,0.113207547169811,0.320261437908497,0.428571428571429,0.25,0.442857142857143,0.3,0.244604316546763,0.553459119496855,0.171052631578947,0.409090909090909,0.365853658536585,0.366666666666667,0.4,3,
0.543478260869565,0.961538461538462,0.847222222222222,0.454148471615721,0.197802197802198,0.188679245283019,0.745098039215686,0.114285714285714,0.666666666666667,0.914285714285714,0.5,0.676258992805755,0.672955974842767,0.157894736842105,0.272727272727273,0.024390243902439,0.3,0.5,3,
0.326086956521739,0.269230769230769,0.402777777777778,0.183406113537118,0.131868131868132,0.0943396226415094,0.117647058823529,0.714285714285714,0.0833333333333333,0.228571428571429,0.0894736842105263,0.0815347721822542,0.220125786163522,0.0657894736842105,0.0454545454545455,0.024390243902439,0.566666666666667,0.633333333333333,3,
0.565217391304348,0.923076923076923,0.833333333333333,0.318777292576419,0.0769230769230769,0.207547169811321,0.73202614379085,0.114285714285714,0.666666666666667,1,0.489473684210526,0.649880095923261,0.654088050314465,0.171052631578947,0.181818181818182,0.170731707317073,0.3,0.566666666666667,3,
0.391304347826087,0.0769230769230769,0.361111111111111,0.240174672489083,0.131868131868132,0.0943396226415094,0.228758169934641,0.542857142857143,0.166666666666667,0.185714285714286,0.205263157894737,0.165467625899281,0.0880503144654088,0.0657894736842105,0.0454545454545455,0.024390243902439,0.7,0.733333333333333,3,
