84,18,4,
0.260869565217391,0.115384615384615,0.152777777777778,0.0480349344978166,0.0989010989010989,0.0566037735849057,0.0457516339869281,0.885714285714286,0,0.0857142857142857,0.0473684210526316,0.0275779376498801,0.113207547169811,0.289473684210526,0.590909090909091,0.121951219512195,0.166666666666667,0.1,0,
0.521739130434783,0.0769230769230769,0.361111111111111,0.205240174672489,0.186813186813187,0.113207547169811,0.104575163398693,0.742857142857143,0.0833333333333333,0.157142857142857,0.0947368421052632,0.0743405275779376,0.0188679245283019,0.0921052631578947,0.272727272727273,0.0487804878048781,0.633333333333333,0.633333333333333,0,
0.41304347826087,0.0769230769230769,0.25,0.139737991266376,0.120879120879121,0.0754716981132075,0.065359477124183,0.828571428571429,0,0.2,0.0631578947368421,0.0455635491606715,0.0440251572327044,0.0657894736842105,0.272727272727273,0.414634146341463,0.7,0.733333333333333,0,
0.391304347826087,0.307692307692308,0.333333333333333,0.192139737991266,0.153846153846154,0.113207547169811,0.111111111111111,0.714285714285714,0.0833333333333333,0.342857142857143,0.163157894736842,0.0779376498800959,0.276729559748428,0.118421052631579,0.272727272727273,0.292682926829268,0.6,0.666666666666667,0,
0.369565217391304,0.346153846153846,0.319444444444444,0.174672489082969,0.131868131868132,0.0943396226415094,0.124183006535948,0.685714285714286,0.0833333333333333,0.342857142857143,0.126315789473684,0.0899280575539568,0.333333333333333,0.0789473684210526,0.681818181818182,0.0731707317073171,0.7,0.766666666666667,0,
0.369565217391304,0.384615384615385,0.444444444444444,0.231441048034935,0.186813186813187,0.113207547169811,0.156862745098039,0.657142857142857,0.0833333333333333,0.385714285714286,0.147368421052632,0.113908872901679,0.364779874213836,0.0657894736842105,0.181818181818182,0.146341463414634,0.833333333333333,0.933333333333333,0,
0.260869565217391,0.538461538461538,0.486111111111111,0.074235807860262,0.0659340659340659,0.132075471698113,0.294117647058824,0.514285714285714,0.25,0.671428571428571,0.2,0.20863309352518,0.421383647798742,0.236842105263158,0.0454545454545455,0.170731707317073,0.2,0.333333333333333,0,
0.347826086956522,0.423076923076923,0.5,0.091703056768559,0.0769230769230769,0.150943396226415,0.287581699346405,0.514285714285714,0.25,0.471428571428571,0.173684210526316,0.201438848920863,0.421383647798742,0.223684210526316,0.545454545454545,0.292682926829268,0.266666666666667,0.4,0,
0.347826086956522,0.538461538461538,0.555555555555556,0.117903930131004,0.0769230769230769,0.169811320754717,0.313725490196078,0.485714285714286,0.25,0.642857142857143,0.236842105263158,0.221822541966427,0.408805031446541,0.236842105263158,0.0454545454545455,0.170731707317073,0.2,0.4,0,
0.347826086956522,0.269230769230769,0.541666666666667,0.218340611353712,0.186813186813187,0.132075471698113,0.209150326797386,0.571428571428571,0.166666666666667,0.3,0.2,0.152278177458034,0.251572327044025,0.157894736842105,0.363636363636364,0.170731707317073,0.4,0.533333333333333,0,
0.347826086956522,0.538461538461538,0.611111111111111,0.126637554585153,0.0879120879120879,0.169811320754717,0.294117647058824,0.514285714285714,0.25,0.6,0.205263157894737,0.203836930455636,0.421383647798742,0.197368421052632,0.227272727272727,0.219512195121951,0.2,0.366666666666667,0,
0.543478260869565,0.192307692307692,0.361111111111111,0.11353711790393,0.0879120879120879,0.0943396226415094,0.117647058823529,0.714285714285714,0.0833333333333333,0.285714285714286,0.157894736842105,0.0803357314148681,0.0880503144654088,0.131578947368421,0.136363636363636,0.292682926829268,0.5,0.433333333333333,0,
0.5,0.269230769230769,0.416666666666667,0.0698689956331878,0.032967032967033,0.113207547169811,0.163398692810458,0.685714285714286,0.0833333333333333,0.328571428571429,0.168421052631579,0.101918465227818,0.188679245283019,0.276315789473684,0.454545454545455,0.317073170731707,0.233333333333333,0.0666666666666667,0,
0.282608695652174,0.153846153846154,0.277777777777778,0.0480349344978166,0.0769230769230769,0.0566037735849057,0.0457516339869281,0.857142857142857,0,0.2,0.0578947368421053,0.0299760191846523,0.125786163522013,0.171052631578947,0.0909090909090909,0.195121951219512,0.333333333333333,0.3,0,
0.282608695652174,0.0384615384615385,0.305555555555556,0.157205240174672,0.153846153846154,0.0943396226415094,0.065359477124183,0.8,0,0.128571428571429,0.0578947368421053,0.0467625899280576,0.0188679245283019,0.0657894736842105,0.0909090909090909,0.341463414634146,0.8,0.9,0,
0.369565217391304,0.576923076923077,0.625,0.231441048034935,0.186813186813187,0.169811320754717,0.320261437908497,0.485714285714286,0.25,0.7,0.236842105263158,0.229016786570743,0.484276729559748,0.197368421052632,0.136363636363636,0.390243902439024,0.3,0.466666666666667,0,
0.543478260869565,0.423076923076923,0.527777777777778,0.244541484716157,0.175824175824176,0.113207547169811,0.196078431372549,0.6,0.0833333333333333,0.428571428571429,0.157894736842105,0.139088729016787,0.389937106918239,0.0526315789473684,0.863636363636364,0.0487804878048781,0.833333333333333,0.866666666666667,0,
0.521739130434783,0.538461538461538,0.652777777777778,0.262008733624454,0.186813186813187,0.132075471698113,0.287581699346405,0.485714285714286,0.25,0.442857142857143,0.226315789473684,0.209832134292566,0.459119496855346,0.118421052631579,0.0454545454545455,0.317073170731707,0.533333333333333,0.7,0,
0.217391304347826,0.461538461538462,0.458333333333333,0.248908296943231,0.230769230769231,0.113207547169811,0.196078431372549,0.571428571428571,0.0833333333333333,0.371428571428571,0.205263157894737,0.145083932853717,0.440251572327044,0.157894736842105,0.454545454545455,0.0731707317073171,0.5,0.6,0,
0.369565217391304,0.115384615384615,0.472222222222222,0.292576419213974,0.142857142857143,0.113207547169811,0.294117647058824,0.457142857142857,0.166666666666667,0.142857142857143,0.247368421052632,0.219424460431655,0.0880503144654088,0.0263157894736842,0.272727272727273,0.51219512195122,0.7,0.766666666666667,1,
0.391304347826087,0.384615384615385,0.444444444444444,0.165938864628821,0.0989010989010989,0.0943396226415094,0.241830065359477,0.542857142857143,0.166666666666667,0.314285714285714,0.2,0.171462829736211,0.352201257861635,0.171052631578947,0.590909090909091,0.560975609756098,0.333333333333333,0.333333333333333,1,
0.5,0.269230769230769,0.527777777777778,0.2882096069869,0.120879120879121,0.0943396226415094,0.405228758169935,0.342857142857143,0.333333333333333,0.3,0.352631578947368,0.324940047961631,0.320754716981132,0.118421052631579,0.136363636363636,0.707317073170732,0.5,0.633333333333333,1,
0.391304347826087,0.115384615384615,0.513888888888889,0.231441048034935,0.0989010989010989,0.0943396226415094,0.281045751633987,0.457142857142857,0.166666666666667,0.114285714285714,0.247368421052632,0.212230215827338,0.0880503144654088,0.0789473684210526,0.363636363636364,0.365853658536585,0.633333333333333,0.666666666666667,1,
0.391304347826087,0.115384615384615,0.444444444444444,0.253275109170306,0.142857142857143,0.113207547169811,0.248366013071895,0.514285714285714,0.166666666666667,0.214285714285714,0.189473684210526,0.179856115107914,0.0754716981132075,0.0526315789473684,0.0909090909090909,0.536585365853659,0.666666666666667,0.8,1,
0.326086956521739,0.346153846153846,0.513888888888889,0.205240174672489,0.120879120879121,0.113207547169811,0.183006535947712,0.6,0.0833333333333333,0.342857142857143,0.184210526315789,0.130695443645084,0.308176100628931,0.0657894736842105,0.454545454545455,0.268292682926829,0.733333333333333,0.8,1,
0.695652173913043,0.807692307692308,0.916666666666667,0.48471615720524,0.230769230769231,0.150943396226415,0.627450980392157,0.171428571428571,0.583333333333333,0.685714285714286,0.457894736842105,0.546762589928058,0.685534591194969,0.131578947368421,0.636363636363636,0.560975609756098,0.433333333333333,0.6,1,
0.434782608695652,0.230769230769231,0.652777777777778,0.344978165938865,0.186813186813187,0.113207547169811,0.372549019607843,0.4,0.25,0.228571428571429,0.368421052631579,0.28537170263789,0.251572327044025,0.171052631578947,0.318181818181818,0.609756097560976,0.4,0.466666666666667,1,
0.152173913043478,0.192307692307692,0.319444444444444,0.109170305676856,0.0879120879120879,0.0943396226415094,0.222222222222222,0.571428571428571,0.166666666666667,0.171428571428571,0.2,0.155875299760192,0.308176100628931,0.315789473684211,0.409090909090909,0.48780487804878,0.133333333333333,0.133333333333333,1,
0.543478260869565,0.230769230769231,0.569444444444444,0.379912663755459,0.186813186813187,0.132075471698113,0.352941176470588,0.4,0.25,0.285714285714286,0.284210526315789,0.276978417266187,0.138364779874214,0.0394736842105263,0.363636363636364,0.463414634146341,0.7,0.8,1,
0.652173913043478,0.692307692307692,0.902777777777778,0.305676855895197,0.0989010989010989,0.169811320754717,0.640522875816993,0.171428571428571,0.583333333333333,0.642857142857143,0.484210526315789,0.558752997601918,0.710691823899371,0.184210526315789,0.363636363636364,0.219512195121951,0.366666666666667,0.5,1,
0.782608695652174,0.807692307692308,0.958333333333333,0.528384279475983,0.230769230769231,0.169811320754717,0.666666666666667,0.142857142857143,0.583333333333333,0.728571428571429,0.505263157894737,0.588729016786571,0.647798742138365,0.118421052631579,0.5,0.780487804878049,0.433333333333333,0.7,1,
0.565217391304348,0.576923076923077,0.888888888888889,0.40174672489083,0.175824175824176,0.150943396226415,0.581699346405229,0.2,0.5,0.485714285714286,0.478947368421053,0.503597122302158,0.566037735849057,0.184210526315789,0.363636363636364,0.0975609756097561,0.4,0.533333333333333,1,
0.391304347826087,0.230769230769231,0.666666666666667,0.37117903930131,0.175824175824176,0.132075471698113,0.411764705882353,0.342857142857143,0.333333333333333,0.2,0.352631578947368,0.327338129496403,0.29559748427673,0.131578947368421,0,0.560975609756098,0.5,0.566666666666667,1,
0.782608695652174,0.615384615384615,0.958333333333333,0.388646288209607,0.131868131868132,0.150943396226415,0.620915032679739,0.171428571428571,0.583333333333333,0.542857142857143,0.5,0.540767386091127,0.654088050314465,0.144736842105263,0.590909090909091,0.75609756097561,0.5,0.7,1,
0.695652173913043,0.692307692307692,0.902777777777778,0.406113537117904,0.142857142857143,0.169811320754717,0.516339869281046,0.257142857142857,0.416666666666667,0.628571428571429,0.405263157894737,0.432853717026379,0.534591194968553,0.0657894736842105,0.818181818181818,0.0975609756097561,0.666666666666667,0.8,1,
0.695652173913043,0.807692307692308,0.833333333333333,0.506550218340611,0.241758241758242,0.150943396226415,0.712418300653595,0.114285714285714,0.666666666666667,0.742857142857143,0.536842105263158,0.640287769784173,0.584905660377358,0.184210526315789,0,0.317073170731707,0.366666666666667,0.6,1,
0.739130434782609,0.692307692307692,0.875,0.34061135371179,0.0989010989010989,0.169811320754717,0.660130718954248,0.142857142857143,0.583333333333333,0.628571428571429,0.505263157894737,0.586330935251799,0.679245283018868,0.171052631578947,0.0909090909090909,0.0975609756097561,0.4,0.566666666666667,1,
0.282608695652174,0.192307692307692,0.638888888888889,0.310043668122271,0.142857142857143,0.132075471698113,0.379084967320261,0.371428571428571,0.333333333333333,0.228571428571429,0.321052631578947,0.298561151079137,0.182389937106918,0.118421052631579,0.0454545454545455,0.682926829268293,0.5,0.6,1,
0.91304347826087,0.692307692307692,0.833333333333333,0.423580786026201,0.142857142857143,0.188679245283019,0.549019607843137,0.228571428571429,0.5,0.628571428571429,0.405263157894737,0.466426858513189,0.471698113207547,0.0394736842105263,1,0.024390243902439,0.733333333333333,0.9,1,
0.760869565217391,0.807692307692308,0.875,0.471615720524017,0.197802197802198,0.169811320754717,0.627450980392157,0.171428571428571,0.583333333333333,0.628571428571429,0.515789473684211,0.556354916067146,0.823899371069182,0.157894736842105,0.409090909090909,0,0.433333333333333,0.533333333333333,1,
0.260869565217391,0.269230769230769,0.444444444444444,0.152838427947598,0.131868131868132,0.0566037735849057,0.130718954248366,0.685714285714286,0.0833333333333333,0.242857142857143,0.152631578947368,0.0911270983213429,0.257861635220126,0.118421052631579,0.136363636363636,0.219512195121951,0.5,0.466666666666667,1,
0.282608695652174,0.423076923076923,0.416666666666667,0.157205240174672,0.186813186813187,0.0754716981132075,0.235294117647059,0.542857142857143,0.166666666666667,0.385714285714286,0.210526315789474,0.165467625899281,0.477987421383648,0.302631578947368,0.454545454545455,0.024390243902439,0.166666666666667,0.0666666666666667,2,
0.217391304347826,0.5,0.458333333333333,0.14410480349345,0.131868131868132,0.0754716981132075,0.235294117647059,0.542857142857143,0.166666666666667,0.4,0.194736842105263,0.171462829736211,0.465408805031447,0.210526315789474,0.363636363636364,0,0.3,0.333333333333333,2,
0.347826086956522,0.269230769230769,0.5,0.366812227074236,0.318681318681319,0.0943396226415094,0.248366013071895,0.514285714285714,0.166666666666667,0.257142857142857,0.231578947368421,0.189448441247002,0.245283018867925,0.171052631578947,0.136363636363636,0.195121951219512,0.566666666666667,0.533333333333333,2,
0.565217391304348,0.538461538461538,0.708333333333333,0.532751091703057,0.296703296703297,0.0566037735849057,0.588235294117647,0.171428571428571,0.5,0.428571428571429,0.547368421052632,0.533573141486811,0.484276729559748,0.263157894736842,0.181818181818182,0.268292682926829,0.533333333333333,0.333333333333333,2,
0.478260869565217,0.384615384615385,0.430555555555556,0.240174672489083,0.186813186813187,0.0754716981132075,0.215686274509804,0.542857142857143,0.166666666666667,0.328571428571429,0.205263157894737,0.165467625899281,0.389937106918239,0.105263157894737,0.363636363636364,0.0975609756097561,0.633333333333333,0.633333333333333,2,
0.565217391304348,0.192307692307692,0.472222222222222,0.349344978165939,0.208791208791209,0.0754716981132075,0.339869281045752,0.371428571428571,0.25,0.185714285714286,0.331578947368421,0.275779376498801,0.176100628930818,0.157894736842105,0.0909090909090909,0.536585365853659,0.8,0.7,2,
0.760869565217391,0.923076923076923,0.916666666666667,0.318777292576419,0.043956043956044,0.0566037735849057,0.941176470588235,0,0.916666666666667,0.742857142857143,0.815789473684211,0.937649880095923,0.955974842767296,0.368421052631579,0.5,0.0487804878048781,0.2,0,2,
0.195652173913043,0.384615384615385,0.458333333333333,0.235807860262009,0.230769230769231,0.0943396226415094,0.254901960784314,0.514285714285714,0.166666666666667,0.385714285714286,0.268421052631579,0.183453237410072,0.40251572327044,0.276315789473684,0.0909090909090909,0.414634146341463,0.233333333333333,0.233333333333333,2,
0.782608695652174,0.730769230769231,0.763888888888889,0.37117903930131,0.120879120879121,0.0377358490566038,0.751633986928105,0.0857142857142857,0.666666666666667,0.571428571428571,0.694736842105263,0.709832134292566,0.679245283018868,0.302631578947368,0,0.463414634146341,0.366666666666667,0.166666666666667,2,
0.260869565217391,0.346153846153846,0.333333333333333,0.074235807860262,0.0879120879120879,0.0943396226415094,0.241830065359477,0.571428571428571,0.166666666666667,0.4,0.194736842105263,0.166666666666667,0.39622641509434,0.342105263157895,0.0454545454545455,0.146341463414634,0.1,0.0333333333333333,2,
0.717391304347826,0.923076923076923,0.930555555555556,0.572052401746725,0.21978021978022,0.0754716981132075,0.980392156862745,0,0.916666666666667,0.757142857142857,0.815789473684211,0.962829736211031,0.949685534591195,0.355263157894737,0.409090909090909,0.75609756097561,0.133333333333333,0.1,2,
0.391304347826087,0.269230769230769,0.5,0.292576419213974,0.21978021978022,0.0943396226415094,0.241830065359477,0.514285714285714,0.166666666666667,0.242857142857143,0.205263157894737,0.177458033573141,0.220125786163522,0.118421052631579,0.181818181818182,0.414634146341463,0.533333333333333,0.633333333333333,2,
0.304347826086957,0.346153846153846,0.277777777777778,0.0524017467248908,0.043956043956044,0.0754716981132075,0.248366013071895,0.571428571428571,0.166666666666667,0.328571428571429,0.205263157894737,0.167865707434053,0.389937106918239,0.342105263157895,0.0909090909090909,0.341463414634146,0.0666666666666667,0.0333333333333333,2,
0.130434782608696,0.538461538461538,0.472222222222222,0.161572052401747,0.153846153846154,0.0943396226415094,0.26797385620915,0.485714285714286,0.166666666666667,0.442857142857143,0.236842105263158,0.197841726618705,0.566037735849057,0.236842105263158,0.272727272727273,0.24390243902439,0.233333333333333,0.266666666666667,2,
0.717391304347826,0.769230769230769,0.805555555555556,0.218340611353712,0,0.0377358490566038,0.816993464052288,0.0571428571428571,0.75,0.657142857142857,0.7,0.784172661870504,0.710691823899371,0.302631578947368,0.181818181818182,0.414634146341463,0.3,0.1,2,
0.282608695652174,0.384615384615385,0.291666666666667,0.0655021834061135,0.0659340659340659,0.113207547169811,0.248366013071895,0.571428571428571,0.166666666666667,0.371428571428571,0.205263157894737,0.170263788968825,0.39622641509434,0.342105263157895,0.363636363636364,0.195121951219512,0.1,0.0333333333333333,2,
0.304347826086957,0.307692307692308,0.458333333333333,0.235807860262009,0.186813186813187,0.0943396226415094,0.254901960784314,0.514285714285714,0.166666666666667,0.285714285714286,0.236842105263158,0.188249400479616,0.270440251572327,0.184210526315789,0.136363636363636,0.195121951219512,0.466666666666667,0.433333333333333,2,
0.5,0.5,0.472222222222222,0.427947598253275,0.296703296703297,0.0566037735849057,0.333333333333333,0.371428571428571,0.25,0.442857142857143,0.289473684210526,0.268585131894484,0.515723270440252,0.144736842105263,0.318181818181818,0.195121951219512,0.666666666666667,0.633333333333333,2,
0.565217391304348,0.576923076923077,0.541666666666667,0.414847161572052,0.230769230769231,0.0754716981132075,0.477124183006536,0.257142857142857,0.416666666666667,0.5,0.378947368421053,0.407673860911271,0.389937106918239,0.197368421052632,0.227272727272727,0.195121951219512,0.633333333333333,0.466666666666667,2,
0.456521739130435,0.153846153846154,0.458333333333333,0.358078602620087,0.263736263736264,0.0943396226415094,0.274509803921569,0.457142857142857,0.166666666666667,0.128571428571429,0.215789473684211,0.213429256594724,0.144654088050314,0.105263157894737,0.0909090909090909,0.195121951219512,0.7,0.833333333333333,2,
0.543478260869565,0.692307692307692,0.611111111111111,0.449781659388646,0.274725274725275,0.0943396226415094,0.470588235294118,0.257142857142857,0.333333333333333,0.614285714285714,0.363157894736842,0.402877697841727,0.559748427672956,0.171052631578947,0.409090909090909,0.268292682926829,0.666666666666667,0.6,2,
0.282608695652174,0.461538461538462,0.458333333333333,0.209606986899563,0.175824175824176,0.0754716981132075,0.241830065359477,0.514285714285714,0.166666666666667,0.385714285714286,0.210526315789474,0.1810551558753,0.421383647798742,0.157894736842105,0.272727272727273,0.024390243902439,0.433333333333333,0.5,2,
0.739130434782609,0.730769230769231,0.875,0.358078602620087,0.10989010989011,0.169811320754717,0.666666666666667,0.142857142857143,0.583333333333333,0.628571428571429,0.457894736842105,0.589928057553957,0.50314465408805,0.0921052631578947,0.272727272727273,0.121951219512195,0.433333333333333,0.566666666666667,3,
0.195652173913043,0.230769230769231,0.638888888888889,0.157205240174672,0.0769230769230769,0.0943396226415094,0.26797385620915,0.542857142857143,0.166666666666667,0.228571428571429,0.231578947368421,0.184652278177458,0.188679245283019,0.157894736842105,0.5,0.439024390243902,0.233333333333333,0.266666666666667,3,
0.652173913043478,0.807692307692308,0.930555555555556,0.497816593886463,0.186813186813187,0.188679245283019,0.718954248366013,0.114285714285714,0.666666666666667,0.8,0.478947368421053,0.652278177458034,0.566037735849057,0.105263157894737,0,0.439024390243902,0.433333333333333,0.633333333333333,3,
0.391304347826087,0.192307692307692,0.5,0.296943231441048,0.153846153846154,0.113207547169811,0.359477124183007,0.4,0.25,0.228571428571429,0.347368421052632,0.276978417266187,0.226415094339623,0.157894736842105,0,0.682926829268293,0.433333333333333,0.566666666666667,3,
0.652173913043478,0.884615384615385,0.902777777777778,0.344978165938865,0.131868131868132,0.150943396226415,0.640522875816993,0.171428571428571,0.583333333333333,0.785714285714286,0.457894736842105,0.556354916067146,0.685534591194969,0.171052631578947,0.590909090909091,0.536585365853659,0.4,0.5,3,
0.608695652173913,0.884615384615385,0.833333333333333,0.48471615720524,0.241758241758242,0.150943396226415,0.627450980392157,0.171428571428571,0.583333333333333,0.728571428571429,0.510526315789474,0.559952038369305,0.716981132075472,0.197368421052632,0.272727272727273,0.121951219512195,0.333333333333333,0.4,3,
0.565217391304348,0.730769230769231,0.888888888888889,0.318777292576419,0.0879120879120879,0.150943396226415,0.640522875816993,0.171428571428571,0.583333333333333,0.685714285714286,0.468421052631579,0.567146282973621,0.666666666666667,0.184210526315789,0.136363636363636,0.0487804878048781,0.366666666666667,0.433333333333333,3,
0.347826086956522,0.653846153846154,0.597222222222222,0.397379912663755,0.197802197802198,0.0754716981132075,0.431372549019608,0.314285714285714,0.333333333333333,0.542857142857143,0.405263157894737,0.356115107913669,0.635220125786163,0.157894736842105,0.0454545454545455,0.146341463414634,0.433333333333333,0.433333333333333,3,
0.782608695652174,0.615384615384615,0.875,0.358078602620087,0.10989010989011,0.169811320754717,0.61437908496732,0.171428571428571,0.5,0.542857142857143,0.431578947368421,0.534772182254197,0.484276729559748,0.0789473684210526,0.545454545454545,0.51219512195122,0.533333333333333,0.666666666666667,3,
0.5,0.576923076923077,0.597222222222222,0.318777292576419,0.131868131868132,0.113207547169811,0.38562091503268,0.371428571428571,0.333333333333333,0.485714285714286,0.342105263157895,0.304556354916067,0.547169811320755,0.105263157894737,0.681818181818182,0,0.633333333333333,0.666666666666667,3,
0.260869565217391,0.269230769230769,0.361111111111111,0.074235807860262,0.0549450549450549,0.0377358490566038,0.261437908496732,0.514285714285714,0.166666666666667,0.214285714285714,0.210526315789474,0.18705035971223,0.339622641509434,0.368421052631579,0.590909090909091,0.0731707317073171,0.133333333333333,0.0666666666666667,3,
0.326086956521739,0.115384615384615,0.527777777777778,0.244541484716157,0.164835164835165,0.0754716981132075,0.183006535947712,0.628571428571429,0.0833333333333333,0.0714285714285714,0.163157894736842,0.123501199040767,0.125786163522013,0.0921052631578947,0.181818181818182,0.853658536585366,0.6,0.7,3,
0.652173913043478,0.576923076923077,0.777777777777778,0.558951965065502,0.263736263736264,0.150943396226415,0.607843137254902,0.171428571428571,0.5,0.5,0.505263157894737,0.538369304556355,0.553459119496855,0.157894736842105,0.0909090909090909,0.365853658536585,0.4,0.5,3,
0.369565217391304,0.230769230769231,0.638888888888889,0.283842794759825,0.164835164835165,0.0943396226415094,0.326797385620915,0.428571428571429,0.25,0.185714285714286,0.336842105263158,0.244604316546763,0.238993710691824,0.197368421052632,0.0454545454545455,0.536585365853659,0.3,0.333333333333333,3,
0.652173913043478,0.653846153846154,0.805555555555556,0.471615720524017,0.175824175824176,0.132075471698113,0.529411764705882,0.228571428571429,0.416666666666667,0.614285714285714,0.442105263157895,0.459232613908873,0.477987421383648,0.0657894736842105,0.227272727272727,0.121951219512195,0.733333333333333,0.766666666666667,3,
0.565217391304348,0.923076923076923,0.958333333333333,0.506550218340611,0.208791208791209,0.169811320754717,0.712418300653595,0.114285714285714,0.666666666666667,0.828571428571429,0.547368421052632,0.648681055155875,0.79874213836478,0.144736842105263,0.454545454545455,0.609756097560976,0.4,0.633333333333333,3,
0.673913043478261,0.961538461538462,0.875,0.550218340611354,0.241758241758242,0.169811320754717,0.699346405228758,0.114285714285714,0.666666666666667,0.828571428571429,0.531578947368421,0.637889688249401,0.861635220125786,0.157894736842105,0.318181818181818,0.0975609756097561,0.366666666666667,0.5,3,
0.478260869565217,0.576923076923077,0.888888888888889,0.480349344978166,0.21978021978022,0.132075471698113,0.607843137254902,0.171428571428571,0.5,0.471428571428571,0.510526315789474,0.532374100719424,0.584905660377358,0.197368421052632,0.227272727272727,0.219512195121951,0.333333333333333,0.4,3,
0.652173913043478,0.807692307692308,0.930555555555556,0.37117903930131,0.0989010989010989,0.169811320754717,0.725490196078431,0.114285714285714,0.666666666666667,0.8,0.5,0.65347721822542,0.572327044025157,0.144736842105263,0,0.707317073170732,0.366666666666667,0.666666666666667,3,
0.0652173913043478,0.192307692307692,0.25,0.091703056768559,0.120879120879121,0.0566037735849057,0.137254901960784,0.714285714285714,0.0833333333333333,0.128571428571429,0.115789473684211,0.0899280575539568,0.226415094339623,0.368421052631579,0,0.51219512195122,0.0333333333333333,0.1,3,
0.5,0.846153846153846,0.805555555555556,0.248908296943231,0.0769230769230769,0.150943396226415,0.673202614379085,0.142857142857143,0.583333333333333,0.814285714285714,0.505263157894737,0.59832134292566,0.70440251572327,0.223684210526316,0.136363636363636,0.146341463414634,0.3,0.4,3,
