85,18,4,
0.434782608695652,0.5,0.625,0.283842794759825,0.208791208791209,0.132075471698113,0.254901960784314,0.514285714285714,0.166666666666667,0.414285714285714,0.205263157894737,0.185851318944844,0.440251572327044,0.105263157894737,0,0.0975609756097561,0.633333333333333,0.766666666666667,0,
0.304347826086957,0.115384615384615,0.180555555555556,0.0567685589519651,0.120879120879121,0.0377358490566038,0.0392156862745098,0.885714285714286,0,0.1,0.0421052631578947,0.0251798561151079,0.182389937106918,0.342105263157895,0.409090909090909,0.365853658536585,0.133333333333333,0.0666666666666667,0,
0.521739130434783,0.538461538461538,0.652777777777778,0.262008733624454,0.186813186813187,0.132075471698113,0.287581699346405,0.485714285714286,0.25,0.442857142857143,0.226315789473684,0.209832134292566,0.459119496855346,0.118421052631579,0.0454545454545455,0.317073170731707,0.533333333333333,0.7,0,
0.434782608695652,0.269230769230769,0.305555555555556,0.0567685589519651,0.021978021978022,0.0943396226415094,0.124183006535948,0.742857142857143,0.0833333333333333,0.385714285714286,0.157894736842105,0.0779376498800959,0.29559748427673,0.25,0.363636363636364,0.146341463414634,0.266666666666667,0.1,0,
0.5,0.230769230769231,0.513888888888889,0.244541484716157,0.164835164835165,0.113207547169811,0.183006535947712,0.6,0.0833333333333333,0.457142857142857,0.163157894736842,0.13189448441247,0.0943396226415094,0.0394736842105263,0.681818181818182,0.0731707317073171,0.833333333333333,0.9,0,
0.304347826086957,0.346153846153846,0.333333333333333,0.200873362445415,0.186813186813187,0.150943396226415,0.137254901960784,0.685714285714286,0.0833333333333333,0.328571428571429,0.142105263157895,0.0971223021582734,0.314465408805031,0.105263157894737,0.318181818181818,0,0.566666666666667,0.666666666666667,0,
0.456521739130435,0.461538461538462,0.625,0.244541484716157,0.175824175824176,0.150943396226415,0.300653594771242,0.485714285714286,0.25,0.557142857142857,0.231578947368421,0.219424460431655,0.333333333333333,0.118421052631579,0.0454545454545455,0.146341463414634,0.433333333333333,0.6,0,
0.434782608695652,0.384615384615385,0.666666666666667,0.2882096069869,0.208791208791209,0.132075471698113,0.248366013071895,0.542857142857143,0.166666666666667,0.414285714285714,0.178947368421053,0.179856115107914,0.213836477987421,0.0789473684210526,0.0909090909090909,0.414634146341463,0.666666666666667,0.833333333333333,0,
0.347826086956522,0.461538461538462,0.625,0.196506550218341,0.131868131868132,0.169811320754717,0.300653594771242,0.485714285714286,0.25,0.571428571428571,0.247368421052632,0.213429256594724,0.40251572327044,0.210526315789474,0.545454545454545,0.390243902439024,0.233333333333333,0.4,0,
0.391304347826087,0.307692307692308,0.333333333333333,0.192139737991266,0.153846153846154,0.113207547169811,0.111111111111111,0.714285714285714,0.0833333333333333,0.342857142857143,0.163157894736842,0.0779376498800959,0.276729559748428,0.118421052631579,0.272727272727273,0.292682926829268,0.6,0.666666666666667,0,
0.478260869565217,0.384615384615385,0.5,0.165938864628821,0.10989010989011,0.150943396226415,0.254901960784314,0.514285714285714,0.166666666666667,0.442857142857143,0.226315789473684,0.185851318944844,0.314465408805031,0.157894736842105,0.0909090909090909,0.560975609756098,0.366666666666667,0.633333333333333,0,
0.347826086956522,0.192307692307692,0.472222222222222,0.148471615720524,0.131868131868132,0.0943396226415094,0.156862745098039,0.657142857142857,0.0833333333333333,0.214285714285714,0.194736842105263,0.112709832134293,0.119496855345912,0.171052631578947,0.318181818181818,0.170731707317073,0.433333333333333,0.4,0,
0.347826086956522,0.307692307692308,0.319444444444444,0.131004366812227,0.131868131868132,0.0754716981132075,0.0718954248366013,0.828571428571429,0,0.271428571428571,0.0947368421052632,0.0467625899280576,0.257861635220126,0.223684210526316,0.545454545454545,0.0731707317073171,0.333333333333333,0.233333333333333,0,
0.456521739130435,0.346153846153846,0.388888888888889,0.200873362445415,0.186813186813187,0.0943396226415094,0.104575163398693,0.742857142857143,0.0833333333333333,0.357142857142857,0.126315789473684,0.0743405275779376,0.314465408805031,0.131578947368421,0.636363636363636,0.121951219512195,0.533333333333333,0.5,0,
0.434782608695652,0.346153846153846,0.333333333333333,0.0829694323144105,0.043956043956044,0.0943396226415094,0.150326797385621,0.714285714285714,0.0833333333333333,0.371428571428571,0.178947368421053,0.0935251798561151,0.289308176100629,0.25,0.727272727272727,0.292682926829268,0.3,0.133333333333333,0,
0.369565217391304,0.307692307692308,0.305555555555556,0.187772925764192,0.142857142857143,0.0754716981132075,0.104575163398693,0.742857142857143,0.0833333333333333,0.328571428571429,0.1,0.0743405275779376,0.30188679245283,0.0263157894736842,0.590909090909091,0.0975609756097561,0.833333333333333,0.9,0,
0.456521739130435,0.576923076923077,0.652777777777778,0.253275109170306,0.186813186813187,0.150943396226415,0.294117647058824,0.485714285714286,0.25,0.614285714285714,0.257894736842105,0.21462829736211,0.484276729559748,0.210526315789474,0.181818181818182,0.365853658536585,0.266666666666667,0.466666666666667,0,
0.543478260869565,0.192307692307692,0.361111111111111,0.11353711790393,0.0879120879120879,0.0943396226415094,0.117647058823529,0.714285714285714,0.0833333333333333,0.285714285714286,0.157894736842105,0.0803357314148681,0.0880503144654088,0.131578947368421,0.136363636363636,0.292682926829268,0.5,0.433333333333333,0,
0.391304347826087,0.384615384615385,0.416666666666667,0.126637554585153,0.0879120879120879,0.113207547169811,0.117647058823529,0.714285714285714,0.0833333333333333,0.4,0.152631578947368,0.0827338129496403,0.29559748427673,0.144736842105263,0.0454545454545455,0.195121951219512,0.466666666666667,0.433333333333333,0,
0.478260869565217,0.192307692307692,0.361111111111111,0.0960698689956332,0.0549450549450549,0.113207547169811,0.137254901960784,0.742857142857143,0.0833333333333333,0.314285714285714,0.147368421052632,0.0827338129496403,0.19496855345912,0.25,0.5,0.195121951219512,0.266666666666667,0.0666666666666667,0,
0.5,0.269230769230769,0.527777777777778,0.2882096069869,0.120879120879121,0.0943396226415094,0.405228758169935,0.342857142857143,0.333333333333333,0.3,0.352631578947368,0.324940047961631,0.320754716981132,0.118421052631579,0.136363636363636,0.707317073170732,0.5,0.633333333333333,1,
0.260869565217391,0,0.138888888888889,0,0.0659340659340659,0.0377358490566038,0.0196078431372549,0.942857142857143,0,0,0.0315789473684211,0.0107913669064748,0.113207547169811,0.315789473684211,0.0454545454545455,0.731707317073171,0.1,0.133333333333333,1,
0.695652173913043,0.692307692307692,0.902777777777778,0.406113537117904,0.142857142857143,0.169811320754717,0.516339869281046,0.257142857142857,0.416666666666667,0.628571428571429,0.405263157894737,0.432853717026379,0.534591194968553,0.0657894736842105,0.818181818181818,0.0975609756097561,0.666666666666667,0.8,1,
0.782608695652174,0.615384615384615,0.958333333333333,0.388646288209607,0.131868131868132,0.150943396226415,0.620915032679739,0.171428571428571,0.583333333333333,0.542857142857143,0.5,0.540767386091127,0.654088050314465,0.144736842105263,0.590909090909091,0.75609756097561,0.5,0.7,1,
0.369565217391304,0.230769230769231,0.680555555555556,0.336244541484716,0.164835164835165,0.113207547169811,0.411764705882353,0.342857142857143,0.333333333333333,0.2,0.368421052631579,0.328537170263789,0.283018867924528,0.144736842105263,0.5,0.365853658536585,0.433333333333333,0.466666666666667,1,
0.391304347826087,0.230769230769231,0.597222222222222,0.2882096069869,0.142857142857143,0.113207547169811,0.392156862745098,0.342857142857143,0.333333333333333,0.228571428571429,0.352631578947368,0.31294964028777,0.270440251572327,0.171052631578947,0,0.24390243902439,0.4,0.433333333333333,1,
0.739130434782609,0.769230769230769,0.944444444444444,0.475982532751092,0.186813186813187,0.188679245283019,0.61437908496732,0.171428571428571,0.5,0.642857142857143,0.452631578947368,0.531175059952038,0.584905660377358,0.0789473684210526,0.954545454545455,0.536585365853659,0.6,0.8,1,
0.5,0.653846153846154,0.75,0.48471615720524,0.21978021978022,0.132075471698113,0.490196078431373,0.257142857142857,0.416666666666667,0.571428571428571,0.442105263157895,0.408872901678657,0.660377358490566,0.105263157894737,0.363636363636364,0.146341463414634,0.566666666666667,0.666666666666667,1,
0.760869565217391,0.807692307692308,0.875,0.471615720524017,0.197802197802198,0.169811320754717,0.627450980392157,0.171428571428571,0.583333333333333,0.628571428571429,0.515789473684211,0.556354916067146,0.823899371069182,0.157894736842105,0.409090909090909,0,0.433333333333333,0.533333333333333,1,
0.195652173913043,0.153846153846154,0.361111111111111,0.0960698689956332,0.0769230769230769,0.0943396226415094,0.130718954248366,0.742857142857143,0.0833333333333333,0.128571428571429,0.0947368421052632,0.0815347721822542,0.207547169811321,0.171052631578947,0.772727272727273,0.170731707317073,0.233333333333333,0.2,1,
0.456521739130435,0.5,0.513888888888889,0.283842794759825,0.142857142857143,0.113207547169811,0.300653594771242,0.457142857142857,0.25,0.428571428571429,0.268421052631579,0.226618705035971,0.452830188679245,0.105263157894737,0.545454545454545,0.0487804878048781,0.566666666666667,0.6,1,
0.239130434782609,0.115384615384615,0.486111111111111,0.139737991266376,0.0879120879120879,0.0754716981132075,0.183006535947712,0.628571428571429,0.0833333333333333,0.1,0.189473684210526,0.127098321342926,0.182389937106918,0.157894736842105,0.181818181818182,0.878048780487805,0.433333333333333,0.466666666666667,1,
0.369565217391304,0.230769230769231,0.625,0.244541484716157,0.131868131868132,0.0943396226415094,0.333333333333333,0.428571428571429,0.25,0.185714285714286,0.310526315789474,0.254196642685851,0.308176100628931,0.157894736842105,0.318181818181818,0.317073170731707,0.333333333333333,0.366666666666667,1,
0.282608695652174,0.269230769230769,0.361111111111111,0.148471615720524,0.131868131868132,0.0377358490566038,0.163398692810458,0.657142857142857,0.0833333333333333,0.214285714285714,0.168421052631579,0.113908872901679,0.264150943396226,0.197368421052632,0.272727272727273,0.341463414634146,0.333333333333333,0.3,1,
0.326086956521739,0.461538461538462,0.583333333333333,0.222707423580786,0.0989010989010989,0.113207547169811,0.274509803921569,0.485714285714286,0.166666666666667,0.442857142857143,0.263157894736842,0.207434052757794,0.383647798742138,0.131578947368421,0.136363636363636,0,0.4,0.4,1,
0.369565217391304,0.115384615384615,0.472222222222222,0.292576419213974,0.142857142857143,0.113207547169811,0.294117647058824,0.457142857142857,0.166666666666667,0.142857142857143,0.247368421052632,0.219424460431655,0.0880503144654088,0.0263157894736842,0.272727272727273,0.51219512195122,0.7,0.766666666666667,1,
0.260869565217391,0,0,0.0480349344978166,0.10989010989011,0.0188679245283019,0,1,0,0.0142857142857143,0,0,0.113207547169811,0.355263157894737,0.545454545454545,0.51219512195122,0.166666666666667,0.0666666666666667,1,
0.41304347826087,0.461538461538462,0.5,0.253275109170306,0.10989010989011,0.0943396226415094,0.30718954248366,0.428571428571429,0.25,0.414285714285714,0.284210526315789,0.23621103117506,0.427672955974843,0.131578947368421,0.363636363636364,0.24390243902439,0.466666666666667,0.466666666666667,1,
0.369565217391304,0.153846153846154,0.555555555555556,0.292576419213974,0.120879120879121,0.132075471698113,0.294117647058824,0.457142857142857,0.25,0.2,0.221052631578947,0.226618705035971,0.0377358490566038,0.0131578947368421,0.136363636363636,0.439024390243902,0.833333333333333,0.933333333333333,1,
0.717391304347826,0.615384615384615,0.916666666666667,0.467248908296943,0.186813186813187,0.132075471698113,0.627450980392157,0.171428571428571,0.583333333333333,0.571428571428571,0.494736842105263,0.552757793764988,0.471698113207547,0.118421052631579,0.0454545454545455,0.585365853658537,0.466666666666667,0.7,1,
0.239130434782609,0.423076923076923,0.513888888888889,0.200873362445415,0.131868131868132,0.0566037735849057,0.261437908496732,0.514285714285714,0.166666666666667,0.357142857142857,0.236842105263158,0.191846522781775,0.427672955974843,0.236842105263158,0.363636363636364,0.0487804878048781,0.233333333333333,0.2,1,
0.152173913043478,0.192307692307692,0.319444444444444,0.109170305676856,0.0879120879120879,0.0943396226415094,0.222222222222222,0.571428571428571,0.166666666666667,0.171428571428571,0.2,0.155875299760192,0.308176100628931,0.315789473684211,0.409090909090909,0.48780487804878,0.133333333333333,0.133333333333333,1,
0.565217391304348,0.538461538461538,0.708333333333333,0.532751091703057,0.296703296703297,0.0566037735849057,0.588235294117647,0.171428571428571,0.5,0.428571428571429,0.547368421052632,0.533573141486811,0.484276729559748,0.263157894736842,0.181818181818182,0.268292682926829,0.533333333333333,0.333333333333333,2,
0.347826086956522,0.269230769230769,0.5,0.366812227074236,0.318681318681319,0.0943396226415094,0.248366013071895,0.514285714285714,0.166666666666667,0.257142857142857,0.231578947368421,0.189448441247002,0.245283018867925,0.171052631578947,0.136363636363636,0.195121951219512,0.566666666666667,0.533333333333333,2,
0.760869565217391,0.923076923076923,0.916666666666667,0.318777292576419,0.043956043956044,0.0566037735849057,0.941176470588235,0,0.916666666666667,0.742857142857143,0.815789473684211,0.937649880095923,0.955974842767296,0.368421052631579,0.5,0.0487804878048781,0.2,0,2,
0.434782608695652,0.538461538461538,0.611111111111111,0.441048034934498,0.263736263736264,0.0943396226415094,0.418300653594771,0.285714285714286,0.333333333333333,0.485714285714286,0.315789473684211,0.350119904076739,0.578616352201258,0.144736842105263,0.318181818181818,0.463414634146341,0.733333333333333,0.666666666666667,2,
0.782608695652174,0.846153846153846,0.861111111111111,0.283842794759825,0.043956043956044,0.0754716981132075,0.843137254901961,0.0285714285714286,0.75,0.671428571428571,0.710526315789474,0.822541966426859,0.867924528301887,0.328947368421053,0.454545454545455,0.268292682926829,0.266666666666667,0.0666666666666667,2,
0.608695652173913,0.346153846153846,0.305555555555556,0.310043668122271,0.21978021978022,0.0754716981132075,0.241830065359477,0.485714285714286,0.166666666666667,0.3,0.205263157894737,0.188249400479616,0.352201257861635,0.0789473684210526,0.318181818181818,0.268292682926829,0.866666666666667,0.933333333333333,2,
0.58695652173913,0.615384615384615,0.555555555555556,0.445414847161572,0.252747252747253,0.0754716981132075,0.464052287581699,0.257142857142857,0.333333333333333,0.542857142857143,0.4,0.399280575539568,0.559748427672956,0.184210526315789,0.136363636363636,0.317073170731707,0.733333333333333,0.6,2,
0.630434782608696,0.461538461538462,0.625,0.388646288209607,0.186813186813187,0.0754716981132075,0.522875816993464,0.2,0.416666666666667,0.4,0.457894736842105,0.462829736211031,0.339622641509434,0.223684210526316,0.272727272727273,0.170731707317073,0.633333333333333,0.4,2,
0.347826086956522,0.307692307692308,0.5,0.344978165938865,0.285714285714286,0.0943396226415094,0.294117647058824,0.457142857142857,0.166666666666667,0.257142857142857,0.268421052631579,0.226618705035971,0.276729559748428,0.197368421052632,0.363636363636364,0.292682926829268,0.5,0.466666666666667,2,
0.434782608695652,0.615384615384615,0.541666666666667,0.331877729257642,0.197802197802198,0.0943396226415094,0.398692810457516,0.314285714285714,0.333333333333333,0.571428571428571,0.310526315789474,0.334532374100719,0.534591194968553,0.144736842105263,0.227272727272727,0.24390243902439,0.7,0.7,2,
0.717391304347826,0.807692307692308,0.875,0.248908296943231,0,0.0377358490566038,0.882352941176471,0.0285714285714286,0.833333333333333,0.685714285714286,0.715789473684211,0.848920863309353,0.836477987421384,0.342105263157895,0.181818181818182,0.268292682926829,0.166666666666667,0.0666666666666667,2,
0.282608695652174,0.423076923076923,0.416666666666667,0.157205240174672,0.186813186813187,0.0754716981132075,0.235294117647059,0.542857142857143,0.166666666666667,0.385714285714286,0.210526315789474,0.165467625899281,0.477987421383648,0.302631578947368,0.454545454545455,0.024390243902439,0.166666666666667,0.0666666666666667,2,
0.152173913043478,0.423076923076923,0.388888888888889,0.0698689956331878,0.0659340659340659,0.113207547169811,0.254901960784314,0.542857142857143,0.166666666666667,0.4,0.210526315789474,0.178657074340528,0.509433962264151,0.276315789473684,0.181818181818182,0.390243902439024,0.133333333333333,0.133333333333333,2,
0.173913043478261,0.461538461538462,0.388888888888889,0.14410480349345,0.142857142857143,0.0943396226415094,0.261437908496732,0.542857142857143,0.166666666666667,0.471428571428571,0.194736842105263,0.178657074340528,0.440251572327044,0.289473684210526,0.136363636363636,0.317073170731707,0.1,0.0666666666666667,2,
0.217391304347826,0.423076923076923,0.388888888888889,0.174672489082969,0.153846153846154,0.113207547169811,0.228758169934641,0.542857142857143,0.166666666666667,0.357142857142857,0.210526315789474,0.169064748201439,0.446540880503145,0.197368421052632,0.0454545454545455,0.024390243902439,0.3,0.333333333333333,2,
0.630434782608696,0.692307692307692,0.722222222222222,0.393013100436681,0.142857142857143,0.0754716981132075,0.705882352941177,0.114285714285714,0.666666666666667,0.628571428571429,0.615789473684211,0.655875299760192,0.628930817610063,0.276315789473684,0.318181818181818,0.170731707317073,0.4,0.166666666666667,2,
0.478260869565217,0.538461538461538,0.458333333333333,0.397379912663755,0.252747252747253,0.0943396226415094,0.359477124183007,0.342857142857143,0.25,0.485714285714286,0.284210526315789,0.294964028776978,0.477987421383648,0.131578947368421,0.409090909090909,0.463414634146341,0.8,0.833333333333333,2,
0.456521739130435,0.615384615384615,0.541666666666667,0.432314410480349,0.263736263736264,0.0566037735849057,0.405228758169935,0.314285714285714,0.333333333333333,0.514285714285714,0.347368421052632,0.336930455635492,0.610062893081761,0.157894736842105,0.272727272727273,0.0487804878048781,0.7,0.6,2,
0.521739130434783,0.384615384615385,0.458333333333333,0.301310043668122,0.197802197802198,0.0754716981132075,0.26797385620915,0.457142857142857,0.166666666666667,0.357142857142857,0.242105263157895,0.212230215827338,0.39622641509434,0.0921052631578947,0.590909090909091,0.024390243902439,0.8,0.766666666666667,2,
0.152173913043478,0.384615384615385,0.388888888888889,0.0829694323144105,0.0659340659340659,0.0943396226415094,0.248366013071895,0.571428571428571,0.166666666666667,0.414285714285714,0.205263157894737,0.171462829736211,0.421383647798742,0.289473684210526,0.318181818181818,0.341463414634146,0.1,0.1,2,
0.391304347826087,0.269230769230769,0.5,0.292576419213974,0.21978021978022,0.0943396226415094,0.241830065359477,0.514285714285714,0.166666666666667,0.242857142857143,0.205263157894737,0.177458033573141,0.220125786163522,0.118421052631579,0.181818181818182,0.414634146341463,0.533333333333333,0.633333333333333,2,
0.304347826086957,0.230769230769231,0.416666666666667,0.192139737991266,0.153846153846154,0.0943396226415094,0.202614379084967,0.571428571428571,0.0833333333333333,0.257142857142857,0.178947368421053,0.147482014388489,0.20125786163522,0.131578947368421,0.0454545454545455,0.0487804878048781,0.533333333333333,0.6,2,
0.608695652173913,0.615384615384615,0.875,0.471615720524017,0.21978021978022,0.150943396226415,0.581699346405229,0.2,0.5,0.542857142857143,0.447368421052632,0.5,0.408805031446541,0.131578947368421,0.181818181818182,0.268292682926829,0.433333333333333,0.5,3,
0.434782608695652,0.346153846153846,0.666666666666667,0.366812227074236,0.164835164835165,0.150943396226415,0.464052287581699,0.285714285714286,0.333333333333333,0.328571428571429,0.410526315789474,0.383693045563549,0.371069182389937,0.144736842105263,0.136363636363636,0.292682926829268,0.433333333333333,0.533333333333333,3,
0.152173913043478,0.153846153846154,0.236111111111111,0.0524017467248908,0.0879120879120879,0.0754716981132075,0.0849673202614379,0.8,0.0833333333333333,0.1,0.0631578947368421,0.0539568345323741,0.144654088050314,0.289473684210526,0.363636363636364,0.121951219512195,0.0666666666666667,0.1,3,
0.652173913043478,0.807692307692308,0.708333333333333,0.327510917030568,0.10989010989011,0.169811320754717,0.705882352941177,0.142857142857143,0.666666666666667,0.742857142857143,0.473684210526316,0.627098321342926,0.559748427672956,0.171052631578947,0.0454545454545455,0.780487804878049,0.333333333333333,0.566666666666667,3,
0.130434782608696,0.230769230769231,0.444444444444444,0.100436681222707,0.0659340659340659,0.132075471698113,0.196078431372549,0.628571428571429,0.166666666666667,0.242857142857143,0.184210526315789,0.133093525179856,0.220125786163522,0.236842105263158,0.318181818181818,0.51219512195122,0.166666666666667,0.266666666666667,3,
0.260869565217391,0.192307692307692,0.444444444444444,0.11353711790393,0.0659340659340659,0.132075471698113,0.143790849673203,0.714285714285714,0.0833333333333333,0.2,0.0789473684210526,0.092326139088729,0.0880503144654088,0.0789473684210526,0.0454545454545455,0.585365853658537,0.4,0.566666666666667,3,
0.608695652173913,0.846153846153846,0.902777777777778,0.34061135371179,0.131868131868132,0.150943396226415,0.673202614379085,0.142857142857143,0.583333333333333,0.842857142857143,0.478947368421053,0.592326139088729,0.716981132075472,0.197368421052632,0.545454545454545,0.634146341463415,0.333333333333333,0.466666666666667,3,
0.543478260869565,0.961538461538462,0.847222222222222,0.454148471615721,0.197802197802198,0.188679245283019,0.745098039215686,0.114285714285714,0.666666666666667,0.914285714285714,0.5,0.676258992805755,0.672955974842767,0.157894736842105,0.272727272727273,0.024390243902439,0.3,0.5,3,
0.369565217391304,0.115384615384615,0.527777777777778,0.327510917030568,0.186813186813187,0.113207547169811,0.294117647058824,0.457142857142857,0.166666666666667,0.114285714285714,0.273684210526316,0.219424460431655,0.207547169811321,0.0921052631578947,0.0454545454545455,0.48780487804878,0.533333333333333,0.566666666666667,3,
0.521739130434783,0.846153846153846,0.875,0.406113537117904,0.175824175824176,0.169811320754717,0.673202614379085,0.142857142857143,0.583333333333333,0.771428571428571,0.468421052631579,0.591127098321343,0.691823899371069,0.210526315789474,0.227272727272727,0.585365853658537,0.3,0.433333333333333,3,
0.608695652173913,0.692307692307692,0.902777777777778,0.471615720524017,0.230769230769231,0.150943396226415,0.633986928104575,0.171428571428571,0.583333333333333,0.628571428571429,0.484210526315789,0.562350119904077,0.723270440251572,0.184210526315789,0.227272727272727,0.560975609756098,0.333333333333333,0.466666666666667,3,
0.304347826086957,0.423076923076923,0.805555555555556,0.467248908296943,0.252747252747253,0.150943396226415,0.503267973856209,0.257142857142857,0.416666666666667,0.328571428571429,0.442105263157895,0.420863309352518,0.433962264150943,0.157894736842105,0.0909090909090909,0.51219512195122,0.366666666666667,0.433333333333333,3,
0.369565217391304,0.230769230769231,0.638888888888889,0.283842794759825,0.164835164835165,0.0943396226415094,0.326797385620915,0.428571428571429,0.25,0.185714285714286,0.336842105263158,0.244604316546763,0.238993710691824,0.197368421052632,0.0454545454545455,0.536585365853659,0.3,0.333333333333333,3,
0.565217391304348,0.807692307692308,0.833333333333333,0.414847161572052,0.164835164835165,0.132075471698113,0.57516339869281,0.2,0.5,0.685714285714286,0.484210526315789,0.498800959232614,0.830188679245283,0.144736842105263,0.0909090909090909,0.170731707317073,0.433333333333333,0.566666666666667,3,
0.652173913043478,0.576923076923077,0.777777777777778,0.558951965065502,0.263736263736264,0.150943396226415,0.607843137254902,0.171428571428571,0.5,0.5,0.505263157894737,0.538369304556355,0.553459119496855,0.157894736842105,0.0909090909090909,0.365853658536585,0.4,0.5,3,
0.326086956521739,0.115384615384615,0.527777777777778,0.244541484716157,0.164835164835165,0.0754716981132075,0.183006535947712,0.628571428571429,0.0833333333333333,0.0714285714285714,0.163157894736842,0.123501199040767,0.125786163522013,0.0921052631578947,0.181818181818182,0.853658536585366,0.6,0.7,3,
0.130434782608696,0.269230769230769,0.555555555555556,0.126637554585153,0.0879120879120879,0.0943396226415094,0.228758169934641,0.6,0.166666666666667,0.242857142857143,0.221052631578947,0.152278177458034,0.220125786163522,0.223684210526316,0.363636363636364,0.731707317073171,0.166666666666667,0.4,3,
0.41304347826087,0.5,0.541666666666667,0.314410480349345,0.186813186813187,0.113207547169811,0.326797385620915,0.428571428571429,0.25,0.442857142857143,0.278947368421053,0.254196642685851,0.433962264150943,0.105263157894737,0.0909090909090909,0.24390243902439,0.5,0.566666666666667,3,
0.282608695652174,0.423076923076923,0.513888888888889,0.222707423580786,0.142857142857143,0.0943396226415094,0.261437908496732,0.514285714285714,0.166666666666667,0.328571428571429,0.231578947368421,0.193045563549161,0.327044025157233,0.171052631578947,0.409090909090909,0,0.366666666666667,0.366666666666667,3,
0.521739130434783,0.153846153846154,0.5,0.283842794759825,0.142857142857143,0.113207547169811,0.320261437908497,0.428571428571429,0.25,0.185714285714286,0.310526315789474,0.248201438848921,0.169811320754717,0.171052631578947,0,0,0.4,0.366666666666667,3,
0.326086956521739,0.269230769230769,0.541666666666667,0.344978165938865,0.164835164835165,0.0943396226415094,0.418300653594771,0.342857142857143,0.333333333333333,0.285714285714286,0.368421052631579,0.333333333333333,0.257861635220126,0.0921052631578947,0,0.707317073170732,0.433333333333333,0.6,3,
