85,18,4,
0.369565217391304,0.576923076923077,0.527777777777778,0.170305676855895,0.142857142857143,0.169811320754717,0.320261437908497,0.485714285714286,0.25,0.585714285714286,0.221052631578947,0.227817745803357,0.484276729559748,0.210526315789474,0.0909090909090909,0.0487804878048781,0.266666666666667,0.4,0,
0.434782608695652,0.423076923076923,0.694444444444444,0.270742358078603,0.197802197802198,0.150943396226415,0.26797385620915,0.514285714285714,0.166666666666667,0.542857142857143,0.210526315789474,0.196642685851319,0.213836477987421,0.0921052631578947,0.409090909090909,0.414634146341463,0.6,0.733333333333333,0,
0.391304347826087,0.307692307692308,0.361111111111111,0.117903930131004,0.0989010989010989,0.132075471698113,0.0915032679738562,0.771428571428571,0.0833333333333333,0.371428571428571,0.152631578947368,0.0635491606714628,0.289308176100629,0.171052631578947,0.136363636363636,0.24390243902439,0.5,0.433333333333333,0,
0.260869565217391,0.0769230769230769,0.0972222222222222,0.0262008733624454,0.0879120879120879,0.0188679245283019,0.0326797385620915,0.885714285714286,0,0.0571428571428571,0.0315789473684211,0.0227817745803357,0.188679245283019,0.394736842105263,0.227272727272727,0.219512195121951,0.133333333333333,0.1,0,
0.391304347826087,0.192307692307692,0.416666666666667,0.244541484716157,0.208791208791209,0.433962264150943,0.183006535947712,0.6,0.0833333333333333,0.3,0.168421052631579,0.134292565947242,0.132075471698113,0.105263157894737,0.181818181818182,0.268292682926829,0.533333333333333,0.7,0,
0.391304347826087,0.384615384615385,0.666666666666667,0.231441048034935,0.153846153846154,0.132075471698113,0.241830065359477,0.542857142857143,0.166666666666667,0.557142857142857,0.184210526315789,0.170263788968825,0.19496855345912,0.0657894736842105,0.0454545454545455,0.634146341463415,0.7,0.866666666666667,0,
0.347826086956522,0.423076923076923,0.5,0.091703056768559,0.0769230769230769,0.150943396226415,0.287581699346405,0.514285714285714,0.25,0.471428571428571,0.173684210526316,0.201438848920863,0.421383647798742,0.223684210526316,0.545454545454545,0.292682926829268,0.266666666666667,0.4,0,
0.41304347826087,0.384615384615385,0.416666666666667,0.0873362445414847,0.0549450549450549,0.0754716981132075,0.176470588235294,0.657142857142857,0.0833333333333333,0.371428571428571,0.178947368421053,0.117505995203837,0.39622641509434,0.263157894736842,0.181818181818182,0.390243902439024,0.233333333333333,0.133333333333333,0,
0.434782608695652,0.576923076923077,0.611111111111111,0.200873362445415,0.175824175824176,0.169811320754717,0.287581699346405,0.514285714285714,0.25,0.671428571428571,0.215789473684211,0.203836930455636,0.49685534591195,0.184210526315789,0.363636363636364,0.365853658536585,0.3,0.466666666666667,0,
0.217391304347826,0.269230769230769,0.180555555555556,0.0436681222707424,0.0659340659340659,0.0754716981132075,0.130718954248366,0.771428571428571,0.0833333333333333,0.314285714285714,0.0631578947368421,0.0755395683453237,0.30188679245283,0.355263157894737,0.363636363636364,0.170731707317073,0,0.0666666666666667,0,
0.5,0.423076923076923,0.625,0.270742358078603,0.208791208791209,0.150943396226415,0.281045751633987,0.485714285714286,0.166666666666667,0.457142857142857,0.194736842105263,0.205035971223022,0.314465408805031,0.105263157894737,0.136363636363636,0.24390243902439,0.533333333333333,0.7,0,
0.478260869565217,0.307692307692308,0.583333333333333,0.2882096069869,0.197802197802198,0.132075471698113,0.215686274509804,0.571428571428571,0.166666666666667,0.385714285714286,0.173684210526316,0.155875299760192,0.19496855345912,0.0657894736842105,0.181818181818182,0.195121951219512,0.766666666666667,0.866666666666667,0,
0.369565217391304,0.538461538461538,0.458333333333333,0.139737991266376,0.120879120879121,0.169811320754717,0.320261437908497,0.457142857142857,0.25,0.5,0.221052631578947,0.23021582733813,0.477987421383648,0.236842105263158,0.5,0.195121951219512,0.233333333333333,0.333333333333333,0,
0.521739130434783,0.461538461538462,0.666666666666667,0.301310043668122,0.21978021978022,0.150943396226415,0.294117647058824,0.485714285714286,0.25,0.557142857142857,0.226315789473684,0.217026378896883,0.30188679245283,0.105263157894737,0.363636363636364,0.292682926829268,0.533333333333333,0.633333333333333,0,
0.347826086956522,0.5,0.472222222222222,0.135371179039301,0.131868131868132,0.132075471698113,0.294117647058824,0.514285714285714,0.25,0.571428571428571,0.210526315789474,0.206235011990408,0.427672955974843,0.263157894736842,0.545454545454545,0.0731707317073171,0.266666666666667,0.333333333333333,0,
0.434782608695652,0.115384615384615,0.319444444444444,0.152838427947598,0.10989010989011,0.113207547169811,0.130718954248366,0.685714285714286,0.0833333333333333,0.257142857142857,0.147368421052632,0.0911270983213429,0.0754716981132075,0.105263157894737,0.136363636363636,0.658536585365854,0.566666666666667,0.666666666666667,0,
0.282608695652174,0.153846153846154,0.277777777777778,0.0480349344978166,0.0769230769230769,0.0566037735849057,0.0457516339869281,0.857142857142857,0,0.2,0.0578947368421053,0.0299760191846523,0.125786163522013,0.171052631578947,0.0909090909090909,0.195121951219512,0.333333333333333,0.3,0,
0.478260869565217,0.576923076923077,0.597222222222222,0.323144104803493,0.274725274725275,0.150943396226415,0.326797385620915,0.457142857142857,0.25,0.585714285714286,0.242105263157895,0.233812949640288,0.471698113207547,0.144736842105263,0.272727272727273,0.390243902439024,0.366666666666667,0.533333333333333,0,
0.347826086956522,0.115384615384615,0.388888888888889,0.196506550218341,0.142857142857143,0.113207547169811,0.137254901960784,0.685714285714286,0.0833333333333333,0.228571428571429,0.121052631578947,0.0971223021582734,0.0628930817610063,0.0394736842105263,0.272727272727273,0.439024390243902,0.833333333333333,0.933333333333333,0,
0.369565217391304,0.576923076923077,0.569444444444444,0.174672489082969,0.142857142857143,0.132075471698113,0.248366013071895,0.514285714285714,0.166666666666667,0.542857142857143,0.226315789473684,0.178657074340528,0.572327044025157,0.210526315789474,0.0909090909090909,0,0.3,0.466666666666667,0,
0.282608695652174,0.269230769230769,0.305555555555556,0.157205240174672,0.164835164835165,0.0943396226415094,0.248366013071895,0.542857142857143,0.166666666666667,0.214285714285714,0.184210526315789,0.175059952038369,0.40251572327044,0.302631578947368,0.0909090909090909,0.0731707317073171,0.133333333333333,0.133333333333333,1,
0.717391304347826,0.730769230769231,0.944444444444444,0.449781659388646,0.186813186813187,0.188679245283019,0.712418300653595,0.142857142857143,0.666666666666667,0.714285714285714,0.521052631578947,0.629496402877698,0.572327044025157,0.184210526315789,1,0.926829268292683,0.466666666666667,0.8,1,
0.673913043478261,0.769230769230769,0.944444444444444,0.436681222707424,0.186813186813187,0.169811320754717,0.705882352941177,0.142857142857143,0.666666666666667,0.771428571428571,0.505263157894737,0.627098321342926,0.591194968553459,0.157894736842105,0.636363636363636,0.731707317073171,0.433333333333333,0.733333333333333,1,
0.521739130434783,0.846153846153846,0.888888888888889,0.502183406113537,0.263736263736264,0.132075471698113,0.647058823529412,0.171428571428571,0.583333333333333,0.757142857142857,0.484210526315789,0.568345323741007,0.716981132075472,0.197368421052632,0.0454545454545455,0.585365853658537,0.333333333333333,0.5,1,
0.826086956521739,0.653846153846154,0.875,0.414847161572052,0.142857142857143,0.169811320754717,0.647058823529412,0.142857142857143,0.583333333333333,0.542857142857143,0.489473684210526,0.574340527577938,0.49685534591195,0.118421052631579,0.409090909090909,0.219512195121951,0.466666666666667,0.633333333333333,1,
0.434782608695652,0.230769230769231,0.319444444444444,0.183406113537118,0.120879120879121,0.0943396226415094,0.104575163398693,0.742857142857143,0.0833333333333333,0.228571428571429,0.1,0.0743405275779376,0.308176100628931,0.0526315789473684,0.409090909090909,0.170731707317073,0.733333333333333,0.766666666666667,1,
0.434782608695652,0.230769230769231,0.638888888888889,0.331877729257642,0.131868131868132,0.132075471698113,0.359477124183007,0.371428571428571,0.25,0.228571428571429,0.294736842105263,0.280575539568345,0.125786163522013,0.0526315789473684,0.272727272727273,0.414634146341463,0.7,0.766666666666667,1,
0.782608695652174,0.730769230769231,0.888888888888889,0.414847161572052,0.142857142857143,0.188679245283019,0.673202614379085,0.142857142857143,0.583333333333333,0.628571428571429,0.473684210526316,0.607913669064748,0.647798742138365,0.105263157894737,0.5,0.170731707317073,0.433333333333333,0.6,1,
0.282608695652174,0.115384615384615,0.527777777777778,0.183406113537118,0.120879120879121,0.0943396226415094,0.150326797385621,0.685714285714286,0.0833333333333333,0.0857142857142857,0.131578947368421,0.103117505995204,0.245283018867925,0.0921052631578947,0,0.609756097560976,0.466666666666667,0.466666666666667,1,
0.347826086956522,0.0769230769230769,0.166666666666667,0.074235807860262,0.10989010989011,0.0377358490566038,0.065359477124183,0.828571428571429,0,0.1,0.0473684210526316,0.0431654676258993,0.119496855345912,0.302631578947368,0.227272727272727,0.317073170731707,0.166666666666667,0.1,1,
0.434782608695652,0.230769230769231,0.652777777777778,0.344978165938865,0.186813186813187,0.113207547169811,0.372549019607843,0.4,0.25,0.228571428571429,0.368421052631579,0.28537170263789,0.251572327044025,0.171052631578947,0.318181818181818,0.609756097560976,0.4,0.466666666666667,1,
0.760869565217391,0.884615384615385,0.875,0.567685589519651,0.285714285714286,0.150943396226415,0.712418300653595,0.114285714285714,0.666666666666667,0.8,0.536842105263158,0.640287769784173,0.660377358490566,0.184210526315789,0.363636363636364,0.0731707317073171,0.366666666666667,0.533333333333333,1,
0.326086956521739,0.153846153846154,0.236111111111111,0.122270742358079,0.164835164835165,0.0754716981132075,0.150326797385621,0.685714285714286,0.0833333333333333,0.1,0.110526315789474,0.0971223021582734,0.220125786163522,0.315789473684211,0.727272727272727,0.390243902439024,0.133333333333333,0.1,1,
0.391304347826087,0.230769230769231,0.666666666666667,0.37117903930131,0.175824175824176,0.132075471698113,0.411764705882353,0.342857142857143,0.333333333333333,0.2,0.352631578947368,0.327338129496403,0.29559748427673,0.131578947368421,0,0.560975609756098,0.5,0.566666666666667,1,
0.652173913043478,0.692307692307692,0.902777777777778,0.305676855895197,0.0989010989010989,0.169811320754717,0.640522875816993,0.171428571428571,0.583333333333333,0.642857142857143,0.484210526315789,0.558752997601918,0.710691823899371,0.184210526315789,0.363636363636364,0.219512195121951,0.366666666666667,0.5,1,
0.347826086956522,0.192307692307692,0.555555555555556,0.283842794759825,0.131868131868132,0.0943396226415094,0.320261437908497,0.428571428571429,0.25,0.185714285714286,0.294736842105263,0.245803357314149,0.176100628930818,0.118421052631579,0.227272727272727,0.365853658536585,0.533333333333333,0.533333333333333,1,
0.5,0.461538461538462,0.847222222222222,0.423580786026201,0.208791208791209,0.132075471698113,0.522875816993464,0.228571428571429,0.416666666666667,0.357142857142857,0.463157894736842,0.441247002398082,0.540880503144654,0.184210526315789,0.136363636363636,0.463414634146341,0.433333333333333,0.533333333333333,1,
0.91304347826087,0.769230769230769,0.833333333333333,0.441048034934498,0.186813186813187,0.169811320754717,0.705882352941177,0.114285714285714,0.666666666666667,0.685714285714286,0.521052631578947,0.630695443645084,0.660377358490566,0.157894736842105,0.954545454545455,0.268292682926829,0.433333333333333,0.6,1,
0.347826086956522,0.115384615384615,0.402777777777778,0.253275109170306,0.175824175824176,0.0754716981132075,0.183006535947712,0.628571428571429,0.0833333333333333,0.185714285714286,0.178947368421053,0.128297362110312,0.106918238993711,0.0921052631578947,0.0454545454545455,0.926829268292683,0.566666666666667,0.766666666666667,1,
0.673913043478261,0.653846153846154,0.777777777777778,0.467248908296943,0.197802197802198,0.150943396226415,0.490196078431373,0.257142857142857,0.416666666666667,0.542857142857143,0.405263157894737,0.411270983213429,0.540880503144654,0.0789473684210526,0.136363636363636,0.170731707317073,0.633333333333333,0.833333333333333,1,
0.630434782608696,0.576923076923077,0.902777777777778,0.480349344978166,0.186813186813187,0.150943396226415,0.581699346405229,0.2,0.5,0.485714285714286,0.442105263157895,0.498800959232614,0.433962264150943,0.0657894736842105,0,0.609756097560976,0.533333333333333,0.766666666666667,1,
0.608695652173913,0.692307692307692,0.805555555555556,0.393013100436681,0.142857142857143,0.150943396226415,0.542483660130719,0.228571428571429,0.416666666666667,0.614285714285714,0.468421052631579,0.465227817745803,0.691823899371069,0.105263157894737,0,0.24390243902439,0.533333333333333,0.666666666666667,1,
0.326086956521739,0.269230769230769,0.458333333333333,0.301310043668122,0.230769230769231,0.0943396226415094,0.248366013071895,0.514285714285714,0.166666666666667,0.271428571428571,0.231578947368421,0.188249400479616,0.264150943396226,0.131578947368421,0.0909090909090909,0.48780487804878,0.666666666666667,0.633333333333333,2,
0.304347826086957,0.5,0.430555555555556,0.240174672489083,0.208791208791209,0.0754716981132075,0.254901960784314,0.514285714285714,0.166666666666667,0.4,0.236842105263158,0.190647482014389,0.50314465408805,0.184210526315789,0.0909090909090909,0,0.333333333333333,0.3,2,
0.217391304347826,0.5,0.430555555555556,0.22707423580786,0.252747252747253,0.0754716981132075,0.254901960784314,0.514285714285714,0.166666666666667,0.414285714285714,0.231578947368421,0.184652278177458,0.559748427672956,0.276315789473684,0.136363636363636,0.268292682926829,0.166666666666667,0.166666666666667,2,
0.739130434782609,0.923076923076923,0.861111111111111,0.349344978165939,0.0879120879120879,0.0943396226415094,0.797385620915033,0.0571428571428571,0.75,0.757142857142857,0.594736842105263,0.764988009592326,0.754716981132076,0.236842105263158,0.318181818181818,0.268292682926829,0.366666666666667,0.2,2,
0.41304347826087,0.153846153846154,0.486111111111111,0.349344978165939,0.252747252747253,0.0754716981132075,0.274509803921569,0.457142857142857,0.166666666666667,0.185714285714286,0.284210526315789,0.21462829736211,0.113207547169811,0.157894736842105,0,0.0975609756097561,0.733333333333333,0.7,2,
0.347826086956522,0.346153846153846,0.416666666666667,0.192139737991266,0.164835164835165,0.0943396226415094,0.228758169934641,0.542857142857143,0.166666666666667,0.357142857142857,0.242105263157895,0.166666666666667,0.276729559748428,0.223684210526316,0.0909090909090909,0.146341463414634,0.333333333333333,0.266666666666667,2,
0.347826086956522,0.423076923076923,0.444444444444444,0.244541484716157,0.208791208791209,0.0943396226415094,0.209150326797386,0.571428571428571,0.166666666666667,0.414285714285714,0.189473684210526,0.15347721822542,0.377358490566038,0.131578947368421,0.5,0.024390243902439,0.5,0.566666666666667,2,
0.195652173913043,0.384615384615385,0.430555555555556,0.218340611353712,0.230769230769231,0.0943396226415094,0.248366013071895,0.542857142857143,0.166666666666667,0.357142857142857,0.215789473684211,0.175059952038369,0.40251572327044,0.25,0.318181818181818,0.268292682926829,0.166666666666667,0.166666666666667,2,
0.391304347826087,0.461538461538462,0.5,0.292576419213974,0.241758241758242,0.0943396226415094,0.248366013071895,0.514285714285714,0.166666666666667,0.371428571428571,0.210526315789474,0.18705035971223,0.440251572327044,0.131578947368421,0.545454545454545,0.024390243902439,0.633333333333333,0.666666666666667,2,
0.195652173913043,0.423076923076923,0.319444444444444,0.0829694323144105,0.0769230769230769,0.0943396226415094,0.254901960784314,0.542857142857143,0.166666666666667,0.414285714285714,0.189473684210526,0.173860911270983,0.477987421383648,0.289473684210526,0.136363636363636,0.0975609756097561,0.1,0.0333333333333333,2,
0.260869565217391,0.384615384615385,0.361111111111111,0.0698689956331878,0.0769230769230769,0.0566037735849057,0.235294117647059,0.571428571428571,0.166666666666667,0.385714285714286,0.2,0.163069544364508,0.408805031446541,0.368421052631579,0.363636363636364,0.0487804878048781,0.1,0,2,
0.565217391304348,0.692307692307692,0.666666666666667,0.366812227074236,0.164835164835165,0.0566037735849057,0.594771241830065,0.171428571428571,0.5,0.571428571428571,0.484210526315789,0.528776978417266,0.691823899371069,0.236842105263158,0.363636363636364,0.634146341463415,0.5,0.3,2,
0.282608695652174,0.346153846153846,0.347222222222222,0.0524017467248908,0.0659340659340659,0.0754716981132075,0.261437908496732,0.542857142857143,0.166666666666667,0.328571428571429,0.236842105263158,0.1810551558753,0.39622641509434,0.342105263157895,0.227272727272727,0.0975609756097561,0.1,0.0666666666666667,2,
0.282608695652174,0.538461538461538,0.486111111111111,0.266375545851528,0.230769230769231,0.0754716981132075,0.274509803921569,0.485714285714286,0.166666666666667,0.4,0.242105263157895,0.206235011990408,0.509433962264151,0.197368421052632,0.318181818181818,0.0731707317073171,0.4,0.433333333333333,2,
0.326086956521739,0.230769230769231,0.416666666666667,0.270742358078603,0.208791208791209,0.0943396226415094,0.235294117647059,0.514285714285714,0.166666666666667,0.228571428571429,0.194736842105263,0.177458033573141,0.213836477987421,0.131578947368421,0.227272727272727,0.317073170731707,0.566666666666667,0.666666666666667,2,
0.173913043478261,0.423076923076923,0.444444444444444,0.152838427947598,0.142857142857143,0.0754716981132075,0.26797385620915,0.514285714285714,0.166666666666667,0.4,0.263157894736842,0.195443645083933,0.433962264150943,0.289473684210526,0.0454545454545455,0.365853658536585,0.2,0.166666666666667,2,
0.717391304347826,0.769230769230769,0.805555555555556,0.218340611353712,0,0.0377358490566038,0.816993464052288,0.0571428571428571,0.75,0.657142857142857,0.7,0.784172661870504,0.710691823899371,0.302631578947368,0.181818181818182,0.414634146341463,0.3,0.1,2,
0.239130434782609,0.538461538461538,0.486111111111111,0.213973799126638,0.186813186813187,0.0754716981132075,0.274509803921569,0.485714285714286,0.166666666666667,0.385714285714286,0.236842105263158,0.203836930455636,0.471698113207547,0.210526315789474,0,0.0731707317073171,0.3,0.366666666666667,2,
0.869565217391304,0.923076923076923,0.958333333333333,0.393013100436681,0.0989010989010989,0.0754716981132075,0.967320261437909,0,0.916666666666667,0.814285714285714,0.831578947368421,0.956834532374101,0.955974842767296,0.342105263157895,0.5,0.51219512195122,0.2,0.0666666666666667,2,
0.891304347826087,0.923076923076923,0.861111111111111,0.336244541484716,0.0549450549450549,0.0754716981132075,0.947712418300654,0,0.916666666666667,0.728571428571429,0.826315789473684,0.940047961630695,0.955974842767296,0.342105263157895,0.0909090909090909,0.51219512195122,0.2,0.1,2,
0.260869565217391,0.423076923076923,0.361111111111111,0.091703056768559,0.120879120879121,0.0754716981132075,0.235294117647059,0.542857142857143,0.166666666666667,0.385714285714286,0.210526315789474,0.166666666666667,0.477987421383648,0.328947368421053,0.363636363636364,0.024390243902439,0.133333333333333,0.0666666666666667,2,
0.456521739130435,0.423076923076923,0.416666666666667,0.358078602620087,0.274725274725275,0.113207547169811,0.26797385620915,0.457142857142857,0.166666666666667,0.371428571428571,0.215789473684211,0.212230215827338,0.433962264150943,0.105263157894737,0.318181818181818,0.0487804878048781,0.766666666666667,0.833333333333333,2,
0.41304347826087,0.230769230769231,0.708333333333333,0.379912663755459,0.164835164835165,0.113207547169811,0.418300653594771,0.314285714285714,0.333333333333333,0.271428571428571,0.347368421052632,0.338129496402878,0.264150943396226,0.105263157894737,0.136363636363636,0.560975609756098,0.533333333333333,0.633333333333333,3,
0.326086956521739,0.0769230769230769,0.138888888888889,0.074235807860262,0.120879120879121,0.0566037735849057,0.0130718954248366,0.942857142857143,0,0.0571428571428571,0.0105263157894737,0.00959232613908873,0.182389937106918,0.197368421052632,0.954545454545455,0.0975609756097561,0.2,0.2,3,
0.239130434782609,0.192307692307692,0.472222222222222,0.148471615720524,0.10989010989011,0.113207547169811,0.176470588235294,0.657142857142857,0.0833333333333333,0.128571428571429,0.157894736842105,0.117505995203837,0.113207547169811,0.171052631578947,0.409090909090909,0.48780487804878,0.233333333333333,0.333333333333333,3,
0.543478260869565,0.576923076923077,0.847222222222222,0.397379912663755,0.153846153846154,0.169811320754717,0.620915032679739,0.142857142857143,0.5,0.485714285714286,0.510526315789474,0.558752997601918,0.528301886792453,0.157894736842105,0.227272727272727,0.170731707317073,0.433333333333333,0.5,3,
0.652173913043478,0.846153846153846,0.833333333333333,0.393013100436681,0.164835164835165,0.169811320754717,0.65359477124183,0.142857142857143,0.583333333333333,0.814285714285714,0.457894736842105,0.577937649880096,0.691823899371069,0.184210526315789,0.454545454545455,0.341463414634146,0.366666666666667,0.433333333333333,3,
0.173913043478261,0.192307692307692,0.180555555555556,0.0829694323144105,0.120879120879121,0.0754716981132075,0.143790849673203,0.714285714285714,0.0833333333333333,0.142857142857143,0.0894736842105263,0.0899280575539568,0.245283018867925,0.315789473684211,0.454545454545455,0.146341463414634,0.0333333333333333,0.1,3,
0.58695652173913,0.692307692307692,0.958333333333333,0.524017467248908,0.21978021978022,0.132075471698113,0.686274509803922,0.114285714285714,0.583333333333333,0.628571428571429,0.568421052631579,0.623501199040767,0.610062893081761,0.171052631578947,0.272727272727273,0.439024390243902,0.433333333333333,0.6,3,
0.739130434782609,0.730769230769231,0.875,0.358078602620087,0.10989010989011,0.169811320754717,0.666666666666667,0.142857142857143,0.583333333333333,0.628571428571429,0.457894736842105,0.589928057553957,0.50314465408805,0.0921052631578947,0.272727272727273,0.121951219512195,0.433333333333333,0.566666666666667,3,
0.717391304347826,0.769230769230769,0.805555555555556,0.432314410480349,0.175824175824176,0.169811320754717,0.705882352941177,0.114285714285714,0.666666666666667,0.7,0.515789473684211,0.630695443645084,0.660377358490566,0.157894736842105,0.454545454545455,0.585365853658537,0.4,0.533333333333333,3,
0.478260869565217,0.615384615384615,0.722222222222222,0.388646288209607,0.164835164835165,0.150943396226415,0.431372549019608,0.314285714285714,0.333333333333333,0.514285714285714,0.368421052631579,0.352517985611511,0.389937106918239,0.0657894736842105,0.0909090909090909,0,0.733333333333333,0.833333333333333,3,
0.304347826086957,0.192307692307692,0.625,0.318777292576419,0.153846153846154,0.113207547169811,0.339869281045752,0.4,0.25,0.157142857142857,0.294736842105263,0.261390887290168,0.132075471698113,0.0526315789473684,0.0454545454545455,0.609756097560976,0.733333333333333,0.8,3,
0.434782608695652,0.538461538461538,0.597222222222222,0.266375545851528,0.142857142857143,0.0943396226415094,0.359477124183007,0.4,0.25,0.414285714285714,0.352631578947368,0.279376498800959,0.578616352201258,0.184210526315789,0.545454545454545,0.0975609756097561,0.366666666666667,0.366666666666667,3,
0.304347826086957,0.615384615384615,0.638888888888889,0.375545851528384,0.186813186813187,0.132075471698113,0.42483660130719,0.314285714285714,0.333333333333333,0.5,0.352631578947368,0.344124700239808,0.628930817610063,0.105263157894737,0.5,0.170731707317073,0.533333333333333,0.6,3,
0.260869565217391,0.269230769230769,0.361111111111111,0.074235807860262,0.0549450549450549,0.0377358490566038,0.261437908496732,0.514285714285714,0.166666666666667,0.214285714285714,0.210526315789474,0.18705035971223,0.339622641509434,0.368421052631579,0.590909090909091,0.0731707317073171,0.133333333333333,0.0666666666666667,3,
0.326086956521739,0.0384615384615385,0.402777777777778,0.209606986899563,0.10989010989011,0.0566037735849057,0.169934640522876,0.628571428571429,0.0833333333333333,0.0571428571428571,0.147368421052632,0.119904076738609,0.0691823899371069,0.0394736842105263,0.409090909090909,0.707317073170732,0.933333333333333,0.966666666666667,3,
0.434782608695652,0.0769230769230769,0.444444444444444,0.296943231441048,0.164835164835165,0.0943396226415094,0.241830065359477,0.514285714285714,0.166666666666667,0.0857142857142857,0.205263157894737,0.179856115107914,0.10062893081761,0.0394736842105263,0.227272727272727,0.731707317073171,0.9,0.966666666666667,3,
0.326086956521739,0.230769230769231,0.666666666666667,0.393013100436681,0.241758241758242,0.113207547169811,0.366013071895425,0.4,0.25,0.214285714285714,0.363157894736842,0.278177458033573,0.264150943396226,0.197368421052632,0.136363636363636,0.536585365853659,0.333333333333333,0.366666666666667,3,
0.391304347826087,0.615384615384615,0.638888888888889,0.397379912663755,0.175824175824176,0.113207547169811,0.42483660130719,0.314285714285714,0.333333333333333,0.542857142857143,0.384210526315789,0.34652278177458,0.578616352201258,0.105263157894737,0.318181818181818,0.121951219512195,0.533333333333333,0.566666666666667,3,
0.152173913043478,0.0384615384615385,0.0277777777777778,0.0262008733624454,0.10989010989011,0.0188679245283019,0.0130718954248366,0.942857142857143,0,0.0142857142857143,0.00526315789473684,0.00839328537170264,0.0754716981132075,0.368421052631579,0.181818181818182,0.170731707317073,0.1,0.0666666666666667,3,
0.282608695652174,0.192307692307692,0.680555555555556,0.314410480349345,0.131868131868132,0.132075471698113,0.372549019607843,0.371428571428571,0.25,0.2,0.315789473684211,0.292565947242206,0.245283018867925,0.105263157894737,0.318181818181818,0.804878048780488,0.566666666666667,0.7,3,
0.58695652173913,0.692307692307692,0.888888888888889,0.25764192139738,0.0549450549450549,0.150943396226415,0.61437908496732,0.171428571428571,0.5,0.657142857142857,0.457894736842105,0.535971223021583,0.528301886792453,0.131578947368421,0.227272727272727,0.51219512195122,0.4,0.5,3,
