85,18,4,
0.369565217391304,0.576923076923077,0.625,0.231441048034935,0.186813186813187,0.169811320754717,0.320261437908497,0.485714285714286,0.25,0.7,0.236842105263158,0.229016786570743,0.484276729559748,0.197368421052632,0.136363636363636,0.390243902439024,0.3,0.466666666666667,0,
0.260869565217391,0.461538461538462,0.583333333333333,0.126637554585153,0.0989010989010989,0.169811320754717,0.30718954248366,0.485714285714286,0.25,0.542857142857143,0.210526315789474,0.213429256594724,0.40251572327044,0.223684210526316,0.454545454545455,0.51219512195122,0.233333333333333,0.4,0,
0.347826086956522,0.153846153846154,0.152777777777778,0.0305676855895196,0.0769230769230769,0.0566037735849057,0.0522875816993464,0.857142857142857,0,0.128571428571429,0.0421052631578947,0.0347721822541966,0.238993710691824,0.302631578947368,0.318181818181818,0.0975609756097561,0.166666666666667,0.0666666666666667,0,
0.543478260869565,0.423076923076923,0.527777777777778,0.244541484716157,0.175824175824176,0.113207547169811,0.196078431372549,0.6,0.0833333333333333,0.428571428571429,0.157894736842105,0.139088729016787,0.389937106918239,0.0526315789473684,0.863636363636364,0.0487804878048781,0.833333333333333,0.866666666666667,0,
0.434782608695652,0.461538461538462,0.597222222222222,0.165938864628821,0.0989010989010989,0.150943396226415,0.294117647058824,0.485714285714286,0.25,0.528571428571429,0.263157894736842,0.215827338129496,0.49685534591195,0.210526315789474,0.0454545454545455,0.51219512195122,0.266666666666667,0.533333333333333,0,
0.456521739130435,0.384615384615385,0.583333333333333,0.139737991266376,0.0769230769230769,0.150943396226415,0.281045751633987,0.485714285714286,0.166666666666667,0.442857142857143,0.242105263157895,0.209832134292566,0.327044025157233,0.197368421052632,0.0454545454545455,0.146341463414634,0.333333333333333,0.533333333333333,0,
0.282608695652174,0.153846153846154,0.402777777777778,0.200873362445415,0.175824175824176,0.113207547169811,0.169934640522876,0.628571428571429,0.0833333333333333,0.228571428571429,0.173684210526316,0.119904076738609,0.0943396226415094,0.157894736842105,0.0454545454545455,0.146341463414634,0.433333333333333,0.466666666666667,0,
0.391304347826087,0.346153846153846,0.361111111111111,0.165938864628821,0.120879120879121,0.132075471698113,0.143790849673203,0.685714285714286,0.0833333333333333,0.342857142857143,0.173684210526316,0.100719424460432,0.345911949685535,0.131578947368421,0.272727272727273,0.121951219512195,0.5,0.533333333333333,0,
0.434782608695652,0.346153846153846,0.333333333333333,0.235807860262009,0.230769230769231,0.132075471698113,0.143790849673203,0.657142857142857,0.0833333333333333,0.342857142857143,0.173684210526316,0.100719424460432,0.383647798742138,0.157894736842105,0.318181818181818,0.317073170731707,0.533333333333333,0.666666666666667,0,
0.369565217391304,0.384615384615385,0.444444444444444,0.231441048034935,0.186813186813187,0.113207547169811,0.156862745098039,0.657142857142857,0.0833333333333333,0.385714285714286,0.147368421052632,0.113908872901679,0.364779874213836,0.0657894736842105,0.181818181818182,0.146341463414634,0.833333333333333,0.933333333333333,0,
0.41304347826087,0.0769230769230769,0.25,0.139737991266376,0.120879120879121,0.0754716981132075,0.065359477124183,0.828571428571429,0,0.2,0.0631578947368421,0.0455635491606715,0.0440251572327044,0.0657894736842105,0.272727272727273,0.414634146341463,0.7,0.733333333333333,0,
0.456521739130435,0.5,0.708333333333333,0.310043668122271,0.252747252747253,0.188679245283019,0.294117647058824,0.485714285714286,0.25,0.528571428571429,0.221052631578947,0.20863309352518,0.522012578616352,0.131578947368421,0.681818181818182,0.51219512195122,0.466666666666667,0.633333333333333,0,
0.434782608695652,0.269230769230769,0.458333333333333,0.152838427947598,0.120879120879121,0.0754716981132075,0.156862745098039,0.657142857142857,0.0833333333333333,0.285714285714286,0.189473684210526,0.109112709832134,0.176100628930818,0.184210526315789,0,0,0.366666666666667,0.233333333333333,0,
0.282608695652174,0.115384615384615,0.416666666666667,0.170305676855895,0.153846153846154,0.132075471698113,0.137254901960784,0.685714285714286,0.0833333333333333,0.171428571428571,0.121052631578947,0.0983213429256595,0.113207547169811,0.0921052631578947,0.0909090909090909,0.24390243902439,0.6,0.7,0,
0.58695652173913,0.5,0.694444444444444,0.296943231441048,0.21978021978022,0.132075471698113,0.294117647058824,0.485714285714286,0.25,0.457142857142857,0.210526315789474,0.21462829736211,0.471698113207547,0.105263157894737,0.772727272727273,0.170731707317073,0.533333333333333,0.633333333333333,0,
0.391304347826087,0.115384615384615,0.277777777777778,0.0960698689956332,0.0989010989010989,0.0754716981132075,0.0457516339869281,0.857142857142857,0,0.171428571428571,0.0473684210526316,0.0323741007194245,0.0566037735849057,0.105263157894737,0.272727272727273,0.341463414634146,0.533333333333333,0.566666666666667,0,
0.369565217391304,0.384615384615385,0.361111111111111,0.231441048034935,0.197802197802198,0.132075471698113,0.163398692810458,0.628571428571429,0.0833333333333333,0.4,0.168421052631579,0.116306954436451,0.345911949685535,0.105263157894737,0.136363636363636,0.0731707317073171,0.566666666666667,0.7,0,
0.456521739130435,0.615384615384615,0.652777777777778,0.14410480349345,0.0769230769230769,0.169811320754717,0.300653594771242,0.485714285714286,0.25,0.628571428571429,0.252631578947368,0.218225419664269,0.484276729559748,0.210526315789474,0.227272727272727,0.121951219512195,0.233333333333333,0.433333333333333,0,
0.347826086956522,0.538461538461538,0.611111111111111,0.126637554585153,0.0879120879120879,0.169811320754717,0.294117647058824,0.514285714285714,0.25,0.6,0.205263157894737,0.203836930455636,0.421383647798742,0.197368421052632,0.227272727272727,0.219512195121951,0.2,0.366666666666667,0,
0.391304347826087,0.153846153846154,0.5,0.148471615720524,0.0879120879120879,0.113207547169811,0.130718954248366,0.714285714285714,0.0833333333333333,0.242857142857143,0.142105263157895,0.0863309352517986,0.0943396226415094,0.131578947368421,0,0.292682926829268,0.5,0.366666666666667,0,
0.739130434782609,0.807692307692308,0.805555555555556,0.462882096069869,0.208791208791209,0.169811320754717,0.69281045751634,0.142857142857143,0.583333333333333,0.728571428571429,0.478947368421053,0.623501199040767,0.672955974842767,0.157894736842105,0.636363636363636,0,0.4,0.533333333333333,1,
0.347826086956522,0.192307692307692,0.583333333333333,0.22707423580786,0.131868131868132,0.113207547169811,0.26797385620915,0.485714285714286,0.166666666666667,0.157142857142857,0.257894736842105,0.200239808153477,0.176100628930818,0.144736842105263,0.0454545454545455,0.024390243902439,0.366666666666667,0.366666666666667,1,
0.478260869565217,0.5,0.888888888888889,0.454148471615721,0.208791208791209,0.132075471698113,0.516339869281046,0.257142857142857,0.416666666666667,0.428571428571429,0.421052631578947,0.430455635491607,0.377358490566038,0.118421052631579,0,0.682926829268293,0.466666666666667,0.633333333333333,1,
0.195652173913043,0.115384615384615,0.194444444444444,0.0567685589519651,0.0659340659340659,0.0943396226415094,0.0849673202614379,0.8,0.0833333333333333,0.114285714285714,0.0842105263157895,0.0539568345323741,0.119496855345912,0.25,0.0454545454545455,0.121951219512195,0.133333333333333,0.1,1,
0.521739130434783,0.769230769230769,0.902777777777778,0.528384279475983,0.263736263736264,0.188679245283019,0.712418300653595,0.114285714285714,0.666666666666667,0.7,0.505263157894737,0.634292565947242,0.584905660377358,0.144736842105263,0.136363636363636,0.48780487804878,0.333333333333333,0.633333333333333,1,
0.521739130434783,0.461538461538462,0.5,0.310043668122271,0.142857142857143,0.132075471698113,0.294117647058824,0.457142857142857,0.25,0.442857142857143,0.263157894736842,0.223021582733813,0.377358490566038,0.0526315789473684,0.727272727272727,0.292682926829268,0.733333333333333,0.833333333333333,1,
0.782608695652174,0.538461538461538,0.777777777777778,0.445414847161572,0.186813186813187,0.132075471698113,0.562091503267974,0.2,0.5,0.457142857142857,0.468421052631579,0.482014388489209,0.515723270440252,0.144736842105263,0.181818181818182,0.317073170731707,0.466666666666667,0.566666666666667,1,
0.673913043478261,0.846153846153846,0.930555555555556,0.51528384279476,0.230769230769231,0.169811320754717,0.69281045751634,0.142857142857143,0.583333333333333,0.785714285714286,0.536842105263158,0.622302158273381,0.754716981132076,0.157894736842105,0.136363636363636,0.24390243902439,0.4,0.6,1,
0.869565217391304,0.576923076923077,0.805555555555556,0.454148471615721,0.164835164835165,0.132075471698113,0.594771241830065,0.2,0.5,0.471428571428571,0.452631578947368,0.514388489208633,0.465408805031447,0.0657894736842105,0.772727272727273,0.707317073170732,0.566666666666667,0.766666666666667,1,
0.5,0.153846153846154,0.472222222222222,0.362445414847162,0.230769230769231,0.113207547169811,0.30718954248366,0.457142857142857,0.25,0.228571428571429,0.278947368421053,0.232613908872902,0.157232704402516,0.131578947368421,0.136363636363636,0.390243902439024,0.466666666666667,0.533333333333333,1,
0.804347826086957,0.769230769230769,0.888888888888889,0.519650655021834,0.208791208791209,0.150943396226415,0.647058823529412,0.171428571428571,0.583333333333333,0.657142857142857,0.489473684210526,0.569544364508393,0.635220125786163,0.105263157894737,0.227272727272727,0.390243902439024,0.466666666666667,0.733333333333333,1,
0.739130434782609,0.807692307692308,0.777777777777778,0.423580786026201,0.164835164835165,0.188679245283019,0.69281045751634,0.142857142857143,0.583333333333333,0.742857142857143,0.478947368421053,0.611510791366906,0.679245283018868,0.157894736842105,0.0909090909090909,0.51219512195122,0.366666666666667,0.566666666666667,1,
0.41304347826087,0.153846153846154,0.638888888888889,0.275109170305677,0.142857142857143,0.0943396226415094,0.300653594771242,0.457142857142857,0.25,0.185714285714286,0.268421052631579,0.226618705035971,0.220125786163522,0.118421052631579,0.409090909090909,0.51219512195122,0.466666666666667,0.5,1,
0.804347826086957,0.807692307692308,0.861111111111111,0.423580786026201,0.186813186813187,0.169811320754717,0.660130718954248,0.142857142857143,0.583333333333333,0.757142857142857,0.484210526315789,0.581534772182254,0.70440251572327,0.184210526315789,0.772727272727273,0.390243902439024,0.4,0.566666666666667,1,
0.804347826086957,0.5,0.833333333333333,0.406113537117904,0.153846153846154,0.132075471698113,0.529411764705882,0.228571428571429,0.416666666666667,0.442857142857143,0.415789473684211,0.452038369304556,0.320754716981132,0.0789473684210526,0.5,0.170731707317073,0.6,0.733333333333333,1,
0.391304347826087,0.230769230769231,0.444444444444444,0.126637554585153,0.0879120879120879,0.0943396226415094,0.222222222222222,0.571428571428571,0.166666666666667,0.2,0.210526315789474,0.155875299760192,0.251572327044025,0.236842105263158,0.409090909090909,0.439024390243902,0.266666666666667,0.266666666666667,1,
0.282608695652174,0.307692307692308,0.361111111111111,0.126637554585153,0.0989010989010989,0.0754716981132075,0.156862745098039,0.657142857142857,0.0833333333333333,0.257142857142857,0.131578947368421,0.107913669064748,0.333333333333333,0.197368421052632,0.227272727272727,0.341463414634146,0.233333333333333,0.266666666666667,1,
0.652173913043478,0.5,0.916666666666667,0.458515283842795,0.208791208791209,0.150943396226415,0.594771241830065,0.2,0.5,0.442857142857143,0.457894736842105,0.513189448441247,0.635220125786163,0.144736842105263,0.409090909090909,0.24390243902439,0.5,0.6,1,
0.673913043478261,0.692307692307692,0.944444444444444,0.388646288209607,0.131868131868132,0.169811320754717,0.686274509803922,0.142857142857143,0.583333333333333,0.642857142857143,0.536842105263158,0.611510791366906,0.591194968553459,0.171052631578947,0.681818181818182,0.536585365853659,0.466666666666667,0.666666666666667,1,
0.739130434782609,0.846153846153846,0.875,0.475982532751092,0.230769230769231,0.169811320754717,0.699346405228758,0.114285714285714,0.666666666666667,0.771428571428571,0.478947368421053,0.629496402877698,0.672955974842767,0.144736842105263,0.454545454545455,0.170731707317073,0.366666666666667,0.533333333333333,1,
0.739130434782609,0.769230769230769,0.944444444444444,0.467248908296943,0.175824175824176,0.169811320754717,0.699346405228758,0.142857142857143,0.666666666666667,0.714285714285714,0.515789473684211,0.623501199040767,0.559748427672956,0.131578947368421,0.454545454545455,0.51219512195122,0.466666666666667,0.733333333333333,1,
0.782608695652174,0.807692307692308,0.875,0.506550218340611,0.208791208791209,0.169811320754717,0.666666666666667,0.142857142857143,0.583333333333333,0.7,0.521052631578947,0.591127098321343,0.647798742138365,0.144736842105263,0.0454545454545455,0.560975609756098,0.4,0.666666666666667,1,
0.217391304347826,0.346153846153846,0.430555555555556,0.209606986899563,0.186813186813187,0.0943396226415094,0.241830065359477,0.542857142857143,0.166666666666667,0.342857142857143,0.221052631578947,0.176258992805755,0.308176100628931,0.197368421052632,0.0909090909090909,0.0487804878048781,0.266666666666667,0.3,2,
0.304347826086957,0.384615384615385,0.347222222222222,0.100436681222707,0.0989010989010989,0.113207547169811,0.241830065359477,0.571428571428571,0.166666666666667,0.357142857142857,0.205263157894737,0.165467625899281,0.389937106918239,0.342105263157895,0.272727272727273,0.0731707317073171,0.133333333333333,0.0333333333333333,2,
0.543478260869565,0.5,0.666666666666667,0.379912663755459,0.175824175824176,0.0754716981132075,0.522875816993464,0.228571428571429,0.416666666666667,0.414285714285714,0.447368421052632,0.454436450839329,0.408805031446541,0.184210526315789,0.0909090909090909,0.634146341463415,0.6,0.533333333333333,2,
0.391304347826087,0.346153846153846,0.569444444444444,0.388646288209607,0.241758241758242,0.0566037735849057,0.372549019607843,0.342857142857143,0.25,0.271428571428571,0.284210526315789,0.299760191846523,0.29559748427673,0.118421052631579,0.136363636363636,0.560975609756098,0.733333333333333,0.766666666666667,2,
0.456521739130435,0.461538461538462,0.444444444444444,0.327510917030568,0.241758241758242,0.0754716981132075,0.287581699346405,0.428571428571429,0.166666666666667,0.371428571428571,0.268421052631579,0.226618705035971,0.515723270440252,0.131578947368421,0.227272727272727,0.121951219512195,0.566666666666667,0.566666666666667,2,
0.217391304347826,0.307692307692308,0.416666666666667,0.222707423580786,0.197802197802198,0.0943396226415094,0.209150326797386,0.571428571428571,0.166666666666667,0.328571428571429,0.2,0.149880095923261,0.238993710691824,0.157894736842105,0.181818181818182,0.292682926829268,0.4,0.466666666666667,2,
0.5,0.153846153846154,0.472222222222222,0.414847161572052,0.296703296703297,0.0566037735849057,0.34640522875817,0.371428571428571,0.25,0.142857142857143,0.305263157894737,0.281774580335731,0.169811320754717,0.171052631578947,0.0454545454545455,0.0731707317073171,0.666666666666667,0.633333333333333,2,
0.326086956521739,0.423076923076923,0.416666666666667,0.205240174672489,0.153846153846154,0.113207547169811,0.202614379084967,0.571428571428571,0.0833333333333333,0.357142857142857,0.173684210526316,0.152278177458034,0.40251572327044,0.118421052631579,0.318181818181818,0.195121951219512,0.666666666666667,0.733333333333333,2,
0.58695652173913,0.653846153846154,0.569444444444444,0.406113537117904,0.21978021978022,0.0754716981132075,0.483660130718954,0.228571428571429,0.416666666666667,0.571428571428571,0.4,0.416067146282974,0.559748427672956,0.197368421052632,0.272727272727273,0.024390243902439,0.7,0.566666666666667,2,
0.282608695652174,0.384615384615385,0.416666666666667,0.0960698689956332,0.0989010989010989,0.0754716981132075,0.235294117647059,0.571428571428571,0.166666666666667,0.385714285714286,0.189473684210526,0.15947242206235,0.389937106918239,0.355263157894737,0.272727272727273,0.219512195121951,0.1,0.0333333333333333,2,
0.478260869565217,0.384615384615385,0.430555555555556,0.240174672489083,0.186813186813187,0.0754716981132075,0.215686274509804,0.542857142857143,0.166666666666667,0.328571428571429,0.205263157894737,0.165467625899281,0.389937106918239,0.105263157894737,0.363636363636364,0.0975609756097561,0.633333333333333,0.633333333333333,2,
0.695652173913043,0.692307692307692,0.736111111111111,0.244541484716157,0.043956043956044,0.0943396226415094,0.686274509803922,0.114285714285714,0.583333333333333,0.671428571428571,0.578947368421053,0.622302158273381,0.622641509433962,0.289473684210526,0.409090909090909,0.609756097560976,0.4,0.233333333333333,2,
0.173913043478261,0.5,0.430555555555556,0.11353711790393,0.0989010989010989,0.0943396226415094,0.26797385620915,0.514285714285714,0.166666666666667,0.442857142857143,0.221052631578947,0.189448441247002,0.515723270440252,0.289473684210526,0.136363636363636,0.341463414634146,0.133333333333333,0.166666666666667,2,
0.195652173913043,0.423076923076923,0.444444444444444,0.139737991266376,0.153846153846154,0.0943396226415094,0.228758169934641,0.571428571428571,0.166666666666667,0.357142857142857,0.226315789473684,0.15947242206235,0.465408805031447,0.289473684210526,0.272727272727273,0.414634146341463,0.166666666666667,0.133333333333333,2,
0.260869565217391,0.346153846153846,0.361111111111111,0.0698689956331878,0.0659340659340659,0.0943396226415094,0.241830065359477,0.571428571428571,0.166666666666667,0.357142857142857,0.205263157894737,0.164268585131894,0.320754716981132,0.342105263157895,0.454545454545455,0.170731707317073,0.133333333333333,0.0333333333333333,2,
0.5,0.5,0.472222222222222,0.427947598253275,0.296703296703297,0.0566037735849057,0.333333333333333,0.371428571428571,0.25,0.442857142857143,0.289473684210526,0.268585131894484,0.515723270440252,0.144736842105263,0.318181818181818,0.195121951219512,0.666666666666667,0.633333333333333,2,
0.565217391304348,0.307692307692308,0.513888888888889,0.406113537117904,0.241758241758242,0.0754716981132075,0.42483660130719,0.285714285714286,0.333333333333333,0.3,0.378947368421053,0.360911270983213,0.264150943396226,0.171052631578947,0.181818181818182,0.24390243902439,0.733333333333333,0.6,2,
0.130434782608696,0.538461538461538,0.472222222222222,0.161572052401747,0.153846153846154,0.0943396226415094,0.26797385620915,0.485714285714286,0.166666666666667,0.442857142857143,0.236842105263158,0.197841726618705,0.566037735849057,0.236842105263158,0.272727272727273,0.24390243902439,0.233333333333333,0.266666666666667,2,
0.826086956521739,0.961538461538462,0.902777777777778,0.344978165938865,0.043956043956044,0.0754716981132075,1,0,1,0.8,0.815789473684211,1,0.918238993710692,0.342105263157895,0.181818181818182,0.195121951219512,0.166666666666667,0.0666666666666667,2,
0.173913043478261,0.384615384615385,0.388888888888889,0.192139737991266,0.186813186813187,0.0943396226415094,0.248366013071895,0.542857142857143,0.166666666666667,0.371428571428571,0.236842105263158,0.175059952038369,0.389937106918239,0.276315789473684,0.0454545454545455,0.0487804878048781,0.2,0.133333333333333,2,
0.478260869565217,0.384615384615385,0.597222222222222,0.410480349344978,0.241758241758242,0.0754716981132075,0.42483660130719,0.285714285714286,0.333333333333333,0.3,0.310526315789474,0.359712230215827,0.339622641509434,0.118421052631579,0.272727272727273,0.0975609756097561,0.666666666666667,0.566666666666667,2,
0.58695652173913,0.461538461538462,0.833333333333333,0.458515283842795,0.197802197802198,0.113207547169811,0.581699346405229,0.171428571428571,0.5,0.414285714285714,0.531578947368421,0.511990407673861,0.50314465408805,0.171052631578947,0.227272727272727,0.121951219512195,0.433333333333333,0.466666666666667,3,
0.434782608695652,0.0769230769230769,0.527777777777778,0.253275109170306,0.142857142857143,0.113207547169811,0.248366013071895,0.542857142857143,0.166666666666667,0.1,0.221052631578947,0.176258992805755,0.176100628930818,0.105263157894737,0.0909090909090909,0.804878048780488,0.5,0.566666666666667,3,
0.739130434782609,0.884615384615385,0.902777777777778,0.427947598253275,0.153846153846154,0.169811320754717,0.712418300653595,0.114285714285714,0.666666666666667,0.871428571428571,0.547368421052632,0.648681055155875,0.647798742138365,0.171052631578947,0.681818181818182,0.024390243902439,0.433333333333333,0.5,3,
0.260869565217391,0.230769230769231,0.513888888888889,0.205240174672489,0.131868131868132,0.113207547169811,0.248366013071895,0.542857142857143,0.166666666666667,0.228571428571429,0.242105263157895,0.176258992805755,0.150943396226415,0.184210526315789,0,0.390243902439024,0.266666666666667,0.4,3,
0.695652173913043,0.846153846153846,0.777777777777778,0.336244541484716,0.0989010989010989,0.132075471698113,0.699346405228758,0.114285714285714,0.666666666666667,0.814285714285714,0.531578947368421,0.634292565947242,0.672955974842767,0.197368421052632,0.181818181818182,0.121951219512195,0.366666666666667,0.433333333333333,3,
0.5,0.846153846153846,0.805555555555556,0.248908296943231,0.0769230769230769,0.150943396226415,0.673202614379085,0.142857142857143,0.583333333333333,0.814285714285714,0.505263157894737,0.59832134292566,0.70440251572327,0.223684210526316,0.136363636363636,0.146341463414634,0.3,0.4,3,
0.152173913043478,0.230769230769231,0.277777777777778,0.0786026200873362,0.0989010989010989,0.0754716981132075,0.176470588235294,0.657142857142857,0.0833333333333333,0.185714285714286,0.110526315789474,0.116306954436451,0.207547169811321,0.276315789473684,0,0.121951219512195,0.1,0.166666666666667,3,
0.521739130434783,0.576923076923077,0.902777777777778,0.471615720524017,0.186813186813187,0.169811320754717,0.581699346405229,0.2,0.5,0.528571428571429,0.431578947368421,0.501199040767386,0.333333333333333,0.0657894736842105,0.0909090909090909,0.170731707317073,0.566666666666667,0.7,3,
0.152173913043478,0.115384615384615,0.402777777777778,0.100436681222707,0.0989010989010989,0.0943396226415094,0.104575163398693,0.771428571428571,0.0833333333333333,0.0857142857142857,0.0894736842105263,0.0671462829736211,0.150943396226415,0.144736842105263,0.0909090909090909,0.51219512195122,0.233333333333333,0.333333333333333,3,
0.565217391304348,0.730769230769231,0.888888888888889,0.318777292576419,0.0879120879120879,0.150943396226415,0.640522875816993,0.171428571428571,0.583333333333333,0.685714285714286,0.468421052631579,0.567146282973621,0.666666666666667,0.184210526315789,0.136363636363636,0.0487804878048781,0.366666666666667,0.433333333333333,3,
0.543478260869565,0.807692307692308,0.888888888888889,0.358078602620087,0.131868131868132,0.150943396226415,0.660130718954248,0.171428571428571,0.583333333333333,0.771428571428571,0.489473684210526,0.57673860911271,0.679245283018868,0.184210526315789,0.0454545454545455,0.634146341463415,0.333333333333333,0.466666666666667,3,
0.652173913043478,0.807692307692308,0.930555555555556,0.37117903930131,0.0989010989010989,0.169811320754717,0.725490196078431,0.114285714285714,0.666666666666667,0.8,0.5,0.65347721822542,0.572327044025157,0.144736842105263,0,0.707317073170732,0.366666666666667,0.666666666666667,3,
0.717391304347826,0.846153846153846,0.805555555555556,0.524017467248908,0.230769230769231,0.169811320754717,0.673202614379085,0.142857142857143,0.583333333333333,0.742857142857143,0.484210526315789,0.593525179856115,0.660377358490566,0.118421052631579,0.0909090909090909,0.707317073170732,0.433333333333333,0.666666666666667,3,
0.673913043478261,0.923076923076923,0.875,0.489082969432314,0.241758241758242,0.169811320754717,0.699346405228758,0.114285714285714,0.666666666666667,0.828571428571429,0.515789473684211,0.628297362110312,0.691823899371069,0.184210526315789,0.181818181818182,0.0731707317073171,0.333333333333333,0.5,3,
0.630434782608696,0.807692307692308,0.805555555555556,0.275109170305677,0.0659340659340659,0.150943396226415,0.686274509803922,0.142857142857143,0.583333333333333,0.8,0.515789473684211,0.609112709832134,0.716981132075472,0.171052631578947,0,0.75609756097561,0.366666666666667,0.566666666666667,3,
0.608695652173913,0.846153846153846,0.930555555555556,0.419213973799127,0.153846153846154,0.169811320754717,0.738562091503268,0.114285714285714,0.666666666666667,0.857142857142857,0.515789473684211,0.654676258992806,0.59748427672956,0.197368421052632,0.363636363636364,0.853658536585366,0.366666666666667,0.666666666666667,3,
0.565217391304348,0.846153846153846,0.847222222222222,0.502183406113537,0.230769230769231,0.150943396226415,0.73202614379085,0.114285714285714,0.666666666666667,0.857142857142857,0.515789473684211,0.663069544364508,0.654088050314465,0.197368421052632,0.5,0.48780487804878,0.366666666666667,0.5,3,
0.5,0.576923076923077,0.597222222222222,0.318777292576419,0.131868131868132,0.113207547169811,0.38562091503268,0.371428571428571,0.333333333333333,0.485714285714286,0.342105263157895,0.304556354916067,0.547169811320755,0.105263157894737,0.681818181818182,0,0.633333333333333,0.666666666666667,3,
0.630434782608696,0.384615384615385,0.777777777777778,0.406113537117904,0.175824175824176,0.150943396226415,0.477124183006536,0.285714285714286,0.416666666666667,0.342857142857143,0.378947368421053,0.394484412470024,0.188679245283019,0.0789473684210526,0.363636363636364,0.292682926829268,0.633333333333333,0.766666666666667,3,
0.652173913043478,0.923076923076923,0.902777777777778,0.510917030567686,0.241758241758242,0.169811320754717,0.69281045751634,0.114285714285714,0.583333333333333,0.785714285714286,0.505263157894737,0.62589928057554,0.886792452830189,0.184210526315789,0.454545454545455,0.0487804878048781,0.366666666666667,0.466666666666667,3,
0.58695652173913,0.923076923076923,0.930555555555556,0.449781659388646,0.175824175824176,0.169811320754717,0.751633986928105,0.114285714285714,0.666666666666667,0.885714285714286,0.547368421052632,0.685851318944844,0.60377358490566,0.171052631578947,0.272727272727273,0.463414634146341,0.333333333333333,0.566666666666667,3,
0.391304347826087,0.192307692307692,0.5,0.296943231441048,0.153846153846154,0.113207547169811,0.359477124183007,0.4,0.25,0.228571428571429,0.347368421052632,0.276978417266187,0.226415094339623,0.157894736842105,0,0.682926829268293,0.433333333333333,0.566666666666667,3,
