85,18,4,
0.5,0.230769230769231,0.25,0.0567685589519651,0.043956043956044,0.0754716981132075,0.137254901960784,0.742857142857143,0.0833333333333333,0.3,0.126315789473684,0.0851318944844125,0.257861635220126,0.355263157894737,0.272727272727273,0,0.166666666666667,0.0333333333333333,0,
0.543478260869565,0.423076923076923,0.666666666666667,0.314410480349345,0.21978021978022,0.150943396226415,0.300653594771242,0.485714285714286,0.25,0.442857142857143,0.226315789473684,0.219424460431655,0.283018867924528,0.0921052631578947,0.636363636363636,0.219512195121951,0.6,0.7,0,
0.5,0.5,0.666666666666667,0.244541484716157,0.186813186813187,0.132075471698113,0.254901960784314,0.514285714285714,0.166666666666667,0.428571428571429,0.226315789473684,0.185851318944844,0.459119496855346,0.144736842105263,0.681818181818182,0.268292682926829,0.533333333333333,0.6,0,
0.434782608695652,0.538461538461538,0.625,0.248908296943231,0.197802197802198,0.188679245283019,0.281045751633987,0.485714285714286,0.166666666666667,0.557142857142857,0.257894736842105,0.203836930455636,0.433962264150943,0.223684210526316,0.0909090909090909,0.219512195121951,0.266666666666667,0.5,0,
0.5,0.230769230769231,0.333333333333333,0.0305676855895196,0.010989010989011,0.113207547169811,0.143790849673203,0.742857142857143,0.0833333333333333,0.328571428571429,0.157894736842105,0.0887290167865707,0.188679245283019,0.276315789473684,0.318181818181818,0.48780487804878,0.233333333333333,0.1,0,
0.543478260869565,0.192307692307692,0.416666666666667,0.091703056768559,0.0549450549450549,0.113207547169811,0.117647058823529,0.771428571428571,0.0833333333333333,0.3,0.142105263157895,0.0707434052757794,0.144654088050314,0.197368421052632,0,0.317073170731707,0.333333333333333,0.133333333333333,0,
0.434782608695652,0.307692307692308,0.541666666666667,0.240174672489083,0.175824175824176,0.113207547169811,0.209150326797386,0.571428571428571,0.166666666666667,0.457142857142857,0.184210526315789,0.149880095923261,0.157232704402516,0.105263157894737,0.181818181818182,0.219512195121951,0.633333333333333,0.733333333333333,0,
0.260869565217391,0.538461538461538,0.486111111111111,0.074235807860262,0.0659340659340659,0.132075471698113,0.294117647058824,0.514285714285714,0.25,0.671428571428571,0.2,0.20863309352518,0.421383647798742,0.236842105263158,0.0454545454545455,0.170731707317073,0.2,0.333333333333333,0,
0.304347826086957,0.538461538461538,0.569444444444444,0.196506550218341,0.164835164835165,0.132075471698113,0.228758169934641,0.542857142857143,0.166666666666667,0.485714285714286,0.215789473684211,0.169064748201439,0.452830188679245,0.171052631578947,0,0.146341463414634,0.4,0.566666666666667,0,
0.282608695652174,0.384615384615385,0.388888888888889,0.200873362445415,0.186813186813187,0.132075471698113,0.169934640522876,0.628571428571429,0.0833333333333333,0.357142857142857,0.163157894736842,0.121103117505995,0.408805031446541,0.131578947368421,0.272727272727273,0,0.533333333333333,0.666666666666667,0,
0.369565217391304,0.230769230769231,0.236111111111111,0.0436681222707424,0.010989010989011,0.0943396226415094,0.150326797385621,0.714285714285714,0.0833333333333333,0.3,0.131578947368421,0.092326139088729,0.264150943396226,0.342105263157895,0.545454545454545,0.195121951219512,0.233333333333333,0.0333333333333333,0,
0.456521739130435,0.615384615384615,0.583333333333333,0.14410480349345,0.0989010989010989,0.150943396226415,0.30718954248366,0.485714285714286,0.25,0.6,0.242105263157895,0.219424460431655,0.484276729559748,0.223684210526316,0.454545454545455,0.170731707317073,0.233333333333333,0.366666666666667,0,
0.282608695652174,0.192307692307692,0.25,0.0655021834061135,0.0989010989010989,0.0377358490566038,0.0392156862745098,0.885714285714286,0,0.157142857142857,0.0526315789473684,0.0287769784172662,0.270440251572327,0.25,0.409090909090909,0.0487804878048781,0.266666666666667,0.166666666666667,0,
0.456521739130435,0.576923076923077,0.597222222222222,0.253275109170306,0.186813186813187,0.150943396226415,0.287581699346405,0.485714285714286,0.166666666666667,0.5,0.247368421052632,0.207434052757794,0.490566037735849,0.197368421052632,0.181818181818182,0.341463414634146,0.3,0.5,0,
0.326086956521739,0.153846153846154,0.152777777777778,0.00436681222707424,0.0549450549450549,0.0566037735849057,0.0457516339869281,0.885714285714286,0,0.142857142857143,0.0263157894736842,0.0275779376498801,0.10062893081761,0.355263157894737,0.363636363636364,0.390243902439024,0.1,0.0666666666666667,0,
0.260869565217391,0.153846153846154,0.388888888888889,0.179039301310044,0.142857142857143,0.0754716981132075,0.117647058823529,0.714285714285714,0.0833333333333333,0.171428571428571,0.105263157894737,0.0827338129496403,0.0754716981132075,0.0789473684210526,0.136363636363636,0.341463414634146,0.633333333333333,0.733333333333333,0,
0.260869565217391,0.461538461538462,0.555555555555556,0.218340611353712,0.186813186813187,0.132075471698113,0.228758169934641,0.542857142857143,0.166666666666667,0.428571428571429,0.205263157894737,0.167865707434053,0.408805031446541,0.157894736842105,0.0454545454545455,0.0975609756097561,0.4,0.6,0,
0.282608695652174,0.576923076923077,0.486111111111111,0.139737991266376,0.120879120879121,0.150943396226415,0.320261437908497,0.485714285714286,0.25,0.642857142857143,0.210526315789474,0.224220623501199,0.477987421383648,0.210526315789474,0.136363636363636,0.024390243902439,0.233333333333333,0.366666666666667,0,
0.239130434782609,0.423076923076923,0.555555555555556,0.157205240174672,0.120879120879121,0.169811320754717,0.287581699346405,0.514285714285714,0.25,0.557142857142857,0.189473684210526,0.197841726618705,0.421383647798742,0.197368421052632,0.227272727272727,0.414634146341463,0.233333333333333,0.4,0,
0.239130434782609,0.153846153846154,0.416666666666667,0.200873362445415,0.153846153846154,0.0943396226415094,0.163398692810458,0.657142857142857,0.0833333333333333,0.314285714285714,0.136842105263158,0.112709832134293,0.0754716981132075,0.0657894736842105,0,0.560975609756098,0.666666666666667,0.8,0,
0.326086956521739,0.576923076923077,0.694444444444444,0.323144104803493,0.142857142857143,0.113207547169811,0.411764705882353,0.342857142857143,0.333333333333333,0.485714285714286,0.368421052631579,0.330935251798561,0.559748427672956,0.118421052631579,0.590909090909091,0.390243902439024,0.533333333333333,0.6,1,
0.673913043478261,0.769230769230769,0.847222222222222,0.375545851528384,0.175824175824176,0.150943396226415,0.660130718954248,0.171428571428571,0.583333333333333,0.685714285714286,0.463157894736842,0.575539568345324,0.584905660377358,0.197368421052632,0.590909090909091,0.51219512195122,0.4,0.566666666666667,1,
0.760869565217391,0.807692307692308,0.902777777777778,0.432314410480349,0.164835164835165,0.169811320754717,0.588235294117647,0.2,0.5,0.657142857142857,0.452631578947368,0.508393285371703,0.792452830188679,0.118421052631579,0.545454545454545,0.0731707317073171,0.466666666666667,0.633333333333333,1,
0.760869565217391,0.692307692307692,0.833333333333333,0.445414847161572,0.175824175824176,0.150943396226415,0.549019607843137,0.228571428571429,0.5,0.585714285714286,0.442105263157895,0.470023980815348,0.578616352201258,0.0789473684210526,0.318181818181818,0.390243902439024,0.6,0.8,1,
0.782608695652174,0.769230769230769,0.875,0.462882096069869,0.175824175824176,0.169811320754717,0.699346405228758,0.114285714285714,0.666666666666667,0.771428571428571,0.521052631578947,0.627098321342926,0.647798742138365,0.157894736842105,0.272727272727273,0.0731707317073171,0.4,0.6,1,
0.630434782608696,0.846153846153846,0.847222222222222,0.475982532751092,0.21978021978022,0.188679245283019,0.718954248366013,0.114285714285714,0.666666666666667,0.842857142857143,0.505263157894737,0.641486810551559,0.654088050314465,0.157894736842105,0.0909090909090909,0.51219512195122,0.366666666666667,0.6,1,
0.58695652173913,0.5,0.888888888888889,0.349344978165939,0.142857142857143,0.132075471698113,0.555555555555556,0.228571428571429,0.5,0.414285714285714,0.484210526315789,0.47242206235012,0.559748427672956,0.184210526315789,0.590909090909091,0.317073170731707,0.433333333333333,0.533333333333333,1,
0.347826086956522,0.346153846153846,0.555555555555556,0.205240174672489,0.164835164835165,0.0754716981132075,0.209150326797386,0.571428571428571,0.166666666666667,0.3,0.189473684210526,0.148681055155875,0.383647798742138,0.197368421052632,0.772727272727273,0.317073170731707,0.3,0.266666666666667,1,
0.760869565217391,0.769230769230769,0.875,0.427947598253275,0.186813186813187,0.150943396226415,0.705882352941177,0.114285714285714,0.666666666666667,0.714285714285714,0.494736842105263,0.63189448441247,0.660377358490566,0.184210526315789,0.5,0.24390243902439,0.4,0.6,1,
0.695652173913043,0.769230769230769,0.944444444444444,0.445414847161572,0.175824175824176,0.188679245283019,0.718954248366013,0.142857142857143,0.666666666666667,0.714285714285714,0.505263157894737,0.633093525179856,0.578616352201258,0.157894736842105,0.681818181818182,0.853658536585366,0.433333333333333,0.733333333333333,1,
0.91304347826087,0.730769230769231,0.833333333333333,0.432314410480349,0.164835164835165,0.150943396226415,0.686274509803922,0.142857142857143,0.583333333333333,0.671428571428571,0.521052631578947,0.615107913669065,0.660377358490566,0.171052631578947,0.636363636363636,0.0975609756097561,0.4,0.533333333333333,1,
0.5,0.307692307692308,0.402777777777778,0.213973799126638,0.0989010989010989,0.0943396226415094,0.189542483660131,0.6,0.0833333333333333,0.328571428571429,0.168421052631579,0.135491606714628,0.377358490566038,0.0263157894736842,0.5,0.195121951219512,0.866666666666667,0.933333333333333,1,
0.304347826086957,0.192307692307692,0.430555555555556,0.0829694323144105,0.0659340659340659,0.113207547169811,0.163398692810458,0.657142857142857,0.0833333333333333,0.128571428571429,0.147368421052632,0.111510791366906,0.226415094339623,0.210526315789474,0,0.219512195121951,0.166666666666667,0.166666666666667,1,
0.478260869565217,0.461538461538462,0.902777777777778,0.454148471615721,0.186813186813187,0.150943396226415,0.490196078431373,0.285714285714286,0.416666666666667,0.457142857142857,0.378947368421053,0.402877697841727,0.308176100628931,0.0657894736842105,0.318181818181818,0.780487804878049,0.733333333333333,1,1,
0.565217391304348,0.384615384615385,0.680555555555556,0.397379912663755,0.175824175824176,0.113207547169811,0.483660130718954,0.257142857142857,0.416666666666667,0.371428571428571,0.421052631578947,0.404076738609113,0.358490566037736,0.118421052631579,0.272727272727273,0.317073170731707,0.5,0.6,1,
0.804347826086957,0.692307692307692,0.888888888888889,0.379912663755459,0.10989010989011,0.188679245283019,0.660130718954248,0.142857142857143,0.583333333333333,0.628571428571429,0.505263157894737,0.587529976019185,0.509433962264151,0.118421052631579,0.818181818181818,0.0487804878048781,0.5,0.6,1,
0.521739130434783,0.423076923076923,0.763888888888889,0.427947598253275,0.208791208791209,0.132075471698113,0.496732026143791,0.257142857142857,0.416666666666667,0.371428571428571,0.452631578947368,0.410071942446043,0.415094339622642,0.171052631578947,0.681818181818182,0.268292682926829,0.466666666666667,0.533333333333333,1,
0.673913043478261,0.807692307692308,0.847222222222222,0.406113537117904,0.186813186813187,0.169811320754717,0.660130718954248,0.142857142857143,0.583333333333333,0.771428571428571,0.463157894736842,0.581534772182254,0.710691823899371,0.197368421052632,0.636363636363636,0.0975609756097561,0.366666666666667,0.5,1,
0.608695652173913,0.730769230769231,0.847222222222222,0.406113537117904,0.164835164835165,0.132075471698113,0.496732026143791,0.257142857142857,0.416666666666667,0.628571428571429,0.410526315789474,0.411270983213429,0.591194968553459,0.105263157894737,0.636363636363636,0.365853658536585,0.566666666666667,0.7,1,
0.369565217391304,0.384615384615385,0.444444444444444,0.296943231441048,0.131868131868132,0.113207547169811,0.274509803921569,0.457142857142857,0.166666666666667,0.371428571428571,0.231578947368421,0.211031175059952,0.308176100628931,0.0263157894736842,0.681818181818182,0.219512195121951,0.9,0.933333333333333,1,
0.434782608695652,0.384615384615385,0.5,0.196506550218341,0.10989010989011,0.0943396226415094,0.241830065359477,0.514285714285714,0.166666666666667,0.357142857142857,0.221052631578947,0.1810551558753,0.421383647798742,0.131578947368421,0.636363636363636,0,0.433333333333333,0.433333333333333,1,
0.521739130434783,0.346153846153846,0.847222222222222,0.358078602620087,0.131868131868132,0.132075471698113,0.483660130718954,0.285714285714286,0.416666666666667,0.285714285714286,0.410526315789474,0.392086330935252,0.371069182389937,0.105263157894737,0.318181818181818,1,0.6,0.833333333333333,1,
0.326086956521739,0.5,0.472222222222222,0.292576419213974,0.230769230769231,0.0754716981132075,0.261437908496732,0.485714285714286,0.166666666666667,0.428571428571429,0.263157894736842,0.197841726618705,0.522012578616352,0.157894736842105,0.227272727272727,0.268292682926829,0.433333333333333,0.466666666666667,2,
0.456521739130435,0.423076923076923,0.611111111111111,0.489082969432314,0.296703296703297,0.0754716981132075,0.470588235294118,0.257142857142857,0.416666666666667,0.385714285714286,0.410526315789474,0.408872901678657,0.283018867924528,0.184210526315789,0.181818181818182,0.536585365853659,0.666666666666667,0.533333333333333,2,
0.739130434782609,0.846153846153846,0.805555555555556,0.414847161572052,0.131868131868132,0.0943396226415094,0.836601307189543,0.0285714285714286,0.75,0.714285714285714,0.673684210526316,0.817745803357314,0.855345911949686,0.276315789473684,0.136363636363636,0.024390243902439,0.333333333333333,0.1,2,
0.195652173913043,0.423076923076923,0.444444444444444,0.200873362445415,0.186813186813187,0.0943396226415094,0.274509803921569,0.514285714285714,0.166666666666667,0.371428571428571,0.268421052631579,0.199040767386091,0.427672955974843,0.276315789473684,0,0.390243902439024,0.233333333333333,0.2,2,
0.41304347826087,0.153846153846154,0.486111111111111,0.379912663755459,0.263736263736264,0.0754716981132075,0.320261437908497,0.4,0.25,0.142857142857143,0.263157894736842,0.250599520383693,0.163522012578616,0.131578947368421,0.0454545454545455,0.341463414634146,0.633333333333333,0.7,2,
0.173913043478261,0.5,0.430555555555556,0.161572052401747,0.153846153846154,0.0943396226415094,0.26797385620915,0.514285714285714,0.166666666666667,0.428571428571429,0.247368421052632,0.195443645083933,0.509433962264151,0.276315789473684,0.0454545454545455,0.341463414634146,0.2,0.2,2,
0.369565217391304,0.346153846153846,0.319444444444444,0.0960698689956332,0.0879120879120879,0.0943396226415094,0.261437908496732,0.542857142857143,0.166666666666667,0.342857142857143,0.226315789473684,0.182254196642686,0.40251572327044,0.289473684210526,0,0.365853658536585,0.133333333333333,0.1,2,
0.173913043478261,0.384615384615385,0.388888888888889,0.152838427947598,0.164835164835165,0.0943396226415094,0.241830065359477,0.571428571428571,0.166666666666667,0.385714285714286,0.221052631578947,0.166666666666667,0.389937106918239,0.315789473684211,0.0454545454545455,0.341463414634146,0.133333333333333,0.1,2,
0.58695652173913,0.115384615384615,0.458333333333333,0.414847161572052,0.285714285714286,0.0754716981132075,0.326797385620915,0.4,0.25,0.128571428571429,0.310526315789474,0.260191846522782,0.10062893081761,0.171052631578947,0.272727272727273,0.463414634146341,0.8,0.766666666666667,2,
0.760869565217391,0.884615384615385,0.861111111111111,0.620087336244541,0.307692307692308,0.0754716981132075,0.830065359477124,0.0571428571428571,0.75,0.7,0.705263157894737,0.804556354916067,0.748427672955975,0.302631578947368,0.409090909090909,0.317073170731707,0.333333333333333,0.133333333333333,2,
0.347826086956522,0.423076923076923,0.416666666666667,0.235807860262009,0.186813186813187,0.0754716981132075,0.189542483660131,0.6,0.0833333333333333,0.357142857142857,0.178947368421053,0.1378896882494,0.40251572327044,0.0921052631578947,0.409090909090909,0.268292682926829,0.566666666666667,0.6,2,
0.369565217391304,0.192307692307692,0.486111111111111,0.262008733624454,0.186813186813187,0.0943396226415094,0.254901960784314,0.485714285714286,0.166666666666667,0.185714285714286,0.2,0.193045563549161,0.188679245283019,0.0921052631578947,0,0,0.633333333333333,0.766666666666667,2,
0.391304347826087,0.346153846153846,0.611111111111111,0.458515283842795,0.307692307692308,0.0754716981132075,0.38562091503268,0.342857142857143,0.25,0.285714285714286,0.310526315789474,0.314148681055156,0.327044025157233,0.131578947368421,0.136363636363636,0.292682926829268,0.666666666666667,0.666666666666667,2,
0.565217391304348,0.576923076923077,0.541666666666667,0.414847161572052,0.230769230769231,0.0754716981132075,0.477124183006536,0.257142857142857,0.416666666666667,0.5,0.378947368421053,0.407673860911271,0.389937106918239,0.197368421052632,0.227272727272727,0.195121951219512,0.633333333333333,0.466666666666667,2,
0.5,0.5,0.416666666666667,0.393013100436681,0.252747252747253,0.0754716981132075,0.359477124183007,0.371428571428571,0.25,0.428571428571429,0.278947368421053,0.29136690647482,0.389937106918239,0.131578947368421,0.772727272727273,0.24390243902439,0.8,0.733333333333333,2,
0.282608695652174,0.346153846153846,0.347222222222222,0.0393013100436681,0.032967032967033,0.113207547169811,0.261437908496732,0.542857142857143,0.166666666666667,0.328571428571429,0.205263157894737,0.177458033573141,0.389937106918239,0.342105263157895,0.181818181818182,0.390243902439024,0.1,0.0666666666666667,2,
0.456521739130435,0.384615384615385,0.333333333333333,0.301310043668122,0.241758241758242,0.0943396226415094,0.248366013071895,0.485714285714286,0.166666666666667,0.342857142857143,0.205263157894737,0.191846522781775,0.427672955974843,0.118421052631579,0.409090909090909,0.024390243902439,0.766666666666667,0.833333333333333,2,
0.391304347826087,0.346153846153846,0.361111111111111,0.283842794759825,0.208791208791209,0.0943396226415094,0.215686274509804,0.514285714285714,0.166666666666667,0.314285714285714,0.205263157894737,0.169064748201439,0.314465408805031,0.105263157894737,0.181818181818182,0,0.833333333333333,0.866666666666667,2,
0.5,0.384615384615385,0.583333333333333,0.248908296943231,0.0879120879120879,0.0566037735849057,0.483660130718954,0.228571428571429,0.416666666666667,0.328571428571429,0.447368421052632,0.419664268585132,0.333333333333333,0.210526315789474,0,0.146341463414634,0.633333333333333,0.5,2,
0.304347826086957,0.346153846153846,0.277777777777778,0.0524017467248908,0.043956043956044,0.0754716981132075,0.248366013071895,0.571428571428571,0.166666666666667,0.328571428571429,0.205263157894737,0.167865707434053,0.389937106918239,0.342105263157895,0.0909090909090909,0.341463414634146,0.0666666666666667,0.0333333333333333,2,
0.282608695652174,0.461538461538462,0.416666666666667,0.0786026200873362,0.0989010989010989,0.0943396226415094,0.235294117647059,0.542857142857143,0.166666666666667,0.371428571428571,0.210526315789474,0.167865707434053,0.484276729559748,0.328947368421053,0.409090909090909,0.121951219512195,0.133333333333333,0.0666666666666667,2,
0.456521739130435,0.192307692307692,0.611111111111111,0.235807860262009,0.0879120879120879,0.132075471698113,0.372549019607843,0.371428571428571,0.25,0.171428571428571,0.347368421052632,0.294964028776978,0.289308176100629,0.131578947368421,0.409090909090909,0.365853658536585,0.466666666666667,0.466666666666667,3,
0,0.153846153846154,0.180555555555556,0.0305676855895196,0.0769230769230769,0.0754716981132075,0.0915032679738562,0.828571428571429,0.0833333333333333,0.142857142857143,0.0263157894736842,0.0515587529976019,0.238993710691824,0.302631578947368,0.0454545454545455,0.365853658536585,0,0.1,3,
0.608695652173913,0.884615384615385,0.833333333333333,0.48471615720524,0.241758241758242,0.150943396226415,0.627450980392157,0.171428571428571,0.583333333333333,0.728571428571429,0.510526315789474,0.559952038369305,0.716981132075472,0.197368421052632,0.272727272727273,0.121951219512195,0.333333333333333,0.4,3,
0.782608695652174,0.615384615384615,0.875,0.358078602620087,0.10989010989011,0.169811320754717,0.61437908496732,0.171428571428571,0.5,0.542857142857143,0.431578947368421,0.534772182254197,0.484276729559748,0.0789473684210526,0.545454545454545,0.51219512195122,0.533333333333333,0.666666666666667,3,
0.608695652173913,0.769230769230769,0.944444444444444,0.349344978165939,0.0769230769230769,0.188679245283019,0.679738562091503,0.142857142857143,0.583333333333333,0.771428571428571,0.473684210526316,0.600719424460432,0.490566037735849,0.118421052631579,0.181818181818182,0.585365853658537,0.466666666666667,0.666666666666667,3,
0.652173913043478,0.307692307692308,0.597222222222222,0.393013100436681,0.175824175824176,0.132075471698113,0.411764705882353,0.342857142857143,0.333333333333333,0.342857142857143,0.363157894736842,0.324940047961631,0.182389937106918,0.0789473684210526,0.318181818181818,0.731707317073171,0.7,0.833333333333333,3,
0.652173913043478,0.884615384615385,0.902777777777778,0.344978165938865,0.131868131868132,0.150943396226415,0.640522875816993,0.171428571428571,0.583333333333333,0.785714285714286,0.457894736842105,0.556354916067146,0.685534591194969,0.171052631578947,0.590909090909091,0.536585365853659,0.4,0.5,3,
0.347826086956522,0.115384615384615,0.513888888888889,0.296943231441048,0.164835164835165,0.113207547169811,0.294117647058824,0.457142857142857,0.166666666666667,0.1,0.231578947368421,0.219424460431655,0.106918238993711,0.0526315789473684,0.227272727272727,0.536585365853659,0.733333333333333,0.8,3,
0.673913043478261,0.730769230769231,0.777777777777778,0.366812227074236,0.131868131868132,0.132075471698113,0.496732026143791,0.257142857142857,0.416666666666667,0.614285714285714,0.4,0.414868105515588,0.60377358490566,0.105263157894737,0.5,0.195121951219512,0.566666666666667,0.633333333333333,3,
0.521739130434783,1,0.944444444444444,0.537117903930131,0.252747252747253,0.169811320754717,0.73202614379085,0.114285714285714,0.666666666666667,0.971428571428571,0.5,0.657074340527578,0.685534591194969,0.144736842105263,0.454545454545455,0.609756097560976,0.333333333333333,0.566666666666667,3,
0.717391304347826,0.615384615384615,0.777777777777778,0.423580786026201,0.153846153846154,0.150943396226415,0.450980392156863,0.285714285714286,0.333333333333333,0.571428571428571,0.352631578947368,0.371702637889688,0.446540880503145,0.0394736842105263,0.863636363636364,0.365853658536585,0.866666666666667,0.933333333333333,3,
0.41304347826087,0.346153846153846,0.486111111111111,0.296943231441048,0.142857142857143,0.113207547169811,0.228758169934641,0.542857142857143,0.166666666666667,0.342857142857143,0.231578947368421,0.165467625899281,0.320754716981132,0.0394736842105263,1,0.24390243902439,1,1,3,
0.782608695652174,0.692307692307692,0.833333333333333,0.406113537117904,0.131868131868132,0.150943396226415,0.522875816993464,0.228571428571429,0.416666666666667,0.614285714285714,0.421052631578947,0.442446043165468,0.540880503144654,0.0657894736842105,0.636363636363636,0.0731707317073171,0.666666666666667,0.7,3,
0.630434782608696,0.730769230769231,0.805555555555556,0.528384279475983,0.263736263736264,0.150943396226415,0.666666666666667,0.142857142857143,0.583333333333333,0.657142857142857,0.515789473684211,0.597122302158273,0.566037735849057,0.157894736842105,0,0.390243902439024,0.366666666666667,0.5,3,
0.565217391304348,0.846153846153846,0.847222222222222,0.445414847161572,0.164835164835165,0.207547169811321,0.718954248366013,0.114285714285714,0.666666666666667,0.885714285714286,0.5,0.645083932853717,0.654088050314465,0.157894736842105,0.0909090909090909,0.0731707317073171,0.333333333333333,0.5,3,
0.478260869565217,0.461538461538462,0.555555555555556,0.358078602620087,0.164835164835165,0.0943396226415094,0.339869281045752,0.4,0.25,0.385714285714286,0.305263157894737,0.266187050359712,0.433962264150943,0.0789473684210526,0.5,0.439024390243902,0.766666666666667,0.766666666666667,3,
0.347826086956522,0.423076923076923,0.583333333333333,0.139737991266376,0.0769230769230769,0.0754716981132075,0.241830065359477,0.542857142857143,0.166666666666667,0.371428571428571,0.210526315789474,0.177458033573141,0.371069182389937,0.118421052631579,0.454545454545455,0.341463414634146,0.4,0.4,3,
0.239130434782609,0.192307692307692,0.361111111111111,0.148471615720524,0.164835164835165,0.0754716981132075,0.0915032679738562,0.8,0.0833333333333333,0.2,0.0736842105263158,0.0575539568345324,0.188679245283019,0.144736842105263,0.181818181818182,0.170731707317073,0.3,0.3,3,
0.326086956521739,0.423076923076923,0.513888888888889,0.275109170305677,0.131868131868132,0.0754716981132075,0.254901960784314,0.514285714285714,0.166666666666667,0.385714285714286,0.236842105263158,0.190647482014389,0.427672955974843,0.0657894736842105,0.409090909090909,0.292682926829268,0.866666666666667,0.9,3,
0.739130434782609,0.769230769230769,0.875,0.510917030567686,0.208791208791209,0.169811320754717,0.633986928104575,0.171428571428571,0.583333333333333,0.642857142857143,0.484210526315789,0.562350119904077,0.647798742138365,0.0921052631578947,0,0.024390243902439,0.5,0.666666666666667,3,
0.717391304347826,0.615384615384615,0.930555555555556,0.393013100436681,0.10989010989011,0.169811320754717,0.666666666666667,0.142857142857143,0.583333333333333,0.614285714285714,0.494736842105263,0.58273381294964,0.39622641509434,0.105263157894737,0,0.951219512195122,0.533333333333333,0.833333333333333,3,
0.58695652173913,0.692307692307692,0.958333333333333,0.554585152838428,0.252747252747253,0.169811320754717,0.705882352941177,0.114285714285714,0.666666666666667,0.642857142857143,0.568421052631579,0.645083932853717,0.610062893081761,0.184210526315789,0.5,0.463414634146341,0.433333333333333,0.566666666666667,3,
