84,18,4,
0.434782608695652,0.230769230769231,0.527777777777778,0.262008733624454,0.208791208791209,0.113207547169811,0.176470588235294,0.628571428571429,0.0833333333333333,0.314285714285714,0.142105263157895,0.127098321342926,0.106918238993711,0.0657894736842105,0.181818181818182,0.170731707317073,0.833333333333333,0.9,0,
0.521739130434783,0.461538461538462,0.708333333333333,0.248908296943231,0.175824175824176,0.150943396226415,0.254901960784314,0.542857142857143,0.166666666666667,0.428571428571429,0.189473684210526,0.179856115107914,0.389937106918239,0.0789473684210526,0.818181818181818,0.48780487804878,0.7,0.8,0,
0.260869565217391,0.230769230769231,0.236111111111111,0.0960698689956332,0.0989010989010989,0.0754716981132075,0.0130718954248366,0.914285714285714,0,0.242857142857143,0.0210526315789474,0.013189448441247,0.226415094339623,0.0657894736842105,0.772727272727273,0.170731707317073,0.7,0.7,0,
0.326086956521739,0.346153846153846,0.333333333333333,0.205240174672489,0.164835164835165,0.113207547169811,0.117647058823529,0.714285714285714,0.0833333333333333,0.342857142857143,0.105263157894737,0.0827338129496403,0.327044025157233,0.0526315789473684,0.136363636363636,0.0487804878048781,0.9,0.966666666666667,0,
0.41304347826087,0.269230769230769,0.305555555555556,0.174672489082969,0.131868131868132,0.113207547169811,0.0980392156862745,0.742857142857143,0,0.3,0.1,0.0683453237410072,0.257861635220126,0.0394736842105263,0.590909090909091,0.024390243902439,0.933333333333333,0.966666666666667,0,
0.434782608695652,0.538461538461538,0.625,0.25764192139738,0.208791208791209,0.169811320754717,0.287581699346405,0.514285714285714,0.25,0.571428571428571,0.221052631578947,0.205035971223022,0.433962264150943,0.197368421052632,0.318181818181818,0.365853658536585,0.233333333333333,0.466666666666667,0,
0.347826086956522,0.115384615384615,0.388888888888889,0.161572052401747,0.131868131868132,0.113207547169811,0.176470588235294,0.6,0.0833333333333333,0.171428571428571,0.189473684210526,0.128297362110312,0.113207547169811,0.184210526315789,0.318181818181818,0.024390243902439,0.433333333333333,0.5,0,
0.478260869565217,0.538461538461538,0.666666666666667,0.253275109170306,0.186813186813187,0.169811320754717,0.30718954248366,0.485714285714286,0.25,0.557142857142857,0.242105263157895,0.224220623501199,0.477987421383648,0.157894736842105,0.545454545454545,0.317073170731707,0.433333333333333,0.566666666666667,0,
0.304347826086957,0.269230769230769,0.569444444444444,0.253275109170306,0.230769230769231,0.150943396226415,0.222222222222222,0.571428571428571,0.166666666666667,0.3,0.194736842105263,0.15947242206235,0.30188679245283,0.144736842105263,0,0.317073170731707,0.433333333333333,0.6,0,
0.5,0.461538461538462,0.652777777777778,0.283842794759825,0.21978021978022,0.150943396226415,0.274509803921569,0.514285714285714,0.166666666666667,0.442857142857143,0.194736842105263,0.200239808153477,0.408805031446541,0.105263157894737,0.409090909090909,0.195121951219512,0.533333333333333,0.666666666666667,0,
0.326086956521739,0.0384615384615385,0.25,0.157205240174672,0.131868131868132,0.0754716981132075,0.0980392156862745,0.742857142857143,0.0833333333333333,0.171428571428571,0.0947368421052632,0.0707434052757794,0.0251572327044025,0.0526315789473684,0.181818181818182,0.24390243902439,0.766666666666667,0.833333333333333,0,
0.282608695652174,0.230769230769231,0.25,0.091703056768559,0.0879120879120879,0.0566037735849057,0.0326797385620915,0.885714285714286,0,0.228571428571429,0.0526315789473684,0.0239808153477218,0.245283018867925,0.131578947368421,0.318181818181818,0.146341463414634,0.466666666666667,0.433333333333333,0,
0.369565217391304,0.423076923076923,0.402777777777778,0.209606986899563,0.186813186813187,0.0943396226415094,0.150326797385621,0.657142857142857,0.0833333333333333,0.385714285714286,0.184210526315789,0.105515587529976,0.333333333333333,0.210526315789474,0.136363636363636,0.0487804878048781,0.366666666666667,0.333333333333333,0,
0.369565217391304,0.5,0.555555555555556,0.170305676855895,0.164835164835165,0.169811320754717,0.30718954248366,0.485714285714286,0.25,0.542857142857143,0.205263157894737,0.218225419664269,0.484276729559748,0.197368421052632,0.772727272727273,0.170731707317073,0.3,0.4,0,
0.347826086956522,0.0769230769230769,0.416666666666667,0.148471615720524,0.120879120879121,0.0943396226415094,0.0915032679738562,0.771428571428571,0,0.142857142857143,0.0894736842105263,0.0635491606714628,0.0188679245283019,0.0657894736842105,0.181818181818182,0.463414634146341,0.766666666666667,0.866666666666667,0,
0.456521739130435,0.115384615384615,0.361111111111111,0.205240174672489,0.153846153846154,0.113207547169811,0.137254901960784,0.685714285714286,0.0833333333333333,0.242857142857143,0.126315789473684,0.0971223021582734,0.0628930817610063,0.0394736842105263,0.409090909090909,0.0731707317073171,0.833333333333333,0.9,0,
0.347826086956522,0.384615384615385,0.625,0.244541484716157,0.186813186813187,0.169811320754717,0.281045751633987,0.485714285714286,0.166666666666667,0.471428571428571,0.226315789473684,0.206235011990408,0.408805031446541,0.171052631578947,0.227272727272727,0.219512195121951,0.3,0.5,0,
0.347826086956522,0.269230769230769,0.541666666666667,0.218340611353712,0.186813186813187,0.132075471698113,0.209150326797386,0.571428571428571,0.166666666666667,0.3,0.2,0.152278177458034,0.251572327044025,0.157894736842105,0.363636363636364,0.170731707317073,0.4,0.533333333333333,0,
0.347826086956522,0.115384615384615,0.152777777777778,0.0218340611353712,0.0549450549450549,0.0754716981132075,0.0392156862745098,0.885714285714286,0,0.157142857142857,0.0368421052631579,0.026378896882494,0.10062893081761,0.276315789473684,0.0909090909090909,0.341463414634146,0.166666666666667,0.133333333333333,0,
0.608695652173913,0.692307692307692,1,0.423580786026201,0.131868131868132,0.169811320754717,0.666666666666667,0.171428571428571,0.583333333333333,0.628571428571429,0.489473684210526,0.579136690647482,0.534591194968553,0.0789473684210526,0,0.878048780487805,0.466666666666667,0.833333333333333,1,
0.608695652173913,0.846153846153846,0.944444444444444,0.541484716157205,0.241758241758242,0.188679245283019,0.673202614379085,0.142857142857143,0.583333333333333,0.714285714285714,0.521052631578947,0.599520383693046,0.660377358490566,0.157894736842105,0.0909090909090909,0.390243902439024,0.4,0.6,1,
0.782608695652174,0.807692307692308,0.875,0.441048034934498,0.175824175824176,0.169811320754717,0.718954248366013,0.114285714285714,0.666666666666667,0.814285714285714,0.521052631578947,0.642685851318945,0.654088050314465,0.157894736842105,0.272727272727273,0.341463414634146,0.366666666666667,0.633333333333333,1,
0.456521739130435,0.269230769230769,0.625,0.358078602620087,0.164835164835165,0.132075471698113,0.372549019607843,0.371428571428571,0.25,0.3,0.284210526315789,0.294964028776978,0.150943396226415,0.0263157894736842,0.0909090909090909,0.219512195121951,0.8,0.966666666666667,1,
0.760869565217391,0.615384615384615,0.875,0.419213973799127,0.164835164835165,0.150943396226415,0.61437908496732,0.171428571428571,0.5,0.528571428571429,0.510526315789474,0.540767386091127,0.666666666666667,0.171052631578947,0.272727272727273,0.390243902439024,0.433333333333333,0.566666666666667,1,
0.347826086956522,0.461538461538462,0.513888888888889,0.366812227074236,0.186813186813187,0.132075471698113,0.320261437908497,0.428571428571429,0.25,0.471428571428571,0.315789473684211,0.247002398081535,0.408805031446541,0.0921052631578947,0.181818181818182,0.0487804878048781,0.6,0.666666666666667,1,
0.717391304347826,0.807692307692308,0.847222222222222,0.51528384279476,0.21978021978022,0.188679245283019,0.718954248366013,0.114285714285714,0.666666666666667,0.785714285714286,0.515789473684211,0.643884892086331,0.572327044025157,0.144736842105263,0.136363636363636,0.0975609756097561,0.366666666666667,0.666666666666667,1,
0.478260869565217,0.538461538461538,0.569444444444444,0.314410480349345,0.131868131868132,0.0943396226415094,0.366013071895425,0.371428571428571,0.25,0.485714285714286,0.347368421052632,0.288968824940048,0.477987421383648,0.105263157894737,0.181818181818182,0.0975609756097561,0.5,0.566666666666667,1,
0.347826086956522,0.384615384615385,0.513888888888889,0.187772925764192,0.0769230769230769,0.113207547169811,0.209150326797386,0.571428571428571,0.166666666666667,0.4,0.173684210526316,0.148681055155875,0.408805031446541,0.0657894736842105,0.590909090909091,0.121951219512195,0.6,0.666666666666667,1,
0.91304347826087,0.692307692307692,0.833333333333333,0.423580786026201,0.142857142857143,0.188679245283019,0.549019607843137,0.228571428571429,0.5,0.628571428571429,0.405263157894737,0.466426858513189,0.471698113207547,0.0394736842105263,1,0.024390243902439,0.733333333333333,0.9,1,
0.521739130434783,0.423076923076923,0.777777777777778,0.397379912663755,0.175824175824176,0.132075471698113,0.477124183006536,0.285714285714286,0.416666666666667,0.371428571428571,0.378947368421053,0.393285371702638,0.352201257861635,0.0921052631578947,0.181818181818182,0.195121951219512,0.5,0.6,1,
0.695652173913043,0.769230769230769,0.902777777777778,0.349344978165939,0.10989010989011,0.169811320754717,0.647058823529412,0.142857142857143,0.583333333333333,0.714285714285714,0.494736842105263,0.571942446043165,0.685534591194969,0.157894736842105,0,0.365853658536585,0.333333333333333,0.533333333333333,1,
0.282608695652174,0.269230769230769,0.319444444444444,0.135371179039301,0.0989010989010989,0.0566037735849057,0.137254901960784,0.685714285714286,0.0833333333333333,0.242857142857143,0.115789473684211,0.0935251798561151,0.358490566037736,0.144736842105263,0.409090909090909,0.0487804878048781,0.366666666666667,0.333333333333333,1,
0.195652173913043,0.153846153846154,0.263888888888889,0.131004366812227,0.175824175824176,0.0943396226415094,0.150326797385621,0.714285714285714,0.0833333333333333,0.142857142857143,0.110526315789474,0.0959232613908873,0.213836477987421,0.302631578947368,0.5,0.585365853658537,0.1,0.133333333333333,1,
0.434782608695652,0.0384615384615385,0.444444444444444,0.174672489082969,0.0989010989010989,0.0754716981132075,0.137254901960784,0.685714285714286,0.0833333333333333,0.0714285714285714,0.147368421052632,0.0947242206235012,0.10062893081761,0.0526315789473684,0.227272727272727,0.48780487804878,0.8,0.833333333333333,1,
0.347826086956522,0.576923076923077,0.625,0.37117903930131,0.186813186813187,0.113207547169811,0.372549019607843,0.371428571428571,0.25,0.5,0.305263157894737,0.29136690647482,0.509433962264151,0.0657894736842105,0.727272727272727,0.121951219512195,0.633333333333333,0.666666666666667,1,
0.543478260869565,0.192307692307692,0.527777777777778,0.379912663755459,0.197802197802198,0.113207547169811,0.372549019607843,0.371428571428571,0.25,0.257142857142857,0.352631578947368,0.294964028776978,0.20125786163522,0.105263157894737,0.409090909090909,0.48780487804878,0.533333333333333,0.6,1,
0.326086956521739,0.192307692307692,0.25,0.14410480349345,0.142857142857143,0.0566037735849057,0.235294117647059,0.571428571428571,0.166666666666667,0.185714285714286,0.173684210526316,0.161870503597122,0.30188679245283,0.355263157894737,0.545454545454545,0,0.133333333333333,0.0666666666666667,1,
0.717391304347826,0.730769230769231,0.847222222222222,0.475982532751092,0.186813186813187,0.169811320754717,0.581699346405229,0.2,0.5,0.571428571428571,0.442105263157895,0.507194244604317,0.59748427672956,0.0789473684210526,0.0909090909090909,0.0975609756097561,0.533333333333333,0.766666666666667,1,
0.195652173913043,0.115384615384615,0.152777777777778,0.0436681222707424,0.0659340659340659,0.0377358490566038,0.150326797385621,0.685714285714286,0.0833333333333333,0.114285714285714,0.105263157894737,0.100719424460432,0.220125786163522,0.355263157894737,0.681818181818182,0.0975609756097561,0.166666666666667,0.0333333333333333,1,
0.695652173913043,0.807692307692308,0.944444444444444,0.567685589519651,0.252747252747253,0.188679245283019,0.673202614379085,0.142857142857143,0.583333333333333,0.714285714285714,0.505263157894737,0.603117505995204,0.748427672955975,0.118421052631579,0.181818181818182,0.536585365853659,0.433333333333333,0.666666666666667,1,
0.282608695652174,0.307692307692308,0.333333333333333,0.192139737991266,0.153846153846154,0.0566037735849057,0.248366013071895,0.542857142857143,0.166666666666667,0.285714285714286,0.184210526315789,0.178657074340528,0.40251572327044,0.276315789473684,0.227272727272727,0.195121951219512,0.2,0.133333333333333,1,
0.282608695652174,0.346153846153846,0.333333333333333,0.0786026200873362,0.0769230769230769,0.0754716981132075,0.235294117647059,0.571428571428571,0.166666666666667,0.357142857142857,0.210526315789474,0.161870503597122,0.389937106918239,0.368421052631579,0.0454545454545455,0.0731707317073171,0.1,0.0333333333333333,2,
0.260869565217391,0.346153846153846,0.416666666666667,0.11353711790393,0.0989010989010989,0.0943396226415094,0.248366013071895,0.542857142857143,0.166666666666667,0.385714285714286,0.247368421052632,0.172661870503597,0.39622641509434,0.302631578947368,0.454545454545455,0.341463414634146,0.166666666666667,0.133333333333333,2,
0.239130434782609,0.384615384615385,0.5,0.331877729257642,0.307692307692308,0.0943396226415094,0.281045751633987,0.485714285714286,0.166666666666667,0.357142857142857,0.263157894736842,0.209832134292566,0.40251572327044,0.236842105263158,0.227272727272727,0.292682926829268,0.3,0.3,2,
0.173913043478261,0.538461538461538,0.402777777777778,0.183406113537118,0.186813186813187,0.0754716981132075,0.254901960784314,0.514285714285714,0.166666666666667,0.414285714285714,0.215789473684211,0.18705035971223,0.540880503144654,0.210526315789474,0.227272727272727,0,0.233333333333333,0.233333333333333,2,
0.5,0.538461538461538,0.513888888888889,0.436681222707424,0.274725274725275,0.0754716981132075,0.359477124183007,0.342857142857143,0.25,0.457142857142857,0.305263157894737,0.293764988009592,0.459119496855346,0.131578947368421,0.272727272727273,0.390243902439024,0.766666666666667,0.733333333333333,2,
0.260869565217391,0.384615384615385,0.361111111111111,0.0829694323144105,0.0989010989010989,0.0754716981132075,0.235294117647059,0.571428571428571,0.166666666666667,0.385714285714286,0.189473684210526,0.161870503597122,0.389937106918239,0.342105263157895,0.272727272727273,0.268292682926829,0.1,0.0333333333333333,2,
0.673913043478261,0.615384615384615,0.680555555555556,0.279475982532751,0.0769230769230769,0.0377358490566038,0.65359477124183,0.142857142857143,0.583333333333333,0.5,0.568421052631579,0.597122302158273,0.559748427672956,0.25,0.0454545454545455,0.560975609756098,0.466666666666667,0.266666666666667,2,
0.282608695652174,0.461538461538462,0.430555555555556,0.222707423580786,0.208791208791209,0.0943396226415094,0.222222222222222,0.542857142857143,0.166666666666667,0.371428571428571,0.194736842105263,0.165467625899281,0.421383647798742,0.171052631578947,0.227272727272727,0.146341463414634,0.433333333333333,0.5,2,
0.282608695652174,0.346153846153846,0.347222222222222,0.091703056768559,0.0769230769230769,0.0943396226415094,0.248366013071895,0.542857142857143,0.166666666666667,0.314285714285714,0.215789473684211,0.171462829736211,0.39622641509434,0.342105263157895,0.0909090909090909,0.195121951219512,0.133333333333333,0.0333333333333333,2,
0.543478260869565,0.269230769230769,0.513888888888889,0.292576419213974,0.153846153846154,0.0754716981132075,0.392156862745098,0.314285714285714,0.333333333333333,0.3,0.352631578947368,0.327338129496403,0.20125786163522,0.171052631578947,0.181818181818182,0.414634146341463,0.766666666666667,0.666666666666667,2,
0.58695652173913,0.576923076923077,0.763888888888889,0.458515283842795,0.230769230769231,0.0943396226415094,0.568627450980392,0.171428571428571,0.5,0.457142857142857,0.452631578947368,0.504796163069544,0.572327044025157,0.184210526315789,0.318181818181818,0.268292682926829,0.533333333333333,0.433333333333333,2,
0.217391304347826,0.5,0.458333333333333,0.14410480349345,0.131868131868132,0.0754716981132075,0.235294117647059,0.542857142857143,0.166666666666667,0.4,0.194736842105263,0.171462829736211,0.465408805031447,0.210526315789474,0.363636363636364,0,0.3,0.333333333333333,2,
0.195652173913043,0.461538461538462,0.388888888888889,0.200873362445415,0.241758241758242,0.0566037735849057,0.235294117647059,0.542857142857143,0.166666666666667,0.371428571428571,0.205263157894737,0.165467625899281,0.471698113207547,0.276315789473684,0.227272727272727,0,0.166666666666667,0.1,2,
0.152173913043478,0.461538461538462,0.430555555555556,0.104803493449782,0.0989010989010989,0.0943396226415094,0.254901960784314,0.542857142857143,0.166666666666667,0.414285714285714,0.215789473684211,0.183453237410072,0.421383647798742,0.263157894736842,0.136363636363636,0.390243902439024,0.166666666666667,0.2,2,
0.347826086956522,0.269230769230769,0.444444444444444,0.222707423580786,0.175824175824176,0.0943396226415094,0.222222222222222,0.542857142857143,0.166666666666667,0.242857142857143,0.236842105263158,0.164268585131894,0.226415094339623,0.171052631578947,0.181818181818182,0.24390243902439,0.533333333333333,0.5,2,
0.717391304347826,0.807692307692308,0.902777777777778,0.262008733624454,0.010989010989011,0.0566037735849057,0.882352941176471,0.0285714285714286,0.833333333333333,0.671428571428571,0.731578947368421,0.847721822541966,0.842767295597484,0.328947368421053,0.545454545454545,0.024390243902439,0.166666666666667,0.0333333333333333,2,
0.260869565217391,0.384615384615385,0.361111111111111,0.0829694323144105,0.0879120879120879,0.0943396226415094,0.248366013071895,0.542857142857143,0.166666666666667,0.4,0.221052631578947,0.170263788968825,0.40251572327044,0.315789473684211,0.181818181818182,0.365853658536585,0.133333333333333,0.0666666666666667,2,
0.478260869565217,0.115384615384615,0.458333333333333,0.379912663755459,0.285714285714286,0.0754716981132075,0.287581699346405,0.428571428571429,0.166666666666667,0.114285714285714,0.284210526315789,0.227817745803357,0.0943396226415094,0.157894736842105,0.0909090909090909,0.463414634146341,0.766666666666667,0.766666666666667,2,
0.58695652173913,0.653846153846154,0.805555555555556,0.436681222707424,0.175824175824176,0.0754716981132075,0.69281045751634,0.114285714285714,0.583333333333333,0.542857142857143,0.536842105263158,0.641486810551559,0.654088050314465,0.236842105263158,0.363636363636364,0.170731707317073,0.433333333333333,0.266666666666667,2,
0.173913043478261,0.346153846153846,0.319444444444444,0.091703056768559,0.0879120879120879,0.113207547169811,0.241830065359477,0.571428571428571,0.166666666666667,0.385714285714286,0.189473684210526,0.163069544364508,0.39622641509434,0.355263157894737,0.318181818181818,0.170731707317073,0.1,0.0333333333333333,2,
0.804347826086957,0.884615384615385,0.875,0.519650655021834,0.186813186813187,0.0566037735849057,0.901960784313726,0,0.833333333333333,0.728571428571429,0.789473684210526,0.892086330935252,0.817610062893082,0.342105263157895,0.181818181818182,0.146341463414634,0.266666666666667,0.0666666666666667,2,
0.608695652173913,0.807692307692308,0.916666666666667,0.366812227074236,0.10989010989011,0.0943396226415094,0.810457516339869,0.0571428571428571,0.75,0.657142857142857,0.663157894736842,0.778177458033573,0.905660377358491,0.289473684210526,0.272727272727273,0.341463414634146,0.3,0.133333333333333,2,
0.195652173913043,0.230769230769231,0.638888888888889,0.157205240174672,0.0769230769230769,0.0943396226415094,0.26797385620915,0.542857142857143,0.166666666666667,0.228571428571429,0.231578947368421,0.184652278177458,0.188679245283019,0.157894736842105,0.5,0.439024390243902,0.233333333333333,0.266666666666667,3,
0.760869565217391,0.692307692307692,0.875,0.406113537117904,0.142857142857143,0.169811320754717,0.647058823529412,0.142857142857143,0.583333333333333,0.6,0.484210526315789,0.571942446043165,0.490566037735849,0.105263157894737,0.318181818181818,0.0731707317073171,0.466666666666667,0.633333333333333,3,
0.195652173913043,0.192307692307692,0.180555555555556,0.091703056768559,0.131868131868132,0.0566037735849057,0.137254901960784,0.714285714285714,0.0833333333333333,0.142857142857143,0.115789473684211,0.0899280575539568,0.232704402515723,0.368421052631579,0,0,0.0333333333333333,0.0666666666666667,3,
0.41304347826087,0.192307692307692,0.472222222222222,0.323144104803493,0.164835164835165,0.132075471698113,0.320261437908497,0.428571428571429,0.25,0.242857142857143,0.268421052631579,0.244604316546763,0.144654088050314,0.0526315789473684,0.318181818181818,0.707317073170732,0.7,0.833333333333333,3,
0.673913043478261,0.730769230769231,0.847222222222222,0.445414847161572,0.164835164835165,0.150943396226415,0.562091503267974,0.2,0.5,0.614285714285714,0.405263157894737,0.483213429256595,0.59748427672956,0.0657894736842105,0.0909090909090909,0.121951219512195,0.633333333333333,0.766666666666667,3,
0.478260869565217,0.346153846153846,0.777777777777778,0.406113537117904,0.197802197802198,0.132075471698113,0.431372549019608,0.314285714285714,0.333333333333333,0.328571428571429,0.363157894736842,0.347721822541966,0.251572327044025,0.105263157894737,0.0454545454545455,0.707317073170732,0.566666666666667,0.633333333333333,3,
0.608695652173913,0.576923076923077,0.930555555555556,0.51528384279476,0.230769230769231,0.150943396226415,0.627450980392157,0.171428571428571,0.583333333333333,0.514285714285714,0.536842105263158,0.547961630695444,0.59748427672956,0.144736842105263,0.227272727272727,0.926829268292683,0.466666666666667,0.7,3,
0.478260869565217,0.576923076923077,0.888888888888889,0.480349344978166,0.21978021978022,0.132075471698113,0.607843137254902,0.171428571428571,0.5,0.471428571428571,0.510526315789474,0.532374100719424,0.584905660377358,0.197368421052632,0.227272727272727,0.219512195121951,0.333333333333333,0.4,3,
0.739130434782609,0.461538461538462,0.722222222222222,0.406113537117904,0.164835164835165,0.150943396226415,0.496732026143791,0.257142857142857,0.416666666666667,0.428571428571429,0.378947368421053,0.410071942446043,0.314465408805031,0.0657894736842105,0.545454545454545,0.48780487804878,0.633333333333333,0.733333333333333,3,
0.260869565217391,0.115384615384615,0.444444444444444,0.100436681222707,0.0989010989010989,0.0943396226415094,0.0980392156862745,0.8,0.0833333333333333,0.1,0.0736842105263158,0.0587529976019185,0.0880503144654088,0.144736842105263,0.136363636363636,0.731707317073171,0.266666666666667,0.433333333333333,3,
0.630434782608696,0.692307692307692,0.944444444444444,0.388646288209607,0.10989010989011,0.150943396226415,0.65359477124183,0.142857142857143,0.583333333333333,0.628571428571429,0.468421052631579,0.574340527577938,0.471698113207547,0.0921052631578947,0.318181818181818,0.51219512195122,0.5,0.666666666666667,3,
0.239130434782609,0.230769230769231,0.694444444444444,0.331877729257642,0.142857142857143,0.0943396226415094,0.42483660130719,0.314285714285714,0.333333333333333,0.185714285714286,0.415789473684211,0.341726618705036,0.226415094339623,0.157894736842105,0.181818181818182,0.926829268292683,0.466666666666667,0.566666666666667,3,
0.347826086956522,0.346153846153846,0.486111111111111,0.157205240174672,0.0879120879120879,0.0754716981132075,0.215686274509804,0.571428571428571,0.166666666666667,0.3,0.210526315789474,0.15347721822542,0.358490566037736,0.157894736842105,0.681818181818182,0.634146341463415,0.5,0.566666666666667,3,
0.217391304347826,0.230769230769231,0.402777777777778,0.100436681222707,0.0769230769230769,0.0566037735849057,0.150326797385621,0.657142857142857,0.0833333333333333,0.185714285714286,0.131578947368421,0.107913669064748,0.333333333333333,0.131578947368421,0.727272727272727,0.146341463414634,0.366666666666667,0.3,3,
0.434782608695652,0.0384615384615385,0.361111111111111,0.157205240174672,0.0989010989010989,0.0943396226415094,0.117647058823529,0.714285714285714,0.0833333333333333,0.0285714285714286,0.110526315789474,0.0803357314148681,0.0314465408805031,0.0394736842105263,0.227272727272727,0.707317073170732,0.833333333333333,0.866666666666667,3,
0.521739130434783,0.846153846153846,0.777777777777778,0.2882096069869,0.0769230769230769,0.150943396226415,0.679738562091503,0.142857142857143,0.583333333333333,0.785714285714286,0.468421052631579,0.600719424460432,0.685534591194969,0.210526315789474,0,0.0975609756097561,0.266666666666667,0.4,3,
0.521739130434783,0.538461538461538,0.569444444444444,0.344978165938865,0.186813186813187,0.113207547169811,0.366013071895425,0.371428571428571,0.25,0.457142857142857,0.331578947368421,0.290167865707434,0.459119496855346,0.144736842105263,0.5,0.0487804878048781,0.533333333333333,0.566666666666667,3,
0.695652173913043,0.807692307692308,0.777777777777778,0.353711790393013,0.10989010989011,0.150943396226415,0.699346405228758,0.114285714285714,0.666666666666667,0.742857142857143,0.531578947368421,0.62589928057554,0.679245283018868,0.210526315789474,0.227272727272727,0.292682926829268,0.366666666666667,0.466666666666667,3,
0.565217391304348,0.923076923076923,0.833333333333333,0.318777292576419,0.0769230769230769,0.207547169811321,0.73202614379085,0.114285714285714,0.666666666666667,1,0.489473684210526,0.649880095923261,0.654088050314465,0.171052631578947,0.181818181818182,0.170731707317073,0.3,0.566666666666667,3,
0.239130434782609,0.269230769230769,0.430555555555556,0.117903930131004,0.0879120879120879,0.0943396226415094,0.248366013071895,0.542857142857143,0.166666666666667,0.228571428571429,0.194736842105263,0.175059952038369,0.352201257861635,0.276315789473684,0.545454545454545,0.024390243902439,0.133333333333333,0.166666666666667,3,
0.608695652173913,0.769230769230769,0.875,0.432314410480349,0.175824175824176,0.132075471698113,0.542483660130719,0.228571428571429,0.416666666666667,0.628571428571429,0.421052631578947,0.464028776978417,0.635220125786163,0.118421052631579,0.227272727272727,0.121951219512195,0.5,0.566666666666667,3,
